0         406.825         491.859
1          388.74          466.92
2         372.002         438.412
3         352.511         413.347
4         341.345         394.085
5         327.344         377.135
6         312.517          360.89
7         302.339         344.981
8         286.714         328.814
9         266.637          314.87
10         260.755         301.071
11         255.844         286.654
12         247.769         274.699
13         235.393         265.497
14         231.627         258.357
15         225.956         250.835
16         219.525         243.013
17         211.265         235.694
18         208.098         228.726
19         203.468         221.825
20         199.961         215.515
21         195.605         210.666
22         192.666         206.728
23         189.934         203.089
24         186.749         199.524
25         179.952         196.173
26          175.48         192.745
27         170.685         188.494
28         166.166          183.57
29         163.485         178.761
30         161.266          174.34
31         159.073          170.07
32         156.131         166.368
33             154         163.308
34         151.888         160.736
35         150.573         158.296
36         145.946         155.996
37         143.857         153.952
38         142.585         151.677
39         140.717         148.853
40         137.834         146.291
41         136.533         144.198
42          133.61         142.208
43         132.144         140.193
44         131.144         138.319
45         130.672         136.717
46          129.61         135.163
47         128.175         133.785
48         127.485         132.912
49          126.71         131.974
50         125.723         130.578
51         123.918          129.19
52         121.493         128.087
53         118.536         127.056
54         116.178          125.69
55         115.057         123.799
56         114.069          121.24
57         112.351          118.69
58         111.525         116.603
59         109.666         114.905
60         107.733         113.447
61         107.061         112.484
62         105.706         112.128
63         104.325         111.732
64         103.066         110.617
65         102.384         108.752
66         102.176         106.763
67         100.909         105.072
68         99.4323         103.867
69         97.2753         102.845
70         96.3973         101.776
71         95.6213          100.34
72         95.0095         98.8215
73         93.3501         97.4569
74         92.0343         96.3073
75         91.5703         95.1936
76         90.3044         94.0254
77          89.747         92.9368
78         89.3249         91.9027
79         88.4285         91.0164
80         87.9645          90.293
81         87.5337         89.6069
82         87.3093         88.9289
83         86.3063         88.3593
84         85.6177         87.9271
85         84.9657         87.4031
86         84.3972         86.7553
87         83.8705         86.0693
88         82.8428         85.4028
89          82.076         84.8141
90         81.5075         84.1265
91         81.5075         83.3052
92         81.2407         82.5277
93         81.1016         82.0068
94         79.6533         81.6854
95         79.3272         81.4222
96         78.9446         81.0652
97         78.5674         80.4696
98          78.231         79.8124
99         77.8475         79.2552
100         77.5335         78.8263
101         77.3564          78.469
102         76.9507         78.1305
103         76.7986         77.8435
104         76.4713         77.6039
105          76.213         77.3206
106         75.3779         77.0281
107         75.1709         76.6373
108         74.9134         76.1969
109         74.5543         75.7614
110         74.4728         75.3828
111         74.2465         75.0497
112         73.9775         74.7811
113         73.3724         74.5678
114         72.8771         74.3277
115         72.8168         73.9792
116         72.8168         73.5396
117         72.8168         73.1976
118         72.7251         72.9835
119         72.7251         72.8698
120         72.5621         72.8168
121         72.4704         72.7727
122         72.4541         72.7164
123          72.347         72.6258
124          72.347         72.5424
125         72.1219         72.4739
126          71.754         72.4189
127          71.754         72.4274
128          71.547         72.4693
129         71.4376         72.3225
130         71.4376         72.0568
131         71.3459         71.7589
132         71.1704         71.5783
133         70.6045         71.4795
134         70.4966         71.3662
135         70.1378         71.1455
136         70.1059         70.8706
137         70.1059         70.6151
138         70.0799         70.3905
139         69.7432         70.2352
140         69.4766         70.1501
141         69.4603         70.0442
142         68.9374         69.8745
143         68.9374         69.6843
144         68.5937         69.4744
145         68.4444         69.2346
146         68.4444         69.0238
147         68.4444         68.8012
148         68.4444         68.6321
149         68.4444         68.5252
150         68.4444         68.4768
151         68.3926         68.4522
152         68.3926         68.4453
153         68.3926         68.4351
154         68.3926         68.4184
155         68.3531         68.4048
156         68.3531         68.3975
157         68.3531         68.4374
158         68.3531         68.6054
159         68.3225         68.6308
160         68.3225           68.58
161         68.3225          68.597
162         68.3225         68.6933
163         68.0338         68.6511
164         67.9531         68.5505
165         67.9531         68.4335
166         67.9531         68.3164
167         67.9531         68.1659
168         67.9531         68.0501
169         67.9531         67.9925
170         67.9531          67.966
171         67.9531         67.9548
172         67.9531         67.9531
173         67.9531         68.3108
174         67.9531         69.6381
175         67.9531         70.6428
176          67.788          70.519
177          67.788         69.6867
178          67.788         68.9487
179         67.3951         68.5824
180         67.3951         68.2207
181         67.3951         67.8763
182         67.3004         67.6292
183         67.2949         67.4896
184         67.2949         67.4164
185         67.2949         67.3614
186         67.0298         67.3247
187         67.0243         67.3056
188         66.9875         67.2545
189         66.7919         67.1649
190         66.7919         67.0831
191         66.7919         66.9991
192         66.7919         66.9038
193         66.7919         66.8415
194         66.7919          66.811
195         66.7919         66.7966
196         66.6016         66.7919
197         66.6016         66.7898
198         66.6016         66.7617
199         66.6016         66.7042
200         66.6016         66.6547
201         66.6016         66.6263
202         66.6016         66.6121
203         66.6016         66.6045
204         66.6016         66.6016
205         66.6016         66.6016
206         66.6016         66.6016
207         66.6016         66.6016
208         66.6016         66.6016
209         66.2692         66.6016
210         66.2692         66.5974
211         66.2458         66.5486
212         66.2458         66.5122
213         66.2458         66.4128
214         66.2458         66.3081
215         66.2458         66.2611
216         66.2458         66.2481
217         66.2458         66.2464
218         66.2458         66.2458
219         66.2458         66.2458
220         66.2458         66.2458
221         66.2458         66.2458
222         66.2458         66.2458
223         66.2458         66.2458
224         66.2458         66.2458
225         66.2458         66.2458
226         66.2458         66.2458
227         66.2143         66.2458
228         66.2143         66.2454
229         66.2143         66.2405
230         66.2143         66.2305
231         66.2143         66.2249
232         66.2143         66.2177
233         65.6052         66.2154
234         65.6052         66.2063
235         65.6052          66.108
236         65.6052         65.9143
237         65.6052         65.7535
238         65.6052         65.6654
239         65.6052         65.6242
240         65.6052         65.6054
241         65.6052         65.6052
242         65.6052         65.6052
243         65.6052         65.6052
244         65.6052         65.6052
245         65.6052         65.6052
246         65.6052         65.6052
247         65.6052         65.6052
248         65.6052         65.6052
249         65.6052         65.6052
250         65.6052         65.6052
251         65.6052         65.6052
252         65.6052         65.6052
253         65.6052         65.6052
254         65.6052         65.6052
255         65.6052         65.6052
256         65.6052         65.6052
257         65.6052         65.6052
258         65.6052         65.6052
259         65.6052         65.6052
260         65.6052         65.6052
261         65.6052         65.6052
262         65.6052         65.6052
263         65.6052         65.6052
264         65.6052         65.6052
265         65.6052         65.6052
266         65.6052         65.6052
267         65.6052         65.6052
268         65.6052         65.6052
269         65.6052         65.6052
270         65.6052         65.6052
271         65.6052         65.6052
272         65.6052         65.6052
273         65.6052         65.6052
274         65.6052         65.6052
275         65.6052         65.6052
276         65.6052         65.6052
277         65.6052         65.6052
278         65.6052         65.6052
279         65.6052         65.6052
280         65.6052         65.6052
281         65.6052         65.6052
282         65.6052         65.6052
283         65.6052         65.6052
284         65.6052         65.6052
285         65.6052         65.6052
286         65.6052         65.6052
287         65.6052         65.6052
288         65.6052         65.6052
289         65.6052         65.6052
290         65.6052         65.6052
291         65.6052         65.6052
292         65.6052         65.6052
293         65.6052         65.6052
294         65.6052         65.6052
295         65.6052         65.6052
296         65.6052         65.6052
297         65.6052         65.6052
298         65.6052         65.6052
299         65.6052         65.6052
300         65.6052         65.6052
301         65.6052         65.6052
302         65.6052         65.6052
303         65.6052         65.6052
304         65.6052         65.6052
305         65.6052         65.6052
306         65.6052         65.6052
307         65.6052         65.6052
308         65.6052         65.6052
309         65.6052         65.6052
310         65.6052         65.6052
311         65.6052         65.6052
312         65.6052         65.6052
313         65.6052         65.6052
314         65.6052         65.6052
315         65.6052         65.6052
316         65.6052         65.6052
317         65.6052         65.6052
318         65.6052         65.6052
319         65.6052         65.6052
320         65.6052         65.6052
321         65.6052         65.6052
322         65.6052         65.6052
323         65.6052         65.6052
324         65.6052         65.6052
325         65.6052         65.6052
326         65.6052         65.6052
327         65.6052         65.6052
328         65.6052         65.6052
329         65.6052         65.6052
330         65.6052         65.6052
331         65.6052         65.6052
332         65.6052         65.6052
333         65.6052         65.6052
334         65.6052         65.6052
335         65.6052         65.6052
336         65.6052         65.6052
337         65.6052         65.6052
338         65.6052         65.6052
339         65.6052         65.6052
340         65.6052         65.6052
341         65.6052         65.6052
342         65.6052         65.6052
343         65.6052         65.6052
344         65.6052         65.6052
345         65.6052         65.6052
346         65.6052         65.6052
347         65.6052         65.6052
348         65.6052         65.6052
349         65.6052         65.6052
350         65.6052         65.6052
351         65.6052         65.6052
352         65.6052         65.6052
353         65.6052         65.6052
354         65.6052         65.6052
355         65.6052         65.6052
356         65.6052         65.6052
357         65.6052         65.6052
358         65.6052         65.6052
359         65.6052         65.6052
360         65.6052         65.6052
361         65.6052         65.6052
362         65.6052         65.6052
363         65.6052         65.6052
364         65.6052         65.6052
365         65.6052         65.6052
366         65.6052         65.6052
367         65.6052         65.6052
368         65.6052         65.6052
369         65.6052         65.6052
370         65.6052         65.6052
371         65.6052         65.6052
372         65.6052         65.6052
373         65.6052         65.6052
374         65.6052         65.6052
375         65.6052         65.6052
376         65.6052         65.6052
377         65.6052         65.6052
378         65.6052         65.6052
379         65.6052         65.6052
380         65.6052         65.6052
381         65.6052         65.6052
382         65.6052         65.6052
383         65.6052         65.6052
384         65.6052         65.6052
385         65.6052         65.6052
386         65.6052         65.6052
387         65.6052         65.6052
388         65.6052         65.6052
389         65.6052         65.6052
390         65.6052         65.6052
391         65.6052         65.6052
392         65.6052         65.6052
393         65.6052         65.6052
394         65.6052         65.6052
395         65.6052         65.6052
396         65.6052         65.6052
397         65.6052         65.6052
398         65.6052         65.6052
399         65.6052         65.6052
