0         400.262         491.843
1         387.747         466.578
2         364.476          437.87
3          353.14          411.38
4         335.709         391.123
5         322.376         374.184
6         308.959         355.594
7         298.912         338.652
8         286.888          323.18
9         277.476         310.832
10          266.59         300.424
11          257.95          290.84
12          250.59         280.829
13         243.559         271.283
14         237.483         262.944
15         229.825         255.445
16          223.26         248.822
17         217.815         242.236
18         209.564         235.056
19         205.502         227.714
20          199.65          220.36
21         193.417         213.765
22         183.412         208.424
23         181.147         203.069
24         177.669         196.339
25          170.46         189.042
26         165.453         183.021
27          162.15         177.699
28         159.767         172.508
29         156.768         167.753
30         150.542         163.991
31         148.712         160.847
32         145.519         157.373
33           143.4         153.478
34         140.073         149.894
35         138.012         146.855
36         136.612         144.328
37          131.83         142.185
38         128.985         140.258
39         126.183         137.725
40          124.43         134.452
41         121.251         131.231
42         118.869         128.457
43         117.743         125.931
44         116.014         123.808
45         114.176          122.01
46           112.9         120.489
47         112.124         118.544
48         111.188         116.498
49          109.71         114.864
50         109.238         113.796
51         107.865         112.808
52         105.345         111.767
53         104.741         110.684
54         104.058         109.215
55         102.991         107.535
56         101.042         106.087
57         99.6089         104.847
58         99.1726         103.656
59         98.6261         102.304
60         97.8742         101.107
61         97.8742         100.391
62         97.6598         100.024
63         96.9516         99.6202
64         96.5228         99.0089
65         96.0637         98.4552
66         95.1515         98.0028
67         94.4895         97.5748
68          94.052         97.2106
69         93.6796         96.6681
70         93.0991         95.9509
71         92.4505         95.1727
72         91.9506         94.4102
73         90.8783         93.7528
74         90.2948         93.1161
75         89.9746            92.5
76         89.3794         91.7798
77         89.0097         91.2333
78         88.5785         90.9302
79         88.2742         90.7432
80         87.7572         90.5938
81         87.6101         90.2739
82         87.0612          89.774
83         86.9708         89.1515
84         86.3771         88.7199
85         86.0517         88.5295
86          85.458         88.2572
87         84.5386         87.8025
88         84.3397         87.0307
89         83.8459         86.1861
90          83.647         85.4427
91          83.136         84.8195
92         82.8149         84.3202
93         82.3435         84.0402
94         82.1027         83.9901
95         81.1333         83.8628
96         81.1333         83.5799
97         80.4277         83.3153
98          79.959         83.0531
99         79.2301         82.5738
100         78.9437         81.9815
101          78.438         81.3532
102          78.438         80.6499
103         78.1151         80.0913
104         77.3208         79.6707
105         77.3208         79.1464
106          76.932         78.9145
107         76.6566         79.0041
108         76.1498         78.7039
109         75.6115         78.0759
110         75.2808         77.3619
111         75.2808         76.7056
112         74.9618         76.1364
113         74.9618          75.702
114         74.7328         75.4012
115         74.7328         75.1846
116         74.6685          75.021
117         74.4395         74.8921
118         74.2953         74.7853
119         74.1047         74.6609
120         73.8774         74.5331
121         73.7333         74.3831
122         73.7333         74.1922
123         73.3685         74.0028
124         72.8064         73.8602
125         72.8064         73.6826
126         72.8064         73.3599
127         72.8064         73.0721
128         72.6066         72.9172
129         72.4856         72.8439
130         72.4856         72.8676
131         72.4283            73.1
132         72.4283         72.9814
133         72.4261         72.6726
134         72.2975         72.5098
135          72.193         72.7662
136         72.1775          73.188
137         72.1775         73.2598
138         72.1775         73.2828
139         72.1775         73.1866
140         71.7877         72.7771
141         71.7722         72.4279
142         71.7715         72.4282
143         71.7715         72.5566
144         71.5491         72.4493
145         71.4895         72.1697
146         71.4291         71.9436
147         70.8288         72.1983
148         70.8288         73.1046
149         70.6065          73.613
150         70.6065         72.9749
151         70.5814         71.9974
152         70.5814         71.2689
153          70.359         71.0893
154          70.359          71.126
155          70.359         71.0244
156          70.359         70.7848
157          70.359         70.5769
158         70.3082         70.4329
159         70.3082         70.3837
160         70.3082         70.4753
161         70.2119         70.6503
162         70.1982         70.7074
163         70.1982          70.688
164         70.1982         70.6576
165         70.1982         70.6021
166         70.0217         70.4594
167         69.6454         70.3444
168         69.6454         70.3706
169         69.6454         70.3829
170         69.6454         70.2307
171         69.6454         69.9996
172         69.6454         69.8153
173         69.6454         69.6884
174         69.4997         69.6511
175         69.4997         69.6442
176         69.4997         69.6221
177         69.4374          69.576
178         69.4374         69.5366
179         69.4374         69.5061
180         69.4374         69.4765
181         69.4374         69.4545
182         69.4374         69.4445
183         69.4374           69.44
184         69.4374         69.4379
185         69.4374         69.4374
186         69.4374         69.4374
187         69.4374         69.4374
188         69.4374         69.4374
189         69.4374         69.4374
190         69.3955         69.4374
191         69.3955         69.4368
192         69.3955           69.43
193         69.2257         69.4167
194         69.2257         69.4034
195         69.1799         69.3685
196         69.1799           69.31
197         69.1799         69.2554
198         69.1799         69.2162
199         69.1799         69.1948
200         69.1799          69.184
201         69.1799         69.1811
202         69.1799         69.1799
203         69.1385         69.1798
204         69.1385         69.1796
205         69.1385         69.5086
206         69.1385         70.6742
207         69.1385         71.5389
208         69.1385         71.1974
209         69.1385         70.3834
210         69.1385         69.7338
211         69.1385         69.3645
212         69.1385         69.1819
213         69.0906         69.1409
214         69.0906         69.1378
215         69.0725         69.2812
216         69.0725         69.6817
217         69.0725           69.55
218         69.0725         69.2321
219         69.0725         69.0974
220         69.0725         69.0736
221         69.0725         69.0728
222         69.0725         69.0725
223         69.0725         69.0725
224         69.0725         69.0725
225         69.0725         69.0725
226         69.0725         69.0725
227         69.0725         69.0725
228         69.0725         69.0725
229         69.0725         69.0725
230         69.0725         69.0725
231         69.0725         69.0725
232         69.0725         69.0725
233         69.0725         69.0725
234         69.0725         69.0725
235         69.0725         69.0725
236         69.0725         69.0725
237         69.0725         69.0725
238         69.0725         69.0725
239         69.0725         69.0725
240         69.0725         69.0725
241         69.0725         69.0725
242         69.0725         69.0725
243         69.0725         69.0725
244         69.0725         69.0725
245         69.0725         69.0725
246         69.0725         69.0725
247         69.0725         69.0725
248         69.0725         69.0725
249         69.0725         69.0725
250         69.0725         69.0725
251         69.0725         69.0725
252         69.0725         69.0725
253         69.0725         69.0725
254         69.0725         69.0725
255         69.0725         69.0725
256         69.0725         69.0725
257         69.0725         69.0725
258         69.0725         69.0725
259         69.0725         69.0725
260         69.0725         69.0725
261         69.0725         69.0725
262         69.0725         69.0725
263         69.0725         69.0725
264         69.0725         69.0725
265         69.0725         69.0725
266         69.0725         69.0725
267         69.0725         69.0725
268         69.0725         69.0725
269         69.0725         69.0725
270         69.0725         69.0725
271         69.0725         69.0725
272         69.0725         69.0725
273         69.0725         69.0725
274         69.0725         69.0725
275         69.0725         69.0725
276         69.0725         69.0725
277         69.0725         69.0725
278         69.0725         69.0725
279         69.0725         69.0725
280         69.0725         69.0725
281         69.0725         69.0725
282         69.0725         69.0725
283         69.0725         69.0725
284         69.0725         69.0725
285         69.0725         69.0725
286         69.0725         69.0725
287         69.0725         69.0725
288         69.0725         69.0725
289         69.0725         69.0725
290         69.0725         69.0725
291         69.0725         69.0725
292         69.0725         69.0725
293         69.0725         69.0725
294         69.0725         69.0725
295         69.0725         69.0725
296         69.0725         69.0725
297         69.0725         69.0725
298         69.0725         69.0725
299         69.0725         69.0725
300         69.0725         69.0725
301         69.0725         69.0725
302         69.0725         69.0725
303         69.0725         69.0725
304         69.0725         69.0725
305         69.0725         69.0725
306         69.0725         69.0725
307         69.0725         69.0725
308         69.0725         69.0725
309         69.0725         69.0725
310         69.0725         69.0725
311         69.0725         69.0725
312         69.0725         69.0725
313         69.0725         69.0725
314         69.0725         69.0725
315         69.0725         69.0725
316         69.0725         69.0725
317         69.0725         69.0725
318         69.0725         69.0725
319         69.0725         69.0725
320         69.0725         69.0725
321         69.0725         69.0725
322         69.0725         69.0725
323         69.0725         69.0725
324         69.0725         69.0725
325         69.0725         69.0725
326         69.0725         69.0725
327         69.0725         69.0725
328         69.0725         69.0725
329         69.0725         69.0725
330         69.0725         69.0725
331         69.0725         69.0725
332         69.0725         69.0725
333         69.0725         69.0725
334         69.0725         69.0725
335         69.0725         69.0725
336         69.0725         69.0725
337         69.0725         69.0725
338         69.0725         69.0725
339         69.0725         69.0725
340         69.0725         69.0725
341         69.0725         69.0725
342         69.0725         69.0725
343         69.0725         69.0725
344         69.0725         69.0725
345         69.0725         69.0725
346         69.0725         69.0725
347         69.0725         69.0725
348         69.0725         69.0725
349         69.0725         69.0725
350         69.0725         69.0725
351         69.0725         69.0725
352         69.0725         69.0725
353         69.0725         69.0725
354         69.0725         69.0725
355         69.0725         69.0725
356         69.0725         69.0725
357         69.0725         69.0725
358         69.0725         69.0725
359         69.0725         69.0725
360         69.0725         69.0725
361         69.0725         69.0725
362         69.0725         69.0725
363         69.0725         69.0725
364         69.0725         69.0725
365         69.0725         69.0725
366         69.0725         69.0725
367         69.0725         69.0725
368         69.0725         69.0725
369         69.0725         69.0725
370         69.0725         69.0725
371         69.0725         69.0725
372         69.0725         69.0725
373         69.0725         69.0725
374         69.0725         69.0725
375         69.0725         69.0725
376         69.0725         69.0725
377         69.0725         69.0725
378         69.0725         69.0725
379         69.0725         69.0725
380         69.0725         69.0725
381         69.0725         69.0725
382         69.0725         69.0725
383         69.0725         69.0725
384         69.0725         69.0725
385         69.0725         69.0725
386         69.0725         69.0725
387         69.0725         69.0725
388         69.0725         69.0725
389         69.0725         69.0725
390         69.0725         69.0725
391         69.0725         69.0725
392         69.0725         69.0725
393         69.0725         69.0725
394         69.0725         69.0725
395         69.0725         69.0725
396         69.0725         69.0725
397         69.0725         69.0725
398         69.0725         69.0725
399         69.0725         69.0725
