0         412.136         491.942
1         376.893          466.95
2         367.103         439.734
3         355.676         414.223
4         340.316          392.56
5         320.705         375.891
6          305.15         361.722
7           296.1         346.108
8          286.64         328.283
9         273.577         311.133
10         265.408         297.649
11         252.364          286.73
12         243.275         276.145
13         234.617         266.181
14         228.589         256.352
15         219.051         247.282
16         211.532         238.439
17         201.741         229.568
18         195.909         220.973
19         191.248         212.966
20         187.924         205.901
21         184.423         199.558
22         181.996         194.227
23         177.758         190.248
24         174.985           187.2
25         170.737         184.127
26         168.346         180.677
27         166.743         177.177
28         164.353         173.997
29          161.69         171.179
30         159.183         168.467
31         156.854         166.021
32         153.726         163.741
33         152.131         161.345
34         151.033         158.682
35         147.688         156.267
36         146.446         154.205
37          144.05         152.298
38         142.083         150.735
39         140.796         149.055
40          138.09         146.941
41         136.236         144.625
42         134.347         142.409
43         132.721         140.201
44         131.249         138.065
45         130.478         136.136
46         130.179         134.486
47         129.213         133.344
48         128.181          132.65
49         126.969         131.881
50         125.033         130.805
51         123.753         129.474
52         122.738         128.025
53         121.458         126.513
54          119.74         125.114
55         118.878         123.874
56         117.159         122.721
57         116.193         121.971
58         115.558         121.307
59         114.416         120.132
60         113.929         118.522
61         112.511         116.948
62         111.956          115.68
63         110.814         114.613
64         110.424         113.696
65         109.063         112.946
66           107.9         112.319
67         106.823         111.688
68         105.049         110.967
69         104.131         109.971
70         103.588         108.547
71         102.218          106.96
72           101.5         105.583
73         100.184         104.374
74         98.9904         103.349
75          98.221         102.336
76         97.3237         101.252
77          96.645         100.201
78          95.773         99.2053
79         95.1985         98.1794
80         93.9369         97.2182
81         92.7053         96.3741
82         92.0034         95.6003
83         90.5989         94.6781
84         90.1938         93.6474
85         89.7599         92.5824
86         88.8164         91.5603
87         87.8024         90.7847
88         87.5811         90.1117
89         86.7275         89.4455
90         86.4167         88.8537
91         85.9202          88.293
92         85.4942          87.741
93         84.0373         87.1551
94         83.2667         86.5332
95         82.6915         85.7132
96         82.1322         84.8399
97         81.6798         84.0495
98         80.8562         83.3343
99          80.067         82.6501
100         79.3983         81.9254
101         79.0286         81.1682
102         78.7643         80.4556
103         78.7643          79.872
104         78.3753          79.394
105         78.1602         79.0596
106         77.8392         78.8205
107         77.6697         78.5861
108         77.2144         78.3347
109         76.7662         78.1088
110         76.3109         77.8415
111         75.8601         77.5356
112         75.7599         77.1622
113         75.3092         76.7434
114         75.2911          76.309
115         75.2051         75.9005
116         74.6361         75.6292
117         74.2914         75.4428
118         74.1281         75.1912
119         73.7653         74.9121
120         73.5701         74.6987
121         73.2073         74.4611
122         73.1013         74.1631
123         73.1013         73.8459
124         73.0968         73.5782
125         72.6979         73.4289
126         72.3874          73.297
127         72.3874         73.1516
128         72.3874         72.9453
129         72.2354         72.7246
130         72.2354         72.5517
131         72.0937         72.4259
132         72.0937         72.3286
133         71.9623         72.2316
134         71.6458         72.1592
135         71.5042          72.075
136         71.3794         71.9403
137         71.3794         71.7635
138         71.3794         71.6006
139         71.3794         71.4793
140         71.3794         71.4201
141         71.3794         71.3928
142         71.3794         71.3817
143         71.3794         71.3794
144         71.3794         71.3794
145         71.3794         71.3794
146         71.3794         71.3794
147         71.3703         71.3794
148         71.2538         71.3793
149         71.2447         71.3763
150         71.2447         71.3552
151          71.116         71.3134
152         70.7074         71.2766
153         70.1375         71.2323
154         70.1284         71.1136
155         70.1284         70.8459
156         70.1284         70.5276
157         70.1284         70.3075
158         70.1054         70.1963
159         70.0963         70.1445
160         70.0963          70.127
161         70.0963         70.1146
162         69.8146         70.1064
163         69.8146         70.0969
164         69.8146         70.0476
165         69.8146         69.9542
166         69.7112          69.881
167         69.7112         69.8392
168         69.6648         69.8085
169         69.3883         69.7726
170         69.3883         69.7339
171         69.3883          69.668
172         69.3883         69.5685
173         69.3883         69.4853
174         69.3883         69.4321
175         69.3883         69.4048
176         69.3883         69.3914
177         69.3883         69.3883
178         69.3883         69.3883
179         69.3883         69.3883
180         69.3883         69.3883
181         69.3883         69.3883
182         69.3634         69.3883
183         69.3372          69.388
184         69.3372         69.3835
185         69.3372         69.3708
186         69.0614         69.3556
187         69.0103         69.3417
188         68.8914         69.2922
189         68.8914         69.1931
190         68.8914         69.0895
191         68.8914         68.9998
192         68.8914         68.9414
193         68.8914         68.9092
194         68.8914         68.8943
195         68.8914         68.8914
196         68.8914         68.8914
197         68.8914         68.8914
198         68.8914         68.8914
199         68.8914         68.8914
200         68.8914         68.8914
201         68.8914         68.8914
202         68.8914         68.8914
203         68.8914         68.8914
204         68.8914         68.8914
205         68.8914         68.8914
206         68.8914         68.8914
207         68.8914         68.8914
208         68.8914         68.8914
209         68.8914         68.8914
210         68.8914         68.8914
211         68.8914         68.8914
212         68.8914         68.8914
213         68.8914         68.8914
214         68.8914         68.8914
215         68.8914         68.8914
216         68.8914         68.8914
217         68.8914         68.8914
218         68.8311         68.8914
219         68.8311         68.8906
220         68.8311         68.8807
221         68.8311         68.8609
222         68.8311          68.845
223         68.8311         68.8364
224         68.8311         68.8326
225         68.8311         68.8311
226         68.8311         68.8311
227         68.8311         68.8311
228         68.8311         68.8311
229         68.8311         68.8311
230         68.8311         68.8311
231         68.8311         68.8311
232         68.8311         68.8311
233         68.8311         68.8311
234         68.8311         68.8311
235         68.8311         68.8311
236         68.8311         68.8311
237         68.8311         68.8311
238         68.8311         68.8311
239         68.8311         68.8311
240         68.8311         68.8311
241         68.8311         68.8311
242         68.8311         68.8311
243         68.8311         68.8311
244         68.8311         68.8311
245         68.8311         68.8311
246         68.8311         68.8311
247         68.8311         68.8311
248         68.8311         68.8311
249         68.8311         68.8311
250         68.8311         68.8311
251         68.8311         68.8311
252         68.8311         68.8311
253         68.8311         68.8311
254         68.8311         68.8311
255         68.8311         68.8311
256         68.8311         68.8311
257         68.8311         68.8311
258         68.8311         68.8311
259         68.8311         68.8311
260         68.8311         68.8311
261         68.8311         68.8311
262         68.8311         68.8311
263         68.8311         68.8311
264         68.8311         68.8311
265         68.8311         68.8311
266         68.8311         68.8311
267         68.8311         68.8311
268         68.8311         68.8311
269         68.8311         68.8311
270         68.8311         68.8311
271         68.8311         68.8311
272         68.8311         68.8311
273         68.8311         68.8311
274         68.8311         68.8311
275         68.8311         68.8311
276         68.8311         68.8311
277         68.8311         68.8311
278         68.8311         68.8311
279         68.8311         68.8311
280         68.8311         68.8311
281         68.8311         68.8311
282         68.8311         68.8311
283         68.8311         68.8311
284         68.8311         68.8311
285         68.8311         68.8311
286         68.8311         68.8311
287         68.8311         68.8311
288         68.8311         68.8311
289         68.8311         68.8311
290         68.8311         68.8311
291         68.8311         68.8311
292         68.8311         68.8311
293         68.8311         68.8311
294         68.8311         68.8311
295         68.8311         68.8311
296         68.8311         68.8311
297         68.8311         68.8311
298         68.8311         68.8311
299         68.8311         68.8311
300         68.8311         68.8311
301         68.8311         68.8311
302         68.8311         68.8311
303         68.8311         68.8311
304         68.8311         68.8311
305         68.8311         68.8311
306         68.8311         68.8311
307         68.8311         68.8311
308         68.8311         68.8311
309         68.8311         68.8311
310         68.8311         68.8311
311         68.8311         68.8311
312         68.8311         68.8311
313         68.8311         68.8311
314         68.8311         68.8311
315         68.8311         68.8311
316         68.8311         68.8311
317         68.8311         68.8311
318         68.8311         68.8311
319         68.8311         68.8311
320         68.8311         68.8311
321         68.8311         68.8311
322         68.8311         68.8311
323         68.8311         68.8311
324         68.8311         68.8311
325         68.8311         68.8311
326         68.8311         68.8311
327         68.8311         68.8311
328         68.8311         68.8311
329         68.8311         68.8311
330         68.8311         68.8311
331         68.8311         68.8311
332         68.8311         68.8311
333         68.8311         68.8311
334         68.8311         68.8311
335         68.8311         68.8311
336         68.8311         68.8311
337         68.8311         68.8311
338         68.8311         68.8311
339         68.8311         68.8311
340         68.8311         68.8311
341         68.8311         68.8311
342         68.8311         68.8311
343         68.8311         68.8311
344         68.8311         68.8311
345         68.8311         68.8311
346         68.8311         68.8311
347         68.8311         68.8311
348         68.8311         68.8311
349         68.8311         68.8311
350         68.8311         68.8311
351         68.8311         68.8311
352         68.8311         68.8311
353         68.8311         68.8311
354         68.8311         68.8311
355         68.8311         68.8311
356         68.8311         68.8311
357         68.8311         68.8311
358         68.8311         68.8311
359         68.8311         68.8311
360         68.8311         68.8311
361         68.8311         68.8311
362         68.8311         68.8311
363         68.8311         68.8311
364         68.8311         68.8311
365         68.8311         68.8311
366         68.8311         68.8311
367         68.8311         68.8311
368         68.8311         68.8311
369         68.8311         68.8311
370         68.8311         68.8311
371         68.8311         68.8311
372         68.8311         68.8311
373         68.8311         68.8311
374         68.8311         68.8311
375         68.8311         68.8311
376         68.8311         68.8311
377         68.8311         68.8311
378         68.8311         68.8311
379         68.8311         68.8311
380         68.8311         68.8311
381         68.8311         68.8311
382         68.8311         68.8311
383         68.8311         68.8311
384         68.8311         68.8311
385         68.8311         68.8311
386         68.8311         68.8311
387         68.8311         68.8311
388         68.8311         68.8311
389         68.8311         68.8311
390         68.8311         68.8311
391         68.8311         68.8311
392         68.8311         68.8311
393         68.8311         68.8311
394         68.8311         68.8311
395         68.8311         68.8311
396         68.8311         68.8311
397         68.8311         68.8311
398         68.8311         68.8311
399         68.8311         68.8311
