#T             A
1.5      0.527714
1.48515      0.535593
1.47044      0.502732
1.45589      0.589226
1.44147      0.533113
1.4272      0.577803
1.41307       0.52439
1.39908      0.524972
1.38522      0.583427
1.37151      0.537181
1.35793      0.549945
1.34449      0.510638
1.33117      0.523305
1.31799      0.526261
1.30494      0.495754
1.29202      0.543915
1.27923      0.562036
1.26657      0.534392
1.25403      0.545455
1.24161      0.534426
1.22932      0.559411
1.21715       0.53692
1.20509      0.556012
1.19316      0.502083
1.18135        0.5212
1.16965      0.511364
1.15807      0.515832
1.14661       0.52361
1.13525      0.529412
1.12401      0.547644
1.11288      0.492872
1.10187      0.546019
1.09096         0.514
1.08015       0.51952
1.06946      0.518519
1.05887      0.495403
1.04839      0.492537
1.03801      0.501487
1.02773      0.509397
1.01755      0.545455
1.00748      0.496565
0.997505      0.514085
0.987628      0.486948
0.97785       0.48008
0.968168      0.527694
0.958582       0.48577
0.949091      0.462069
0.939695       0.47619
0.930391      0.509529
0.921179      0.485409
0.912058      0.469624
0.903028      0.498062
0.894087      0.477382
0.885235      0.486124
0.87647      0.459792
0.867792      0.459203
0.8592       0.48166
0.850693      0.488868
0.84227      0.499525
0.833931        0.4375
0.825674      0.464046
0.817499      0.464968
0.809405      0.482472
0.801391      0.436876
0.793457      0.458491
0.785601          0.45
0.777823      0.463985
0.770121       0.44222
0.762496       0.44404
0.754947      0.466428
0.747472        0.4567
0.740072       0.44614
0.732744       0.45941
0.725489      0.396504
0.718306      0.442935
0.711194      0.434245
0.704153      0.451932
0.697181      0.451671
0.690278      0.465656
0.683444      0.428443
0.676677      0.468254
0.669977       0.44206
0.663344      0.421007
0.656776      0.403493
0.650273      0.423415
0.643835      0.429177
0.63746      0.441739
0.631149      0.418367
0.6249      0.436317
0.618713      0.409367
0.612587      0.454315
0.606522      0.405428
0.600516      0.449915
0.594571      0.418782
0.588684      0.431005
0.582855        0.4175
0.577084      0.428325
0.571371      0.397601
0.565714      0.417014
0.560112      0.402973
0.554567      0.419753
0.549076      0.433416
0.54364      0.392709
0.538257      0.424217
0.532928       0.38806
0.527651      0.419512
0.522427      0.389212
0.517254      0.377063
0.512133      0.420553
0.507063      0.384122
0.502042      0.378577
0.497071      0.379839
0.49215      0.387409
0.487277      0.385922
0.482453      0.392435
0.477676      0.386489
0.472946      0.382075
0.468264      0.370458
0.463627      0.368214
0.459037      0.361022
0.454492      0.384259
0.449992      0.362016
0.445537      0.363922
0.441126      0.376744
0.436758      0.347826
0.432434      0.330696
0.428152      0.383551
0.423913      0.333838
0.419716      0.371341
0.41556      0.370455
0.411446      0.357197
0.407372      0.349587
0.403339      0.379259
0.399345      0.352144
0.395391      0.340585
0.391477      0.349254
0.387601       0.34844
0.383763      0.348563
0.379963      0.337368
0.376201       0.35503
0.372477      0.338897
0.368789      0.333333
0.365137      0.328283
0.361522      0.344702
0.357943      0.345101
0.354399        0.3343
0.35089      0.300435
0.347416      0.351625
0.343976      0.341185
0.34057       0.33193
0.337198      0.306022
0.33386      0.329303
0.330554      0.326473
0.327281      0.330035
0.324041      0.308458
0.320832      0.317021
0.317656        0.3331
0.314511      0.332865
0.311397      0.294448
0.308314      0.323366
0.305261      0.316076
0.302239      0.308379
0.299246        0.3154
0.296283      0.335154
0.29335      0.311365
0.290445      0.288102
0.28757      0.292266
0.284723      0.315261
0.281903      0.296667
0.279112      0.295563
0.276349      0.307065
0.273613      0.302605
0.270904       0.29108
0.268222      0.296296
0.265566      0.285714
0.262936      0.284857
0.260333      0.272668
0.257756       0.29249
0.255204      0.288728
0.252677      0.274204
0.250175      0.287608
0.247698      0.300839
0.245246      0.275016
0.242817      0.280206
0.240413       0.29728
0.238033      0.279612
0.235676      0.275641
0.233343      0.248236
0.231032      0.258997
0.228745      0.261342
0.22648       0.26625
0.224238      0.253674
0.222018      0.236859
0.219819      0.255799
0.217643      0.236973
0.215488      0.272045
0.213355      0.250458
0.211242      0.243494
0.209151      0.268232
0.20708      0.268098
0.20503      0.262801
0.203      0.248175
0.20099      0.282688
0.199      0.235767
0.197029      0.244934
0.195079      0.240099
0.193147      0.233861
0.191235      0.232448
0.189341      0.251486
0.187467      0.247585
0.185611      0.244336
0.183773      0.229643
0.181953      0.246018
0.180152      0.215085
0.178368      0.234055
0.176602      0.204301
0.174854      0.226786
0.173122      0.237705
0.171408      0.238676
0.169711       0.19705
0.168031      0.221839
0.166367      0.218931
0.16472      0.194203
0.163089      0.191765
0.161474       0.21491
0.159876      0.212536
0.158293      0.193843
0.156725      0.211055
0.155174      0.220743
0.153637      0.210108
0.152116      0.207071
0.15061       0.21768
0.149119      0.212514
0.147642      0.203818
0.146181      0.182825
0.144733      0.206174
0.1433      0.193566
0.141881      0.189761
0.140477      0.185475
0.139086      0.178312
0.137709      0.183718
0.136345      0.200546
0.134995       0.19901
0.133659      0.184211
0.132335      0.189294
0.131025      0.190865
0.129728       0.19086
0.128443      0.174768
0.127172       0.17761
0.125913      0.169751
0.124666      0.168803
0.123432      0.162567
0.12221      0.195525
0.121      0.168376
0.119802      0.176314
0.118615      0.167918
0.117441      0.162091
0.116278      0.163106
0.115127      0.146457
0.113987      0.120233
0.112858      0.155405
0.111741        0.1658
0.110635      0.167806
0.109539      0.151671
0.108455      0.153486
0.107381      0.151688
0.106318      0.144186
0.105265      0.152687
0.104223      0.159775
0.103191      0.145596
0.102169      0.132353
0.101158      0.127551
0.100156      0.130656
0.0991645      0.144744
0.0981827      0.119979
0.0972106      0.134625
0.0962481      0.132583
0.0952951      0.136821
0.0943516      0.122338
0.0934174      0.149312
0.0924925      0.148596
0.0915767      0.137322
0.09067      0.125125
0.0897723      0.111001
0.0888835      0.123762
0.0880035      0.132981
0.0871321      0.123314
0.0862694      0.124161
0.0854153      0.097263
0.0845696      0.123421
0.0837323       0.10598
0.0829032      0.115385
0.0820824     0.0997082
0.0812697      0.103599
0.0804651     0.0964147
0.0796684      0.108844
0.0788796      0.099856
0.0780986     0.0976676
0.0773253     0.0988235
0.0765597     0.0939279
0.0758017     0.0793427
0.0750512     0.0959693
0.0743081     0.0992474
0.0735724     0.0944105
0.072844     0.0989909
0.0721227      0.117075
0.0714087     0.0644391
0.0707016      0.113521
0.0700016     0.0824022
0.0693085      0.104995
0.0686223      0.102087
0.0679429     0.0891806
0.0672702     0.0767085
0.0666041      0.114375
0.0659447     0.0865781
0.0652918     0.0793796
0.0646453      0.091617
0.0640053     0.0919748
0.0633716     0.0813528
0.0627441     0.0695771
0.0621229     0.0892614
0.0615078     0.0951534
0.0608988     0.0599733
0.0602959     0.0576225
0.0596989     0.0789707
0.0591078     0.0708203
0.0585226     0.0584769
0.0579431      0.072996
0.0573694     0.0699643
0.0568014      0.047276
0.056239     0.0630709
0.0556822     0.0487373
0.0551309     0.0770241
0.0545851     0.0530739
0.0540446     0.0814751
0.0535095     0.0670705
0.0529797     0.0673575
0.0524552     0.0528124
0.0519358     0.0726329
0.0514216     0.0512484
0.0509125     0.0519313
0.0504084     0.0650787
0.0499093     0.0491525
0.0494151     0.0480104
0.0489259     0.0368924
0.0484415     0.0520966
0.0479619     0.0548117
0.047487     0.0587255
0.0470168     0.0482846
0.0465513     0.0497026
0.0460904     0.0434416
0.0456341     0.0363336
0.0451822       0.05762
0.0447349     0.0405349
0.044292     0.0360587
0.0438534     0.0275689
0.0434192     0.0395668
0.0429893     0.0419926
0.0425637      0.032377
0.0421423     0.0316535
0.041725     0.0273518
0.0413119     0.0340136
0.0409029     0.0401146
0.0404979     0.0314029
0.0400969     0.0444707
0.0396999     0.0278226
0.0393069     0.0441352
0.0389177     0.0394945
0.0385324      0.032491
0.0381509     0.0396601
0.0377731     0.0297265
0.0373991     0.0321046
0.0370288     0.0252266
0.0366622     0.0224809
0.0362992     0.0255082
0.0359398     0.0282306
0.035584     0.0306483
0.0352317     0.0346048
0.0348829     0.0289913
0.0345375      0.021102
0.0341955     0.0211864
0.033857       0.02158
0.0335217     0.0205871
0.0331898     0.0284954
0.0328612     0.0235067
0.0325359     0.0165895
0.0322137     0.0199693
0.0318948     0.0190365
0.031579     0.0145038
0.0312663     0.0332201
0.0309568     0.0228208
0.0306503      0.022892
0.0303468      0.027027
0.0300463     0.0223214
