0.000800016
0.000400008
0.000800016
0.000200004
0.00100002
0.00260005
0.00260005
0.00380008
0.0050001
0.0102002
0.00540011
0.00960019
0.0172003
0.0220004
0.0352007
0.0434009
0.047801
0.0622012
0.0754015
0.0798016
0.097602
0.115002
0.138603
0.171203
0.195004
0.206604
0.229005
0.253605
0.282006
0.296206
0.323606
0.365207
0.354807
0.361407
0.425809
0.407408
0.408808
0.384608
0.415608
0.442009
0.375208
0.390808
0.384208
0.388608
0.392208
0.360407
0.395408
0.356207
0.344407
0.363407
0.377608
0.371807
0.349807
0.343607
0.375208
0.367407
0.390808
0.395008
0.405208
0.408208
0.363807
0.424808
0.421808
0.407208
0.387208
0.359007
0.395208
0.350207
0.350007
0.330207
0.296806
0.262605
0.236805
0.227805
0.202804
0.204204
0.163403
0.133403
0.126403
0.106802
0.0812016
0.0784016
0.0568011
0.0386008
0.0330007
0.0296006
0.0258005
0.0180004
0.0114002
0.0118002
0.00760015
0.00660013
0.0048001
0.00280006
0.00320006
0.00140003
0.00140003
0.00100002
0
0.00100002
