#T:     ACCEPTANCE:
0.5       0.0155513
0.5       0.0150486
0.5       0.0148529
0.5       0.0141371
0.5        0.013785
0.5       0.0139634
0.5       0.0139442
0.5       0.0139068
0.5       0.0137606
0.5       0.0138559
0.5       0.0138103
0.5        0.013784
0.5       0.0138003
0.5       0.0137581
0.5        0.013706
0.5       0.0137181
0.5       0.0135545
0.5       0.0136167
0.5       0.0136034
0.5       0.0136193
0.52        0.018484
0.52       0.0176023
0.52       0.0180848
0.52        0.017923
0.52       0.0180129
0.52       0.0182094
0.52       0.0183997
0.52       0.0181654
0.52       0.0182043
0.52       0.0181055
0.52       0.0179656
0.52       0.0182212
0.52       0.0182671
0.52       0.0183542
0.52       0.0184292
0.52       0.0184608
0.52       0.0184282
0.52       0.0184918
0.52       0.0185237
0.52       0.0185038
0.54       0.0228388
0.54        0.023313
0.54       0.0236464
0.54       0.0240178
0.54       0.0238402
0.54        0.024073
0.54       0.0244299
0.54       0.0244604
0.54       0.0244157
0.54       0.0244734
0.54       0.0245593
0.54        0.024832
0.54        0.024708
0.54       0.0247077
0.54        0.024478
0.54       0.0246387
0.54       0.0245925
0.54       0.0244244
0.54       0.0244249
0.54       0.0244153
0.56       0.0332043
0.56        0.031919
0.56       0.0316616
0.56       0.0315721
0.56       0.0317332
0.56       0.0316283
0.56       0.0314865
0.56       0.0314401
0.56       0.0313189
0.56       0.0313298
0.56       0.0313936
0.56       0.0314696
0.56       0.0315229
0.56       0.0314107
0.56       0.0315989
0.56       0.0316462
0.56       0.0317881
0.56       0.0318391
0.56       0.0316976
0.56       0.0316134
0.58       0.0401192
0.58       0.0396585
0.58       0.0397809
0.58       0.0393661
0.58        0.039193
0.58       0.0394121
0.58       0.0397774
0.58       0.0397491
0.58        0.039949
0.58       0.0396723
0.58       0.0395667
0.58       0.0391482
0.58       0.0392067
0.58       0.0389286
0.58       0.0389381
0.58       0.0390174
0.58       0.0390389
0.58       0.0391381
0.58       0.0390914
0.58       0.0390988
0.6       0.0482498
0.6       0.0458518
0.6       0.0458536
0.6       0.0457511
0.6       0.0460397
0.6       0.0460663
0.6       0.0465923
0.6       0.0468404
0.6         0.04684
0.6       0.0467169
0.6       0.0467452
0.6       0.0467462
0.6       0.0468265
0.6       0.0468762
0.6       0.0470046
0.6       0.0471692
0.6       0.0472041
0.6        0.047351
0.6       0.0473567
0.6       0.0473112
0.62       0.0561355
0.62       0.0557941
0.62       0.0556026
0.62       0.0547326
0.62       0.0548943
0.62       0.0552799
0.62       0.0554499
0.62       0.0554209
0.62       0.0556757
0.62       0.0555952
0.62       0.0556101
0.62       0.0556517
0.62       0.0557515
0.62       0.0557976
0.62       0.0559108
0.62       0.0560932
0.62       0.0558671
0.62       0.0558748
0.62       0.0558657
0.62       0.0559606
0.64       0.0623789
0.64       0.0639262
0.64       0.0635445
0.64       0.0630674
0.64       0.0635575
0.64       0.0642446
0.64       0.0644437
0.64       0.0645558
0.64       0.0648545
0.64       0.0648017
0.64       0.0643823
0.64       0.0643019
0.64       0.0643328
0.64       0.0644462
0.64       0.0645892
0.64       0.0645698
0.64       0.0644465
0.64       0.0646093
0.64       0.0648271
0.64       0.0649249
0.66       0.0729848
0.66        0.073936
0.66       0.0743324
0.66       0.0739236
0.66       0.0740291
0.66        0.074191
0.66        0.074318
0.66       0.0742637
0.66       0.0742942
0.66       0.0744361
0.66       0.0746072
0.66       0.0745794
0.66       0.0748237
0.66       0.0749384
0.66       0.0751852
0.66       0.0750125
0.66       0.0748821
0.66       0.0748761
0.66       0.0746734
0.66       0.0747097
0.68       0.0876923
0.68       0.0860986
0.68       0.0847887
0.68       0.0845401
0.68       0.0842285
0.68       0.0840607
0.68       0.0839946
0.68       0.0840896
0.68        0.084408
0.68        0.084339
0.68        0.084309
0.68       0.0845409
0.68       0.0844495
0.68        0.084426
0.68       0.0845178
0.68       0.0843452
0.68       0.0843693
0.68       0.0843385
0.68        0.084253
0.68       0.0844067
0.7       0.0960983
0.7       0.0955373
0.7       0.0947679
0.7       0.0946199
0.7       0.0946711
0.7       0.0943867
0.7       0.0943223
0.7       0.0939838
0.7       0.0939992
0.7       0.0939562
0.7       0.0940882
0.7       0.0942389
0.7       0.0942897
0.7       0.0943591
0.7       0.0943411
0.7       0.0944554
0.7       0.0944417
0.7       0.0944077
0.7        0.094309
0.7       0.0943679
0.72        0.105342
0.72        0.104417
0.72        0.104215
0.72        0.104326
0.72        0.104163
0.72        0.104263
0.72         0.10412
0.72        0.104083
0.72        0.104157
0.72        0.104088
0.72        0.103827
0.72        0.103899
0.72        0.103876
0.72        0.103981
0.72        0.103823
0.72        0.103825
0.72        0.103712
0.72        0.103715
0.72        0.103559
0.72        0.103655
0.74        0.112386
0.74         0.11257
0.74        0.112409
0.74        0.112401
0.74        0.112254
0.74        0.112269
0.74        0.112468
0.74        0.112666
0.74        0.112671
0.74        0.112621
0.74        0.112757
0.74        0.112628
0.74        0.112689
0.74        0.112674
0.74         0.11261
0.74        0.112563
0.74        0.112569
0.74          0.1125
0.74        0.112438
0.74        0.112498
0.76        0.122331
0.76        0.122644
0.76        0.122375
0.76        0.122345
0.76         0.12222
0.76        0.121943
0.76        0.122295
0.76        0.122416
0.76        0.122434
0.76        0.122567
0.76        0.122626
0.76        0.122595
0.76        0.122713
0.76        0.122795
0.76        0.122818
0.76        0.122823
0.76        0.122846
0.76        0.122908
0.76        0.122897
0.76        0.122752
0.78        0.130451
0.78        0.130071
0.78        0.130816
0.78        0.131662
0.78        0.131799
0.78        0.131749
0.78         0.13166
0.78        0.131398
0.78        0.131315
0.78        0.131312
0.78        0.131532
0.78        0.131641
0.78        0.131616
0.78        0.131607
0.78        0.131533
0.78        0.131639
0.78         0.13155
0.78        0.131505
0.78        0.131434
0.78          0.1316
0.8        0.141096
0.8        0.140994
0.8         0.14079
0.8         0.14123
0.8        0.141364
0.8        0.141426
0.8        0.141924
0.8        0.141904
0.8        0.141543
0.8        0.141613
0.8        0.141281
0.8        0.141263
0.8        0.141295
0.8        0.141203
0.8        0.141138
0.8        0.141096
0.8        0.141084
0.8        0.141011
0.8        0.140994
0.8        0.141081
0.82        0.150333
0.82        0.151168
0.82        0.150906
0.82        0.150538
0.82        0.150426
0.82        0.150023
0.82        0.150105
0.82        0.150499
0.82        0.150517
0.82        0.150521
0.82         0.15033
0.82        0.150521
0.82        0.150546
0.82        0.150551
0.82        0.150703
0.82        0.150665
0.82        0.150634
0.82        0.150652
0.82        0.150698
0.82        0.150715
0.84        0.159299
0.84        0.159743
0.84        0.159659
0.84        0.159901
0.84        0.159859
0.84        0.159947
0.84        0.160097
0.84        0.159982
0.84        0.159885
0.84        0.159969
0.84        0.159954
0.84        0.159984
0.84        0.160021
0.84        0.160018
0.84         0.16002
0.84        0.160163
0.84        0.160332
0.84        0.160308
0.84        0.160227
0.84        0.160113
0.86        0.171364
0.86        0.171435
0.86        0.170346
0.86        0.170166
0.86        0.170298
0.86         0.16992
0.86        0.169622
0.86        0.169491
0.86        0.169771
0.86        0.169536
0.86        0.169569
0.86        0.169476
0.86        0.169423
0.86        0.169415
0.86        0.169335
0.86        0.169296
0.86        0.169225
0.86        0.169263
0.86        0.169366
0.86         0.16925
0.88        0.177985
0.88        0.178941
0.88        0.178552
0.88        0.178186
0.88        0.178048
0.88        0.178261
0.88        0.178227
0.88        0.178023
0.88        0.178208
0.88        0.178336
0.88        0.178192
0.88         0.17832
0.88        0.178236
0.88         0.17832
0.88        0.178199
0.88        0.178134
0.88        0.178167
0.88        0.178092
0.88        0.178155
0.88        0.178119
0.9        0.188387
0.9         0.18776
0.9        0.187872
0.9        0.187912
0.9        0.188037
0.9         0.18782
0.9        0.187518
0.9        0.187465
0.9        0.187682
0.9        0.187577
0.9        0.187621
0.9        0.187662
0.9        0.187839
0.9        0.187761
0.9        0.187775
0.9        0.187712
0.9        0.187623
0.9         0.18766
0.9        0.187528
0.9          0.1875
0.92        0.194947
0.92        0.195131
0.92        0.195967
0.92        0.196107
0.92        0.195913
0.92        0.195453
0.92        0.195825
0.92        0.196159
0.92        0.196175
0.92        0.196361
0.92        0.196418
0.92        0.196354
0.92        0.196309
0.92        0.196367
0.92        0.196413
0.92        0.196374
0.92        0.196521
0.92        0.196534
0.92        0.196569
0.92        0.196603
0.94        0.204013
0.94        0.203928
0.94        0.203975
0.94        0.203878
0.94        0.204196
0.94        0.204165
0.94        0.204168
0.94        0.204334
0.94        0.204433
0.94        0.204524
0.94        0.204686
0.94        0.204723
0.94        0.204744
0.94        0.204829
0.94        0.204836
0.94        0.204737
0.94        0.204884
0.94        0.204817
0.94        0.204723
0.94        0.204679
0.96         0.21331
0.96        0.213711
0.96        0.213998
0.96        0.214754
0.96        0.214654
0.96        0.214443
0.96        0.214277
0.96        0.214261
0.96        0.214055
0.96        0.214021
0.96        0.214072
0.96        0.214094
0.96        0.214109
0.96        0.214192
0.96        0.214151
0.96        0.214091
0.96        0.214083
0.96        0.214107
0.96        0.214117
0.96        0.214092
0.98        0.221421
0.98        0.222304
0.98        0.222585
0.98        0.222797
0.98        0.222576
0.98        0.222461
0.98        0.222307
0.98        0.222388
0.98        0.222545
0.98        0.222546
0.98        0.222729
0.98        0.222751
0.98        0.222767
0.98        0.222812
0.98        0.222636
0.98         0.22273
0.98        0.222899
0.98        0.222873
0.98        0.222853
0.98        0.222909
1        0.230985
1        0.230749
1        0.230833
1        0.231421
1        0.231395
1        0.231184
1        0.231026
1        0.231061
1        0.231121
1        0.231045
1        0.231077
1        0.230966
1        0.231025
1        0.231074
1        0.231094
1        0.231213
1        0.231191
1        0.231222
1        0.231168
1        0.231252
1.02        0.240532
1.02        0.240211
1.02        0.239914
1.02        0.239971
1.02        0.239955
1.02        0.239712
1.02         0.23979
1.02         0.23994
1.02        0.240106
1.02        0.240269
1.02         0.24022
1.02         0.24008
1.02        0.240038
1.02        0.240018
1.02        0.239924
1.02        0.239819
1.02        0.239825
1.02        0.239797
1.02        0.239778
1.02        0.239746
1.04        0.247761
1.04        0.247217
1.04        0.247665
1.04        0.247444
1.04        0.247699
1.04         0.24791
1.04        0.247669
1.04        0.247826
1.04        0.247896
1.04        0.248002
1.04        0.248151
1.04        0.248205
1.04        0.248264
1.04         0.24832
1.04        0.248297
1.04        0.248276
1.04        0.248165
1.04        0.248181
1.04        0.248192
1.04        0.248199
1.06        0.256779
1.06        0.257333
1.06          0.2582
1.06         0.25757
1.06        0.257124
1.06        0.257248
1.06        0.256815
1.06        0.256757
1.06        0.256752
1.06        0.256786
1.06        0.256696
1.06        0.256734
1.06        0.256703
1.06        0.256572
1.06        0.256606
1.06        0.256651
1.06        0.256588
1.06          0.2566
1.06        0.256616
1.06        0.256631
1.08         0.26218
1.08        0.263243
1.08        0.263876
1.08        0.264309
1.08        0.264374
1.08        0.264683
1.08        0.264708
1.08        0.264799
1.08        0.264784
1.08        0.264781
1.08        0.264746
1.08        0.264765
1.08        0.264861
1.08        0.264889
1.08        0.264938
1.08        0.264925
1.08        0.264789
1.08        0.264846
1.08        0.264869
1.08        0.264923
1.1        0.273557
1.1        0.272988
1.1        0.273376
1.1        0.273201
1.1        0.273327
1.1        0.273223
1.1         0.27314
1.1        0.272904
1.1        0.272945
1.1        0.272953
1.1        0.272991
1.1        0.272908
1.1        0.272808
1.1        0.272888
1.1        0.272897
1.1        0.272832
1.1        0.272867
1.1        0.272887
1.1        0.272874
1.1        0.272905
1.12        0.279906
1.12        0.280086
1.12        0.279999
1.12        0.280211
1.12        0.280198
1.12        0.280353
1.12        0.280442
1.12        0.280805
1.12        0.280783
1.12        0.280967
1.12        0.280866
1.12        0.280883
1.12         0.28092
1.12        0.280894
1.12        0.280813
1.12        0.280917
1.12        0.281025
1.12        0.281003
1.12        0.280994
1.12        0.281031
1.14        0.288944
1.14         0.28828
1.14        0.288538
1.14        0.288952
1.14        0.288945
1.14        0.288758
1.14        0.288668
1.14        0.288677
1.14        0.288759
1.14        0.288741
1.14        0.288827
1.14        0.288802
1.14        0.288743
1.14        0.288678
1.14         0.28876
1.14        0.288804
1.14        0.288843
1.14        0.288862
1.14        0.288932
1.14         0.28892
1.16         0.29677
1.16        0.296398
1.16        0.296199
1.16         0.29661
1.16        0.296741
1.16        0.296556
1.16        0.296589
1.16        0.296692
1.16        0.296769
1.16        0.296758
1.16        0.296629
1.16        0.296765
1.16        0.296799
1.16        0.296807
1.16        0.296817
1.16        0.296725
1.16        0.296613
1.16        0.296585
1.16        0.296575
1.16        0.296639
1.18        0.304874
1.18         0.30445
1.18        0.304497
1.18        0.304457
1.18        0.304506
1.18         0.30461
1.18        0.304587
1.18        0.304435
1.18        0.304388
1.18         0.30439
1.18        0.304443
1.18        0.304539
1.18        0.304439
1.18        0.304583
1.18        0.304502
1.18        0.304506
1.18        0.304498
1.18        0.304499
1.18        0.304473
1.18        0.304467
1.2        0.311171
1.2        0.311284
1.2        0.311535
1.2        0.311803
1.2        0.311956
1.2         0.31218
1.2        0.312085
1.2        0.312095
1.2        0.312093
1.2        0.311931
1.2        0.312046
1.2        0.311969
1.2        0.311859
1.2        0.311836
1.2        0.311761
1.2        0.311785
1.2        0.311862
1.2        0.311898
1.2        0.311855
1.2        0.311846
1.22        0.318498
1.22        0.319403
1.22        0.319309
1.22        0.319588
1.22        0.319441
1.22        0.319294
1.22        0.319277
1.22        0.319126
1.22        0.319089
1.22        0.318974
1.22        0.319111
1.22        0.318994
1.22         0.31901
1.22        0.319141
1.22        0.319188
1.22        0.319272
1.22        0.319274
1.22        0.319339
1.22        0.319348
1.22        0.319422
1.24        0.327175
1.24        0.326541
1.24        0.326484
1.24         0.32624
1.24        0.326107
1.24        0.326055
1.24        0.326224
1.24        0.326226
1.24        0.326325
1.24        0.326346
1.24        0.326393
1.24        0.326515
1.24        0.326517
1.24         0.32645
1.24        0.326417
1.24        0.326348
1.24        0.326315
1.24        0.326211
1.24        0.326159
1.24        0.326138
1.26        0.331888
1.26        0.332722
1.26        0.333105
1.26        0.333091
1.26        0.333198
1.26        0.333151
1.26        0.333151
1.26        0.333289
1.26        0.333525
1.26        0.333529
1.26        0.333469
1.26        0.333483
1.26        0.333458
1.26        0.333535
1.26        0.333524
1.26        0.333463
1.26         0.33341
1.26        0.333417
1.26        0.333489
1.26        0.333477
1.28        0.341175
1.28        0.340036
1.28        0.340491
1.28        0.340476
1.28        0.340372
1.28        0.340781
1.28        0.340867
1.28        0.340768
1.28        0.340646
1.28        0.340755
1.28        0.340765
1.28        0.340788
1.28        0.340795
1.28        0.340824
1.28        0.340866
1.28        0.340883
1.28        0.340885
1.28        0.340819
1.28        0.340736
1.28        0.340731
1.3        0.347716
1.3        0.348294
1.3        0.347495
1.3        0.347771
1.3        0.347477
1.3        0.347589
1.3        0.347673
1.3        0.347503
1.3        0.347654
1.3        0.347879
1.3        0.347892
1.3        0.348015
1.3        0.348013
1.3        0.347944
1.3        0.347895
1.3        0.347876
1.3        0.347821
1.3        0.347809
1.3        0.347865
1.3        0.347912
1.32           0.354
1.32        0.354436
1.32        0.354697
1.32        0.354698
1.32        0.354657
1.32        0.354988
1.32        0.354938
1.32        0.354876
1.32        0.354922
1.32        0.354983
1.32        0.354975
1.32        0.355026
1.32        0.354982
1.32        0.355052
1.32        0.354921
1.32        0.354845
1.32        0.354832
1.32        0.354886
1.32        0.354931
1.32         0.35495
1.34        0.362964
1.34        0.362356
1.34        0.362106
1.34        0.361929
1.34         0.36171
1.34        0.361607
1.34        0.361498
1.34        0.361483
1.34         0.36151
1.34        0.361562
1.34         0.36161
1.34        0.361786
1.34        0.361807
1.34        0.361846
1.34        0.361862
1.34        0.361807
1.34        0.361696
1.34        0.361774
1.34        0.361754
1.34        0.361781
1.36        0.369638
1.36        0.368671
1.36        0.368444
1.36        0.368403
1.36        0.368271
1.36        0.368306
1.36        0.368465
1.36        0.368397
1.36         0.36855
1.36        0.368431
1.36        0.368284
1.36        0.368126
1.36        0.368086
1.36          0.3681
1.36        0.368065
1.36         0.36814
1.36        0.368086
1.36        0.368197
1.36        0.368214
1.36         0.36825
1.38        0.374031
1.38        0.374551
1.38        0.374334
1.38        0.374581
1.38        0.374635
1.38        0.374686
1.38        0.374435
1.38        0.374408
1.38        0.374504
1.38         0.37468
1.38        0.374653
1.38        0.374551
1.38        0.374596
1.38         0.37455
1.38        0.374628
1.38        0.374657
1.38         0.37469
1.38        0.374703
1.38        0.374687
1.38        0.374735
1.4        0.380771
1.4        0.381398
1.4        0.381124
1.4        0.381242
1.4        0.381113
1.4        0.381382
1.4        0.381311
1.4        0.381302
1.4        0.381191
1.4        0.381291
1.4        0.381335
1.4        0.381442
1.4        0.381497
1.4        0.381429
1.4        0.381376
1.4        0.381458
1.4        0.381422
1.4        0.381362
1.4        0.381354
1.4        0.381437
1.42        0.386843
1.42        0.387078
1.42        0.387405
1.42        0.387838
1.42        0.387859
1.42        0.387847
1.42        0.387935
1.42        0.387893
1.42        0.387674
1.42        0.387677
1.42        0.387736
1.42        0.387697
1.42        0.387686
1.42        0.387762
1.42        0.387809
1.42        0.387796
1.42        0.387745
1.42        0.387738
1.42         0.38774
1.42        0.387741
1.44        0.392306
1.44        0.393037
1.44        0.393384
1.44        0.393578
1.44        0.394113
1.44         0.39373
1.44        0.393604
1.44        0.393749
1.44        0.393813
1.44        0.393722
1.44        0.393691
1.44        0.393626
1.44        0.393685
1.44        0.393668
1.44        0.393683
1.44         0.39364
1.44        0.393667
1.44        0.393662
1.44        0.393731
1.44        0.393852
1.46        0.400377
1.46        0.400557
1.46        0.399775
1.46         0.39943
1.46        0.399689
1.46        0.399804
1.46        0.399652
1.46        0.399482
1.46        0.399528
1.46        0.399594
1.46        0.399616
1.46        0.399645
1.46        0.399749
1.46        0.399771
1.46        0.399853
1.46        0.399841
1.46        0.399739
1.46        0.399685
1.46        0.399708
1.46        0.399708
1.48         0.40493
1.48        0.406601
1.48        0.406711
1.48        0.406668
1.48        0.406659
1.48        0.406701
1.48        0.406511
1.48        0.406637
1.48        0.406621
1.48        0.406618
1.48        0.406526
1.48        0.406572
1.48        0.406542
1.48        0.406541
1.48        0.406455
1.48        0.406498
1.48        0.406555
1.48        0.406551
1.48        0.406414
1.48        0.406423
1.5        0.410791
1.5        0.411104
1.5        0.411199
1.5        0.411517
1.5        0.411441
1.5        0.411661
1.5        0.411606
1.5        0.411698
1.5        0.411841
1.5        0.411814
1.5        0.411789
1.5        0.411842
1.5        0.411891
1.5        0.411889
1.5        0.411868
1.5        0.411927
1.5        0.411967
1.5        0.412013
1.5        0.412018
1.5        0.412041
1.52        0.418937
1.52        0.418905
1.52         0.41884
1.52        0.418957
1.52        0.418788
1.52        0.418477
1.52        0.418358
1.52        0.418453
1.52        0.418485
1.52        0.418483
1.52        0.418487
1.52        0.418389
1.52        0.418294
1.52        0.418187
1.52        0.418205
1.52        0.418242
1.52        0.418174
1.52        0.418183
1.52        0.418209
1.52         0.41818
1.54        0.424584
1.54        0.424331
1.54        0.423804
1.54        0.423596
1.54        0.423584
1.54        0.423822
1.54         0.42354
1.54        0.423592
1.54        0.423556
1.54        0.423645
1.54        0.423542
1.54        0.423523
1.54        0.423611
1.54        0.423574
1.54        0.423685
1.54        0.423673
1.54         0.42368
1.54        0.423778
1.54         0.42376
1.54        0.423796
1.56        0.428569
1.56        0.428759
1.56        0.428759
1.56        0.428733
1.56        0.428799
1.56        0.428943
1.56        0.428852
1.56        0.429173
1.56        0.429196
1.56        0.429296
1.56        0.429235
1.56        0.429204
1.56         0.42925
1.56        0.429179
1.56        0.429264
1.56        0.429255
1.56         0.42938
1.56        0.429308
1.56        0.429367
1.56        0.429366
1.58        0.435562
1.58        0.435501
1.58        0.435384
1.58        0.435192
1.58        0.435321
1.58        0.435183
1.58        0.435133
1.58        0.434911
1.58        0.434921
1.58        0.435026
1.58        0.435074
1.58        0.435041
1.58        0.435118
1.58        0.435073
1.58        0.435047
1.58        0.435069
1.58        0.434995
1.58        0.434985
1.58        0.434986
1.58        0.435056
1.6        0.440227
1.6        0.439998
1.6        0.440042
1.6          0.4403
1.6        0.440122
1.6        0.440094
1.6        0.440016
1.6        0.439794
1.6        0.439841
1.6        0.439869
1.6        0.439827
1.6        0.439906
1.6        0.439885
1.6        0.440028
1.6        0.440092
1.6        0.440028
1.6        0.440085
1.6        0.440064
1.6        0.440027
1.6        0.440099
1.62         0.44675
1.62        0.446045
1.62        0.445977
1.62        0.445943
1.62        0.446089
1.62        0.446031
1.62        0.446184
1.62        0.446098
1.62         0.44589
1.62        0.445809
1.62        0.445712
1.62        0.445798
1.62        0.445788
1.62        0.445797
1.62        0.445776
1.62        0.445814
1.62        0.445802
1.62        0.445866
1.62        0.445874
1.62        0.445943
1.64         0.45141
1.64        0.451465
1.64        0.451595
1.64        0.451342
1.64         0.45146
1.64         0.45132
1.64        0.451286
1.64        0.451254
1.64        0.451301
1.64        0.451402
1.64        0.451491
1.64        0.451544
1.64        0.451568
1.64         0.45154
1.64        0.451614
1.64        0.451612
1.64        0.451461
1.64        0.451382
1.64        0.451275
1.64        0.451203
1.66        0.457869
1.66        0.458003
1.66        0.457343
1.66        0.457178
1.66        0.457452
1.66        0.457314
1.66        0.457146
1.66        0.457178
1.66        0.457086
1.66        0.457003
1.66        0.456995
1.66        0.456954
1.66        0.456916
1.66        0.456845
1.66        0.456823
1.66        0.456867
1.66        0.456816
1.66        0.456849
1.66        0.456893
1.66        0.456876
1.68        0.462438
1.68        0.462095
1.68         0.46135
1.68        0.461707
1.68        0.461652
1.68        0.461707
1.68         0.46164
1.68        0.461597
1.68        0.461411
1.68        0.461468
1.68        0.461435
1.68        0.461459
1.68        0.461388
1.68         0.46136
1.68        0.461399
1.68        0.461398
1.68        0.461496
1.68        0.461526
1.68        0.461596
1.68        0.461562
1.7        0.467794
1.7        0.467811
1.7        0.467158
1.7        0.466971
1.7        0.466691
1.7        0.466629
1.7        0.466738
1.7        0.466724
1.7        0.466742
1.7        0.466701
1.7        0.466729
1.7        0.466769
1.7        0.466776
1.7         0.46678
1.7        0.466667
1.7        0.466748
1.7        0.466758
1.7        0.466726
1.7        0.466767
1.7        0.466748
1.72        0.471625
1.72        0.471875
1.72        0.472119
1.72        0.471973
1.72        0.472063
1.72        0.471973
1.72        0.471978
1.72        0.471805
1.72        0.471794
1.72        0.471987
1.72        0.472057
1.72        0.472031
1.72        0.472063
1.72        0.472013
1.72        0.471988
1.72        0.472068
1.72        0.472092
1.72        0.472077
1.72         0.47203
1.72        0.471993
1.74        0.476449
1.74         0.47694
1.74        0.477022
1.74        0.476619
1.74        0.476493
1.74        0.476313
1.74        0.476477
1.74        0.476608
1.74        0.476628
1.74        0.476555
1.74        0.476534
1.74        0.476449
1.74        0.476427
1.74        0.476387
1.74        0.476319
1.74        0.476406
1.74        0.476343
1.74        0.476415
1.74        0.476438
1.74        0.476436
1.76        0.481435
1.76        0.481648
1.76         0.48179
1.76        0.481701
1.76        0.481635
1.76        0.481485
1.76        0.481465
1.76        0.481496
1.76        0.481436
1.76        0.481404
1.76        0.481508
1.76        0.481504
1.76        0.481426
1.76        0.481479
1.76        0.481554
1.76         0.48164
1.76        0.481613
1.76        0.481638
1.76        0.481609
1.76        0.481608
1.78        0.484251
1.78        0.485029
1.78         0.48557
1.78        0.485642
1.78        0.485867
1.78        0.485869
1.78        0.486037
1.78        0.486177
1.78        0.486284
1.78        0.486205
1.78        0.486247
1.78        0.486186
1.78        0.486019
1.78        0.486098
1.78        0.486121
1.78        0.486128
1.78        0.486091
1.78        0.485997
1.78        0.486054
1.78        0.486048
1.8        0.491882
1.8        0.490788
1.8        0.490724
1.8        0.490715
1.8        0.490614
1.8        0.490807
1.8        0.490907
1.8        0.490913
1.8        0.490984
1.8        0.491186
1.8        0.491168
1.8        0.491186
1.8        0.491176
1.8         0.49114
1.8        0.491055
1.8        0.491047
1.8         0.49111
1.8        0.491047
1.8        0.491023
1.8        0.490959
1.82        0.494563
1.82        0.495363
1.82        0.495117
1.82        0.495048
1.82        0.495117
1.82        0.495036
1.82        0.495052
1.82        0.495082
1.82        0.495203
1.82        0.495135
1.82        0.495344
1.82         0.49527
1.82        0.495355
1.82        0.495252
1.82         0.49534
1.82        0.495344
1.82        0.495409
1.82        0.495381
1.82         0.49542
1.82        0.495411
1.84        0.499659
1.84        0.499516
1.84        0.499572
1.84        0.499837
1.84        0.499977
1.84        0.500064
1.84        0.499994
1.84        0.500051
1.84        0.500006
1.84        0.500124
1.84         0.50018
1.84        0.500138
1.84        0.500138
1.84        0.500108
1.84        0.500046
1.84        0.500071
1.84        0.500091
1.84        0.500044
1.84        0.499985
1.84        0.499896
1.86        0.503859
1.86         0.50393
1.86        0.504378
1.86        0.504011
1.86        0.503934
1.86        0.504072
1.86        0.504273
1.86        0.504276
1.86        0.504308
1.86        0.504188
1.86        0.504314
1.86        0.504312
1.86        0.504378
1.86        0.504283
1.86        0.504297
1.86        0.504292
1.86        0.504265
1.86        0.504267
1.86        0.504238
1.86        0.504292
1.88        0.507918
1.88        0.508754
1.88        0.508519
1.88        0.508736
1.88        0.508779
1.88        0.508864
1.88        0.508785
1.88        0.508925
1.88        0.508925
1.88        0.508921
1.88        0.508868
1.88        0.508823
1.88        0.508855
1.88        0.508839
1.88        0.508875
1.88         0.50886
1.88        0.508909
1.88        0.508916
1.88        0.508903
1.88        0.508908
1.9        0.512185
1.9        0.511975
1.9        0.512527
1.9        0.512683
1.9        0.512753
1.9        0.512985
1.9         0.51282
1.9        0.512799
1.9        0.512735
1.9        0.512795
1.9        0.512899
1.9        0.512964
1.9        0.512902
1.9        0.512871
1.9        0.512989
1.9        0.512905
1.9        0.512936
1.9        0.512941
1.9        0.513002
1.9        0.512988
1.92        0.518047
1.92        0.518302
1.92        0.517585
1.92        0.517479
1.92         0.51746
1.92        0.517336
1.92        0.517195
1.92        0.517247
1.92        0.517206
1.92        0.517182
1.92        0.517186
1.92        0.517162
1.92        0.517204
1.92        0.517275
1.92        0.517265
1.92        0.517248
1.92        0.517286
1.92        0.517235
1.92        0.517268
1.92        0.517308
1.94        0.520893
1.94        0.521484
1.94        0.521403
1.94         0.52151
1.94        0.521513
1.94        0.521595
1.94        0.521455
1.94        0.521472
1.94        0.521433
1.94        0.521551
1.94        0.521638
1.94        0.521627
1.94        0.521687
1.94        0.521642
1.94        0.521633
1.94        0.521704
1.94        0.521727
1.94        0.521733
1.94        0.521761
1.94        0.521716
1.96         0.52594
1.96        0.526202
1.96        0.525815
1.96        0.525548
1.96        0.525425
1.96        0.525501
1.96        0.525621
1.96        0.525506
1.96        0.525468
1.96        0.525548
1.96        0.525513
1.96        0.525598
1.96        0.525523
1.96        0.525413
1.96        0.525375
1.96        0.525379
1.96        0.525305
1.96        0.525288
1.96        0.525243
1.96        0.525243
1.98        0.530304
1.98        0.530343
1.98        0.529789
1.98        0.529538
1.98        0.529342
1.98        0.529746
1.98        0.529723
1.98        0.529851
1.98         0.52965
1.98        0.529546
1.98        0.529574
1.98        0.529578
1.98        0.529533
1.98        0.529569
1.98        0.529572
1.98        0.529494
1.98        0.529583
1.98        0.529514
1.98        0.529522
1.98        0.529536
2        0.533352
2        0.533542
2        0.533188
2        0.533016
2        0.533014
2        0.532991
2        0.533149
2        0.533209
2        0.533314
2        0.533368
2        0.533256
2        0.533331
2        0.533365
2        0.533404
2        0.533405
2        0.533424
2        0.533469
2        0.533392
2        0.533331
2         0.53335
2.02        0.538317
2.02        0.538079
2.02        0.537836
2.02        0.537694
2.02        0.537779
2.02        0.537877
2.02        0.538083
2.02        0.538145
2.02        0.538073
2.02         0.53795
2.02        0.538033
2.02        0.537864
2.02         0.53782
2.02        0.537878
2.02        0.537868
2.02        0.537811
2.02        0.537801
2.02        0.537812
2.02        0.537842
2.02        0.537799
2.04        0.542087
2.04        0.541619
2.04        0.541917
2.04         0.54156
2.04        0.541373
2.04         0.54137
2.04        0.541291
2.04        0.541386
2.04        0.541484
2.04        0.541482
2.04        0.541562
2.04        0.541552
2.04        0.541582
2.04        0.541621
2.04        0.541671
2.04        0.541686
2.04        0.541666
2.04        0.541665
2.04        0.541677
2.04        0.541684
2.06        0.544675
2.06        0.544688
2.06        0.545175
2.06        0.545034
2.06        0.545048
2.06        0.545123
2.06        0.545416
2.06        0.545487
2.06        0.545636
2.06        0.545614
2.06        0.545492
2.06        0.545568
2.06        0.545523
2.06        0.545502
2.06         0.54553
2.06        0.545498
2.06        0.545504
2.06         0.54555
2.06        0.545527
2.06        0.545486
2.08        0.549613
2.08        0.549242
2.08        0.549638
2.08         0.54971
2.08        0.549496
2.08        0.549407
2.08        0.549326
2.08        0.549421
2.08        0.549394
2.08        0.549281
2.08        0.549223
2.08        0.549095
2.08        0.548961
2.08        0.548978
2.08        0.548906
2.08        0.548875
2.08        0.548846
2.08        0.548811
2.08        0.548724
2.08        0.548687
2.1        0.552855
2.1        0.552297
2.1        0.552762
2.1         0.55289
2.1        0.552805
2.1        0.552892
2.1        0.552793
2.1        0.552889
2.1        0.552851
2.1        0.552963
2.1        0.552985
2.1        0.553035
2.1        0.552949
2.1        0.552758
2.1        0.552719
2.1        0.552721
2.1        0.552665
2.1        0.552689
2.1        0.552688
2.1        0.552703
2.12        0.556971
2.12        0.556494
2.12        0.556504
2.12         0.55675
2.12         0.55672
2.12        0.556793
2.12        0.556908
2.12        0.556706
2.12        0.556685
2.12        0.556732
2.12        0.556616
2.12        0.556693
2.12        0.556598
2.12        0.556733
2.12        0.556687
2.12        0.556625
2.12         0.55662
2.12        0.556632
2.12        0.556638
2.12        0.556636
2.14        0.559931
2.14        0.560035
2.14        0.559875
2.14          0.5599
2.14        0.559986
2.14        0.559966
2.14        0.560115
2.14        0.560309
2.14        0.560346
2.14        0.560227
2.14        0.560112
2.14        0.560062
2.14        0.560009
2.14        0.560012
2.14        0.560038
2.14        0.559984
2.14        0.559983
2.14        0.559996
2.14        0.559996
2.14        0.559916
2.16        0.563959
2.16        0.563572
2.16          0.5639
2.16        0.563898
2.16        0.563999
2.16        0.564019
2.16        0.564091
2.16        0.564046
2.16        0.563986
2.16        0.563977
2.16        0.563895
2.16        0.563797
2.16        0.563777
2.16        0.563791
2.16         0.56384
2.16        0.563824
2.16         0.56376
2.16        0.563812
2.16        0.563843
2.16         0.56385
2.18        0.567212
2.18        0.566786
2.18         0.56708
2.18        0.567242
2.18        0.567071
2.18        0.566913
2.18        0.567048
2.18        0.566938
2.18        0.566831
2.18        0.566771
2.18        0.566819
2.18        0.566884
2.18        0.566904
2.18        0.566929
2.18        0.567001
2.18        0.567011
2.18        0.567027
2.18        0.567089
2.18        0.567062
2.18        0.567116
2.2        0.569526
2.2        0.569959
2.2        0.570425
2.2         0.57025
2.2        0.570492
2.2        0.570439
2.2        0.570585
2.2        0.570518
2.2        0.570536
2.2        0.570555
2.2        0.570563
2.2        0.570525
2.2        0.570441
2.2        0.570409
2.2        0.570408
2.2        0.570396
2.2        0.570458
2.2        0.570565
2.2        0.570645
2.2        0.570614
2.22        0.573808
2.22        0.574053
2.22        0.574407
2.22        0.574193
2.22        0.574462
2.22        0.574177
2.22        0.574311
2.22        0.574105
2.22        0.574067
2.22        0.574115
2.22        0.574077
2.22        0.573955
2.22        0.573935
2.22         0.57386
2.22        0.573922
2.22        0.573905
2.22        0.573744
2.22        0.573738
2.22        0.573708
2.22        0.573649
2.24        0.578696
2.24        0.578598
2.24        0.578101
2.24        0.577972
2.24        0.577876
2.24        0.577912
2.24        0.578017
2.24        0.577896
2.24         0.57797
2.24         0.57783
2.24        0.577739
2.24        0.577664
2.24        0.577711
2.24        0.577635
2.24        0.577628
2.24        0.577572
2.24         0.57755
2.24        0.577461
2.24        0.577381
2.24        0.577393
2.26        0.581747
2.26        0.581129
2.26        0.581192
2.26         0.58104
2.26        0.580976
2.26        0.580663
2.26        0.580669
2.26        0.580695
2.26        0.580682
2.26        0.580785
2.26        0.580764
2.26        0.580803
2.26        0.580702
2.26        0.580681
2.26        0.580676
2.26        0.580666
2.26        0.580678
2.26         0.58067
2.26        0.580697
2.26        0.580691
2.28        0.584345
2.28        0.584013
2.28        0.584339
2.28        0.584456
2.28         0.58417
2.28        0.583914
2.28         0.58386
2.28        0.583874
2.28        0.583875
2.28        0.583835
2.28        0.583868
2.28         0.58379
2.28        0.583787
2.28        0.583772
2.28        0.583797
2.28        0.583771
2.28        0.583912
2.28        0.583921
2.28        0.583912
2.28        0.583925
2.3        0.586111
2.3        0.586319
2.3        0.586512
2.3        0.586455
2.3        0.586392
2.3        0.586311
2.3        0.586524
2.3        0.586628
2.3        0.586613
2.3        0.586571
2.3        0.586594
2.3        0.586633
2.3        0.586744
2.3        0.586779
2.3        0.586744
2.3        0.586774
2.3         0.58676
2.3        0.586744
2.3        0.586844
2.3        0.586918
2.32        0.590646
2.32        0.590304
2.32        0.589708
2.32         0.58959
2.32        0.589442
2.32        0.589574
2.32        0.589787
2.32        0.589806
2.32        0.589849
2.32        0.589723
2.32        0.589791
2.32        0.589777
2.32        0.589698
2.32         0.58977
2.32        0.589779
2.32        0.589757
2.32        0.589734
2.32        0.589735
2.32        0.589796
2.32        0.589801
2.34        0.593668
2.34        0.592942
2.34        0.592582
2.34        0.592629
2.34        0.592518
2.34        0.592526
2.34        0.592567
2.34        0.592609
2.34        0.592621
2.34          0.5927
2.34        0.592854
2.34        0.592872
2.34        0.592931
2.34        0.592932
2.34        0.592903
2.34        0.592922
2.34        0.592988
2.34        0.592923
2.34        0.592879
2.34        0.592881
2.36        0.595161
2.36        0.595933
2.36        0.595151
2.36        0.595359
2.36        0.595432
2.36        0.595404
2.36        0.595444
2.36        0.595539
2.36        0.595623
2.36         0.59561
2.36        0.595553
2.36        0.595466
2.36        0.595543
2.36        0.595469
2.36        0.595554
2.36        0.595542
2.36        0.595609
2.36        0.595586
2.36        0.595652
2.36        0.595644
2.38        0.598945
2.38        0.599399
2.38        0.599462
2.38        0.599624
2.38        0.599423
2.38        0.599415
2.38        0.599372
2.38        0.599274
2.38        0.599354
2.38        0.599429
2.38         0.59931
2.38        0.599358
2.38        0.599332
2.38        0.599362
2.38        0.599345
2.38        0.599256
2.38        0.599296
2.38        0.599265
2.38        0.599275
2.38        0.599219
2.4        0.602949
2.4        0.602912
2.4         0.60309
2.4        0.602963
2.4        0.602834
2.4        0.602886
2.4        0.602909
2.4        0.602935
2.4        0.602879
2.4        0.602764
2.4        0.602698
2.4         0.60255
2.4        0.602537
2.4        0.602539
2.4        0.602515
2.4        0.602586
2.4        0.602602
2.4        0.602596
2.4        0.602602
2.4        0.602545
2.42        0.605885
2.42        0.605428
2.42        0.605777
2.42        0.605922
2.42        0.605841
2.42        0.605844
2.42         0.60575
2.42        0.605709
2.42        0.605599
2.42        0.605521
2.42        0.605485
2.42        0.605504
2.42        0.605453
2.42        0.605397
2.42        0.605261
2.42        0.605282
2.42        0.605188
2.42        0.605127
2.42        0.605106
2.42        0.605049
2.44        0.607392
2.44        0.607904
2.44        0.607692
2.44        0.607541
2.44        0.607642
2.44        0.607661
2.44        0.607726
2.44        0.607729
2.44        0.607756
2.44        0.607721
2.44        0.607779
2.44        0.607774
2.44        0.607782
2.44        0.607806
2.44        0.607889
2.44        0.607845
2.44         0.60786
2.44         0.60786
2.44         0.60786
2.44        0.607926
2.46        0.611397
2.46        0.611715
2.46        0.611224
2.46        0.611324
2.46        0.611326
2.46        0.611443
2.46        0.611478
2.46        0.611342
2.46        0.611288
2.46        0.611296
2.46        0.611383
2.46        0.611425
2.46        0.611361
2.46        0.611198
2.46        0.611257
2.46        0.611271
2.46        0.611248
2.46        0.611318
2.46        0.611306
2.46        0.611232
2.48        0.613604
2.48        0.613978
2.48        0.614018
2.48        0.613679
2.48        0.613771
2.48        0.613516
2.48         0.61346
2.48          0.6133
2.48        0.613078
2.48        0.613115
2.48        0.613071
2.48        0.613116
2.48        0.613123
2.48        0.613172
2.48        0.613284
2.48        0.613211
2.48        0.613282
2.48        0.613278
2.48        0.613326
2.48        0.613317
2.5        0.616892
2.5        0.616561
2.5        0.616481
2.5        0.616481
2.5        0.616506
2.5        0.616506
2.5        0.616488
2.5        0.616437
2.5        0.616549
2.5          0.6165
2.5        0.616463
2.5        0.616429
2.5        0.616611
2.5        0.616622
2.5        0.616629
2.5        0.616662
2.5        0.616635
2.5        0.616639
2.5        0.616559
2.5         0.61652
2.52        0.619985
2.52        0.618643
2.52        0.619332
2.52        0.619313
2.52        0.619502
2.52        0.619442
2.52        0.619413
2.52        0.619516
2.52        0.619415
2.52        0.619415
2.52        0.619414
2.52        0.619462
2.52        0.619533
2.52        0.619524
2.52        0.619514
2.52        0.619417
2.52        0.619402
2.52        0.619402
2.52        0.619386
2.52          0.6194
2.54         0.62137
2.54         0.62116
2.54        0.621372
2.54        0.621688
2.54        0.621808
2.54        0.621818
2.54        0.622091
2.54         0.62201
2.54        0.622089
2.54        0.621945
2.54        0.621762
2.54        0.621875
2.54        0.621967
2.54        0.621977
2.54        0.621974
2.54        0.621993
2.54        0.622002
2.54        0.621978
2.54        0.621908
2.54        0.621901
2.56        0.625211
2.56        0.624788
2.56        0.624974
2.56        0.624971
2.56        0.624772
2.56        0.624766
2.56        0.624813
2.56        0.624761
2.56        0.624782
2.56        0.624732
2.56        0.624614
2.56        0.624595
2.56        0.624499
2.56        0.624322
2.56        0.624314
2.56        0.624355
2.56        0.624352
2.56        0.624441
2.56        0.624435
2.56         0.62441
2.58        0.627219
2.58        0.627342
2.58        0.627036
2.58        0.627217
2.58        0.627291
2.58        0.627425
2.58        0.627387
2.58        0.627428
2.58         0.62758
2.58        0.627485
2.58          0.6275
2.58        0.627413
2.58        0.627508
2.58        0.627443
2.58        0.627433
2.58        0.627449
2.58        0.627383
2.58        0.627365
2.58         0.62731
2.58        0.627284
2.6        0.630414
2.6        0.630485
2.6         0.63073
2.6        0.630498
2.6         0.63038
2.6        0.630413
2.6        0.630294
2.6        0.630253
2.6        0.630338
2.6        0.630373
2.6        0.630258
2.6         0.63036
2.6        0.630334
2.6        0.630258
2.6        0.630193
2.6        0.630189
2.6        0.630145
2.6        0.630157
2.6        0.630156
2.6        0.630154
2.62        0.631885
2.62        0.631889
2.62        0.632178
2.62        0.632128
2.62        0.631985
2.62        0.632554
2.62        0.632454
2.62        0.632437
2.62        0.632428
2.62        0.632393
2.62        0.632408
2.62        0.632383
2.62        0.632285
2.62        0.632268
2.62        0.632236
2.62        0.632286
2.62        0.632382
2.62        0.632376
2.62        0.632345
2.62        0.632368
2.64        0.635215
2.64        0.634282
2.64        0.634438
2.64        0.634507
2.64        0.634784
2.64        0.634767
2.64        0.634772
2.64        0.634766
2.64        0.634772
2.64        0.634686
2.64        0.634554
2.64        0.634514
2.64        0.634537
2.64        0.634505
2.64        0.634487
2.64         0.63444
2.64        0.634489
2.64        0.634442
2.64         0.63443
2.64        0.634507
2.66         0.63847
2.66        0.637642
2.66        0.637357
2.66        0.637415
2.66        0.637356
2.66        0.637261
2.66        0.637254
2.66        0.637264
2.66        0.637372
2.66        0.637501
2.66        0.637478
2.66        0.637455
2.66        0.637504
2.66        0.637498
2.66         0.63752
2.66        0.637456
2.66        0.637415
2.66        0.637412
2.66        0.637438
2.66        0.637478
2.68        0.639562
2.68        0.640221
2.68        0.640212
2.68        0.640082
2.68         0.63994
2.68        0.640018
2.68        0.639778
2.68        0.639924
2.68        0.639771
2.68        0.639762
2.68        0.639795
2.68        0.639711
2.68        0.639725
2.68        0.639786
2.68        0.639712
2.68        0.639755
2.68        0.639782
2.68        0.639694
2.68        0.639652
2.68        0.639676
2.7        0.643102
2.7        0.642199
2.7        0.642406
2.7        0.642419
2.7        0.642286
2.7        0.642386
2.7        0.642495
2.7        0.642192
2.7        0.642098
2.7        0.642139
2.7        0.642137
2.7        0.642142
2.7        0.642124
2.7        0.642167
2.7        0.642202
2.7        0.642242
2.7        0.642295
2.7        0.642264
2.7        0.642247
2.7        0.642249
2.72        0.643736
2.72        0.644506
2.72        0.644616
2.72        0.644196
2.72         0.64426
2.72        0.644435
2.72        0.644529
2.72         0.64452
2.72        0.644533
2.72        0.644626
2.72        0.644552
2.72        0.644437
2.72          0.6445
2.72        0.644445
2.72         0.64448
2.72        0.644538
2.72        0.644577
2.72        0.644577
2.72        0.644542
2.72        0.644495
2.74        0.646456
2.74        0.646373
2.74        0.646828
2.74        0.647027
2.74        0.646982
2.74        0.647051
2.74        0.646916
2.74          0.6469
2.74         0.64688
2.74        0.646917
2.74        0.646866
2.74        0.646876
2.74        0.646877
2.74        0.646829
2.74        0.646839
2.74        0.646872
2.74        0.646854
2.74        0.646882
2.74         0.64692
2.74        0.646948
2.76        0.648026
2.76         0.64865
2.76        0.649131
2.76          0.6491
2.76        0.649177
2.76        0.649233
2.76        0.649278
2.76        0.649257
2.76        0.649315
2.76        0.649269
2.76        0.649128
2.76         0.64918
2.76        0.649191
2.76        0.649163
2.76         0.64911
2.76         0.64911
2.76        0.649102
2.76        0.649119
2.76        0.649109
2.76        0.649084
2.78        0.652365
2.78        0.651806
2.78        0.651829
2.78        0.651742
2.78        0.651717
2.78        0.651516
2.78         0.65155
2.78        0.651484
2.78        0.651536
2.78        0.651413
2.78        0.651402
2.78        0.651466
2.78        0.651339
2.78        0.651392
2.78        0.651332
2.78        0.651335
2.78        0.651382
2.78        0.651377
2.78        0.651327
2.78        0.651367
2.8        0.654322
2.8        0.654006
2.8        0.653877
2.8        0.654008
2.8        0.653851
2.8        0.653761
2.8        0.653752
2.8         0.65367
2.8        0.653719
2.8         0.65389
2.8        0.653851
2.8        0.653954
2.8        0.653949
2.8        0.653857
2.8        0.653842
2.8        0.653803
2.8        0.653783
2.8        0.653812
2.8        0.653719
2.8        0.653665
2.82        0.656379
2.82        0.656008
2.82        0.655891
2.82        0.656111
2.82        0.656244
2.82        0.656119
2.82        0.656198
2.82        0.656265
2.82        0.656329
2.82        0.656359
2.82        0.656243
2.82        0.656204
2.82        0.656235
2.82        0.656193
2.82        0.656126
2.82         0.65617
2.82        0.656176
2.82        0.656195
2.82        0.656215
2.82        0.656218
2.84        0.659682
2.84        0.659196
2.84        0.659204
2.84        0.659325
2.84        0.659018
2.84        0.658969
2.84        0.658945
2.84        0.659007
2.84        0.658918
2.84        0.658919
2.84         0.65896
2.84        0.658889
2.84        0.658884
2.84        0.658897
2.84        0.658835
2.84        0.658857
2.84        0.658787
2.84        0.658819
2.84         0.65878
2.84        0.658822
2.86        0.660272
2.86        0.659985
2.86        0.659879
2.86        0.659816
2.86        0.659877
2.86        0.660133
2.86        0.660116
2.86        0.660171
2.86        0.660222
2.86        0.660413
2.86        0.660473
2.86        0.660463
2.86        0.660367
2.86        0.660432
2.86        0.660482
2.86        0.660514
2.86        0.660492
2.86        0.660555
2.86        0.660532
2.86        0.660621
2.88        0.663711
2.88        0.663598
2.88         0.66356
2.88        0.663415
2.88        0.663308
2.88        0.663305
2.88        0.663361
2.88        0.663292
2.88        0.663139
2.88        0.663107
2.88        0.663111
2.88        0.663093
2.88        0.662959
2.88        0.662981
2.88        0.662999
2.88         0.66297
2.88          0.6629
2.88        0.662918
2.88        0.662949
2.88        0.662955
2.9        0.665318
2.9        0.665045
2.9        0.664609
2.9        0.664624
2.9        0.664674
2.9        0.664608
2.9        0.664444
2.9        0.664546
2.9        0.664515
2.9        0.664598
2.9        0.664621
2.9        0.664625
2.9        0.664701
2.9        0.664747
2.9        0.664821
2.9         0.66491
2.9        0.664879
2.9        0.664846
2.9        0.664839
2.9        0.664751
2.92        0.666536
2.92        0.667098
2.92        0.667477
2.92         0.66712
2.92        0.667302
2.92        0.667286
2.92        0.667479
2.92        0.667281
2.92        0.667173
2.92        0.667145
2.92        0.667219
2.92        0.667201
2.92        0.667268
2.92        0.667351
2.92        0.667428
2.92         0.66739
2.92        0.667346
2.92        0.667248
2.92        0.667204
2.92        0.667199
2.94        0.670394
2.94        0.669346
2.94        0.669153
2.94        0.668929
2.94        0.668767
2.94        0.668685
2.94        0.668753
2.94        0.668891
2.94        0.668877
2.94        0.668852
2.94        0.668874
2.94        0.668905
2.94        0.668816
2.94        0.668977
2.94        0.668947
2.94        0.668934
2.94        0.668934
2.94        0.668967
2.94        0.668975
2.94        0.668965
2.96        0.672121
2.96         0.67155
2.96        0.671374
2.96        0.671202
2.96        0.671344
2.96        0.671249
2.96         0.67111
2.96        0.671102
2.96        0.671107
2.96        0.671266
2.96        0.671277
2.96        0.671313
2.96        0.671322
2.96        0.671313
2.96        0.671281
2.96        0.671292
2.96        0.671334
2.96        0.671366
2.96        0.671332
2.96        0.671302
2.98        0.673093
2.98        0.673752
2.98         0.67362
2.98        0.673414
2.98        0.673245
2.98         0.67323
2.98        0.673266
2.98        0.673243
2.98        0.673326
2.98        0.673322
2.98        0.673426
2.98        0.673482
2.98        0.673507
2.98        0.673488
2.98        0.673501
2.98        0.673507
2.98         0.67348
2.98        0.673429
2.98        0.673465
2.98        0.673468
