0         412.136         491.942
1         376.893          466.95
2         367.103         439.734
3         355.676         414.223
4         340.316          392.56
5         320.705         375.891
6          305.15         361.722
7           296.1         346.108
8          286.64         328.283
9         273.577         311.133
10         265.408         297.645
11         254.299         286.804
12          248.62         276.474
13         241.838         266.957
14         236.279         258.489
15         227.489         251.788
16         221.327         245.765
17         217.958         239.388
18         215.034         232.687
19         211.074         226.795
20         194.375          221.96
21         192.541         217.806
22         189.061         213.705
23         187.309          208.04
24         184.618         199.921
25         181.326         193.636
26         176.631         189.866
27         173.594         186.875
28         170.886         183.708
29         166.125         180.032
30         157.935         176.244
31         152.639         172.305
32         150.624         167.414
33         144.632         161.908
34          140.63         156.759
35         134.327         152.055
36         132.047         147.304
37         130.045         142.369
38         127.721         137.897
39         125.646         134.257
40         123.322         131.285
41         120.084         128.724
42         116.976         126.426
43         114.756         124.235
44         114.178         121.525
45         113.442         118.519
46         111.592         116.309
47         110.619         114.906
48         110.117         113.938
49         109.087         113.025
50         108.317         112.003
51         108.003         110.881
52         107.368         109.878
53         106.979         109.123
54         105.268         108.573
55         104.184         108.013
56         103.474         107.191
57          102.73         106.213
58         102.332         105.165
59         101.625         104.187
60         101.051         103.362
61         100.183         102.688
62         99.3702         102.046
63         98.8017         101.361
64         97.8461          100.67
65         96.9311         100.012
66         95.4863         99.3956
67         94.9249         98.5965
68         94.5852         97.6134
69         93.7929         96.5668
70          89.694         95.6541
71         89.6759         94.9509
72         89.3296          94.338
73         89.1448          93.496
74         88.7804         92.3565
75          88.291          91.063
76         87.8067         90.0247
77          87.003         89.2101
78         85.8067          88.596
79         85.4423          87.984
80         85.0938         87.2649
81         84.5791         86.5095
82         83.9177         85.9244
83         83.8481         85.4717
84         83.3524         85.0034
85         83.3524           84.56
86         83.3028         84.1682
87          82.951         83.8331
88         82.6195         83.6154
89         82.3791         83.6932
90         77.4753         83.8067
91         77.0809         83.5207
92         76.8583         82.9811
93         76.6685         81.8814
94         76.4746         80.3418
95         76.4746         78.7018
96         75.9946         77.6024
97         75.9946         76.9335
98         75.8366         76.5586
99         75.6534         76.2994
100         75.3343         76.1108
101         74.9503         75.9645
102          74.888           75.83
103         74.6186         75.7251
104         74.3184         75.5795
105         74.3184         75.3767
106         74.3184         75.1006
107         74.0407         74.8074
108         73.9826         74.5791
109         73.9826         74.4699
110         72.9045         74.3405
111         72.6954         74.2478
112         72.6351            74.4
113         72.6207         74.8357
114         72.4413          74.764
115         72.4413         74.3866
116         72.4413         74.0319
117         72.4413         73.6186
118         72.4413         73.1984
119          71.966         72.7931
120          71.966         72.6109
121          71.966         72.5936
122         71.8021         72.6248
123         71.8021         72.5522
124         71.5759         72.4298
125         71.5206         72.4164
126         71.3268         72.3463
127         71.3268         72.2695
128         71.2829         72.0803
129         71.2829         71.7954
130         68.8669         71.5306
131         68.4619         71.3487
132         68.4619         71.0625
133         68.4038         70.4239
134          68.072         69.6595
135         68.0139         68.9993
136         68.0139         68.6261
137         68.0139         68.3392
138         68.0139         68.1669
139         68.0139         68.0643
140         68.0139         68.0304
141         68.0139         68.0161
142         68.0139         68.0139
143         68.0139         68.0139
144         68.0139         68.0139
145         68.0139         68.0139
146         68.0139         68.0139
147         68.0139         68.0139
148         68.0139         68.0139
149         68.0139         68.0139
150         68.0139         68.0139
151         68.0139         68.0139
152         68.0139         68.0139
153         68.0139         68.0139
154         68.0139         68.0139
155         68.0139         68.0139
156         68.0139         68.0139
157         68.0139         68.0139
158         68.0139         68.0139
159         68.0139         68.0139
160         68.0139         68.0139
161         68.0139         68.0139
162         68.0139         68.0139
163         68.0139         68.0139
164         68.0139         68.0139
165         68.0139         68.0139
166         68.0139         68.0139
167         68.0139         68.0139
168         68.0139         68.0139
169         68.0139         68.0139
170         67.8847         68.0139
171         67.8847         68.0122
172         67.8847         68.0532
173         67.8847         68.1905
174         67.8847         68.2323
175         67.8847         68.1598
176         67.8847          68.037
177         67.8847         67.9499
178         67.8847         67.9043
179         67.8847         67.8849
180         67.8847         67.8847
181         67.8847         67.8847
182         67.8847         67.8847
183         67.8847         67.8847
184         67.8847         67.8847
185         67.8847         67.8847
186         67.8847         67.8847
187         67.8847         67.8847
188         67.8847         67.8847
189         67.8847         67.8847
190         67.5765         67.8847
191         67.5765         67.8778
192         67.5765         67.8176
193         67.5765         67.7183
194         67.5765         67.6424
195         67.5765         67.6025
196         67.5765         67.5819
197         67.5765         67.5765
198         67.5765         67.5765
199         67.5765         67.5765
200          67.536         67.5765
201          67.536         67.5757
202          67.536         67.6165
203          67.536         67.7169
204          67.536         67.7002
205          67.536         67.6247
206          67.536         67.5532
207          67.536         67.5368
208         67.4842          67.536
209         67.4842         67.5356
210          67.272         67.5575
211          67.272         67.6852
212          67.272         67.7198
213          67.272         67.6376
214          67.272         67.4935
215          67.272         67.3654
216          67.272         67.3127
217          67.272          67.282
218          67.272          67.273
219          67.272          67.272
220          67.272          67.272
221          67.272          67.272
222          67.272          67.272
223          67.272          67.272
224          67.272          67.272
225          67.272          67.272
226          67.272          67.272
227          67.272          67.272
228          67.272          67.272
229          67.272          67.272
230         65.9877         67.2719
231         65.9877         67.2591
232         65.9877         67.2813
233         65.9877         67.5888
234         65.9877         67.6628
235         65.9877         67.3906
236         65.9877         66.9892
237         65.9877         66.5463
238         65.9877         66.1887
239         65.9877          66.046
240         65.9877         66.0034
241         65.9877         65.9893
242         65.9877         65.9877
243         65.9877         65.9877
244         65.9877         65.9877
245         65.9877         65.9877
246         65.9877         65.9877
247         65.9877         65.9877
248         65.9877         65.9877
249         65.9877         65.9877
250         65.9877         65.9877
251         65.9877         65.9877
252         65.9877         65.9877
253         65.9877         65.9877
254         65.9877         65.9877
255         65.9877         65.9877
256         65.9877         65.9877
257         65.9877         65.9877
258         65.9877         65.9877
259         65.9877         65.9877
260         65.9877         65.9877
261         65.9877         65.9877
262         65.9877         65.9877
263         65.9877         65.9877
264         65.9877         65.9877
265         65.9877         65.9877
266         65.9877         65.9877
267         65.9877         65.9877
268         65.9877         65.9877
269         65.9877         65.9877
270         65.9877         65.9877
271         65.9877         65.9877
272         65.9877         65.9877
273         65.9877         65.9877
274         65.9877         65.9877
275         65.9877         65.9877
276         65.9877         65.9877
277         65.9877         65.9877
278         65.9877         65.9877
279         65.9877         65.9877
280         65.9877         65.9877
281         65.9877         65.9877
282         65.9877         65.9877
283         65.9877         65.9877
284         65.9877         65.9877
285         65.9877         65.9877
286         65.9877         65.9877
287         65.9877         65.9877
288         65.9877         65.9877
289         65.9877         65.9877
290         65.9877         65.9877
291         65.9877         65.9877
292         65.9877         65.9877
293         65.9877         65.9877
294         65.9877         65.9877
295         65.9877         65.9877
296         65.9877         65.9877
297         65.9877         65.9877
298         65.9877         65.9877
299         65.9877         65.9877
300         65.9877         65.9877
301         65.9877         65.9877
302         65.9877         65.9877
303         65.9877         65.9877
304         65.9877         65.9877
305         65.9877         65.9877
306         65.9877         65.9877
307         65.9877         65.9877
308         65.9877         65.9877
309         65.9877         65.9877
310         65.9877         65.9877
311         65.9877         65.9877
312         65.9877         65.9877
313         65.9877         65.9877
314         65.9877         65.9877
315         65.9877         65.9877
316         65.9877         65.9877
317         65.9877         65.9877
318         65.9877         65.9877
319         65.9877         65.9877
320         65.9877         65.9877
321         65.9877         65.9877
322         65.9877         65.9877
323         65.9877         65.9877
324         65.9877         65.9877
325         65.9877         65.9877
326         65.9877         65.9877
327         65.9877         65.9877
328         65.9877         65.9877
329         65.9877         65.9877
330         65.9877         65.9877
331         65.9877         65.9877
332         65.9877         65.9877
333         65.9877         65.9877
334         65.9877         65.9877
335         65.9877         65.9877
336         65.9877         65.9877
337         65.9877         65.9877
338         65.9877         65.9877
339         65.9877         65.9877
340         65.9877         65.9877
341         65.9877         65.9877
342         65.9877         65.9877
343         65.9877         65.9877
344         65.9877         65.9877
345         65.9877         65.9877
346         65.9877         65.9877
347         65.9877         65.9877
348         65.9877         65.9877
349         65.9877         65.9877
350         65.9877         65.9877
351         65.9877         65.9877
352         65.9877         65.9877
353         65.9877         65.9877
354         65.9877         65.9877
355         65.9877         65.9877
356         65.9877         65.9877
357         65.9877         65.9877
358         65.9877         65.9877
359         65.9877         65.9877
360         65.9877         65.9877
361         65.9877         65.9877
362         65.9877         65.9877
363         65.9877         65.9877
364         65.9877         65.9877
365         65.9877         65.9877
366         65.9877         65.9877
367         65.9877         65.9877
368         65.9877         65.9877
369         65.9877         65.9877
370         65.9877         65.9877
371         65.9877         65.9877
372         65.9877         65.9877
373         65.9877         65.9877
374         65.9877         65.9877
375         65.9877         65.9877
376         65.9877         65.9877
377         65.9877         65.9877
378         65.9877         65.9877
379         65.9877         65.9877
380         65.9877         65.9877
381         65.9877         65.9877
382         65.9877         65.9877
383         65.9877         65.9877
384         65.9877         65.9877
385         65.9877         65.9877
386         65.9877         65.9877
387         65.9877         65.9877
388         65.9877         65.9877
389         65.9877         65.9877
390         65.9877         65.9877
391         65.9877         65.9877
392         65.9877         65.9877
393         65.9877         65.9877
394         65.9877         65.9877
395         65.9877         65.9877
396         65.9877         65.9877
397         65.9877         65.9877
398         65.9877         65.9877
399         65.9877         65.9877
