0         406.825         491.859
1          388.74          466.92
2         372.002         438.412
3         352.511         413.347
4         341.345         394.085
5         327.344         377.135
6         312.517          360.89
7         302.339         344.981
8         286.714         328.814
9         266.637          314.87
10         260.755         301.067
11         252.004         286.641
12         243.752          274.61
13         235.056         264.817
14         230.843         256.635
15         225.858         248.504
16         220.889         240.662
17         212.737         234.616
18         206.638         229.413
19         200.571         223.532
20         196.848         216.988
21          192.12         210.843
22          191.05         205.432
23         188.021         200.739
24         181.768         196.604
25         178.606          192.93
26         176.073          188.99
27         172.865         184.964
28         170.451         181.573
29         169.102         178.816
30         155.918         176.271
31          153.73         173.694
32         151.212          170.57
33         146.853           165.7
34         144.928         159.633
35          143.03         153.976
36         140.901         149.958
37          138.68         147.048
38         134.292         144.666
39         132.818         142.184
40         129.932         139.183
41         129.111          136.43
42         125.742          134.61
43         123.349         133.042
44         121.713         130.914
45         120.459         128.234
46         119.945         125.896
47         118.423         124.435
48         116.952         123.361
49         115.963         122.349
50         114.528         121.242
51         113.188         119.891
52         112.452         118.378
53         111.335          116.97
54         110.603         115.626
55         109.682         114.491
56          109.37         113.354
57           108.6         112.222
58         107.807         111.206
59         106.755         110.424
60         97.6993         109.759
61          96.184         108.926
62         95.9634         107.463
63         94.3728         104.949
64         94.1522         101.622
65         93.4374         98.4562
66         93.3816         96.2825
67         91.5704         95.0406
68         91.2606         94.3345
69         89.7296         93.5911
70         89.0928         92.7772
71         88.8901         91.7993
72         88.2664         90.8636
73         87.8164         90.1862
74         87.3553         89.7227
75         86.7229          89.279
76         86.1487         88.6928
77          84.891         88.0387
78         84.4209         87.3653
79         84.1174         86.6116
80         83.6404         85.7997
81         83.1689         85.1102
82         82.5896          84.533
83         82.2245         84.0711
84         81.9314         83.6143
85         81.5504          83.101
86         80.9462         82.8126
87         80.9462         82.6208
88         80.5425         82.4018
89         80.1895         82.2207
90            77.6         81.8481
91         77.1452         81.3505
92         76.9226         80.7287
93         76.9226         79.8313
94         76.4636         78.7682
95         76.2737         77.8593
96         76.2237         77.2488
97         76.2237         76.8149
98         75.7647         76.5942
99         75.7437         76.4894
100           74.64         76.3336
101         74.0014          76.137
102         73.0666         76.0284
103         72.8727          75.769
104          72.397         75.0845
105         72.1198         74.1758
106         72.0689         73.4256
107         71.8512         72.8927
108         71.6574         72.6515
109         71.6065         72.4098
110          71.551         72.1276
111         71.4653         71.8797
112         71.4098         71.7184
113         71.3224         71.6527
114         71.2669         71.6958
115          71.216         71.6461
116         70.8814         71.4806
117          70.754          71.353
118         70.6876         71.2849
119         70.5602         71.2256
120         69.9625         71.0928
121         69.7812         70.9023
122         69.7167          70.834
123         69.6024         70.7409
124         69.4902         70.5067
125         69.3114         70.1805
126         68.8003         69.9024
127         68.6204         69.6688
128         68.4416         69.4117
129         68.4416          69.121
130         68.4416         68.8433
131         68.3977          68.634
132         68.3977          68.518
133         68.3977         68.4624
134         68.3977         68.4275
135         68.3977         68.4097
136         68.3977         68.4031
137         68.3977         68.3996
138         68.3977         68.3981
139         68.3977         68.3977
140         68.0278         68.3976
141         68.0278         68.3897
142         68.0278          68.321
143         68.0278         68.2042
144         68.0278         68.1125
145         68.0278         68.0617
146         68.0278         68.0401
147         68.0278         68.0278
148         68.0246         68.0278
149         67.8847         68.0277
150         67.8847         68.0234
151         67.8847          67.994
152         67.8847         67.9505
153         67.8847         67.9152
154         67.8847         67.8968
155         67.8847         67.8889
156         67.8847         67.8848
157         67.8847         67.8847
158         67.8847         67.8847
159         67.8847         67.8847
160         67.8847         67.8847
161         67.8847         67.8847
162         67.8847         67.8847
163         67.8847         67.8847
164         67.8847         67.8847
165         67.8847         67.8847
166         67.8847         67.8847
167         67.8847         67.8847
168         67.8847         67.8847
169         67.8847         67.8847
170         67.8847         67.8847
171         67.8847         67.8847
172         67.8847         67.8847
173         67.8847         67.8847
174         67.8847         67.8847
175         67.8847         67.8847
176         67.8847         67.8847
177         67.8847         67.8847
178         67.8847         67.8847
179         67.8847         67.8847
180         67.7195         67.8847
181         67.7195         67.8814
182         67.7195         67.8532
183         67.7195         67.8062
184         67.7195         67.7653
185         67.7195         67.7392
186         67.7195         67.7258
187         67.7195         67.7213
188         67.7195         67.7195
189         67.7195         67.7195
190         67.7195         67.7195
191         67.7195         67.7195
192         67.7195         67.7195
193         67.7195         67.7195
194         67.7195         67.7195
195         67.7195         67.7195
196         67.7195         67.7195
197         67.7195         67.7195
198         67.7195         67.7195
199         67.7195         67.7195
200         67.6983         67.7195
201          67.536         67.7188
202          67.536         67.7594
203          67.536          67.813
204          67.536         67.7491
205          67.536         67.6348
206          67.536         67.5677
207          67.536         67.5395
208          67.536          67.536
209          67.536          67.536
210         67.4874          67.536
211         67.4874         67.5351
212         67.4874         67.5268
213         67.4874         67.5131
214         67.4874         67.5017
215         67.4874         67.4937
216         67.4874         67.4899
217         67.4874         67.4879
218         67.4874         67.4874
219         67.4874         67.4874
220          67.272         67.4874
221          67.272         67.4846
222          67.272          67.497
223          67.272          67.583
224          67.272         67.5807
225          67.272         67.4864
226          67.272         67.3779
227          67.272         67.3228
228          67.272         67.2861
229          67.272         67.2726
230          67.272          67.272
231          67.272          67.272
232          67.272          67.272
233          67.272          67.272
234          67.272          67.272
235          67.272          67.272
236          67.272          67.272
237          67.272          67.272
238          67.272          67.272
239          67.272          67.272
240          67.272          67.272
241          67.272          67.272
242          67.272          67.272
243          67.272          67.272
244          67.272          67.272
245          67.272          67.272
246          67.272          67.272
247          67.272          67.272
248          67.272          67.272
249          67.272          67.272
250         65.9877         67.2719
251         65.9877         67.2601
252         65.9877         67.2979
253         65.9877         67.5945
254         65.9877         67.7052
255         65.9877         67.4588
256         65.9877         67.0327
257         65.9877          66.584
258         65.9877         66.2459
259         65.9877         66.0616
260         65.9877         65.9936
261         65.9877         65.9877
262         65.9877         65.9877
263         65.9877         65.9877
264         65.9877         65.9877
265         65.9877         65.9877
266         65.9877         65.9877
267         65.9877         65.9877
268         65.9877         65.9877
269         65.9877         65.9877
270         65.9877         65.9877
271         65.9877         65.9877
272         65.9877         65.9877
273         65.9877         65.9877
274         65.9877         65.9877
275         65.9877         65.9877
276         65.9877         65.9877
277         65.9877         65.9877
278         65.9877         65.9877
279         65.9877         65.9877
280         65.9877         65.9877
281         65.9877         65.9877
282         65.9877         65.9877
283         65.9877         65.9877
284         65.9877         65.9877
285         65.9877         65.9877
286         65.9877         65.9877
287         65.9877         65.9877
288         65.9877         65.9877
289         65.9877         65.9877
290         65.9877         65.9877
291         65.9877         65.9877
292         65.9877         65.9877
293         65.9877         65.9877
294         65.9877         65.9877
295         65.9877         65.9877
296         65.9877         65.9877
297         65.9877         65.9877
298         65.9877         65.9877
299         65.9877         65.9877
300         65.9877         65.9877
301         65.9877         65.9877
302         65.9877         65.9877
303         65.9877         65.9877
304         65.9877         65.9877
305         65.9877         65.9877
306         65.9877         65.9877
307         65.9877         65.9877
308         65.9877         65.9877
309         65.9877         65.9877
310         65.9877         65.9877
311         65.9877         65.9877
312         65.9877         65.9877
313         65.9877         65.9877
314         65.9877         65.9877
315         65.9877         65.9877
316         65.9877         65.9877
317         65.9877         65.9877
318         65.9877         65.9877
319         65.9877         65.9877
320         65.9877         65.9877
321         65.9877         65.9877
322         65.9877         65.9877
323         65.9877         65.9877
324         65.9877         65.9877
325         65.9877         65.9877
326         65.9877         65.9877
327         65.9877         65.9877
328         65.9877         65.9877
329         65.9877         65.9877
330         65.9877         65.9877
331         65.9877         65.9877
332         65.9877         65.9877
333         65.9877         65.9877
334         65.9877         65.9877
335         65.9877         65.9877
336         65.9877         65.9877
337         65.9877         65.9877
338         65.9877         65.9877
339         65.9877         65.9877
340         65.9877         65.9877
341         65.9877         65.9877
342         65.9877         65.9877
343         65.9877         65.9877
344         65.9877         65.9877
345         65.9877         65.9877
346         65.9877         65.9877
347         65.9877         65.9877
348         65.9877         65.9877
349         65.9877         65.9877
350         65.9877         65.9877
351         65.9877         65.9877
352         65.9877         65.9877
353         65.9877         65.9877
354         65.9877         65.9877
355         65.9877         65.9877
356         65.9877         65.9877
357         65.9877         65.9877
358         65.9877         65.9877
359         65.9877         65.9877
360         65.9877         65.9877
361         65.9877         65.9877
362         65.9877         65.9877
363         65.9877         65.9877
364         65.9877         65.9877
365         65.9877         65.9877
366         65.9877         65.9877
367         65.9877         65.9877
368         65.9877         65.9877
369         65.9877         65.9877
370         65.9877         65.9877
371         65.9877         65.9877
372         65.9877         65.9877
373         65.9877         65.9877
374         65.9877         65.9877
375         65.9877         65.9877
376         65.9877         65.9877
377         65.9877         65.9877
378         65.9877         65.9877
379         65.9877         65.9877
380         65.9877         65.9877
381         65.9877         65.9877
382         65.9877         65.9877
383         65.9877         65.9877
384         65.9877         65.9877
385         65.9877         65.9877
386         65.9877         65.9877
387         65.9877         65.9877
388         65.9877         65.9877
389         65.9877         65.9877
390         65.9877         65.9877
391         65.9877         65.9877
392         65.9877         65.9877
393         65.9877         65.9877
394         65.9877         65.9877
395         65.9877         65.9877
396         65.9877         65.9877
397         65.9877         65.9877
398         65.9877         65.9877
399         65.9877         65.9877
