#step  acceptance
0           0
1         0.5
2    0.666667
3        0.75
4         0.8
5    0.666667
6    0.714286
7       0.625
8    0.555556
9         0.6
10    0.545455
11         0.5
12    0.461538
13         0.5
14    0.466667
15         0.5
16    0.470588
17         0.5
18    0.473684
19         0.5
20     0.52381
21         0.5
22    0.521739
23    0.541667
24        0.52
25         0.5
26    0.518519
27         0.5
28    0.482759
29         0.5
30    0.516129
31     0.53125
32    0.545455
33    0.558824
34    0.542857
35    0.527778
36    0.540541
37    0.552632
38    0.564103
39       0.575
40    0.585366
41    0.595238
42    0.604651
43    0.590909
44         0.6
45    0.586957
46    0.595745
47    0.604167
48    0.612245
49         0.6
50    0.607843
51    0.615385
52    0.622642
53    0.611111
54    0.618182
55       0.625
56    0.614035
57     0.62069
58    0.627119
59    0.633333
60    0.622951
61    0.629032
62    0.634921
63    0.640625
64    0.646154
65    0.651515
66    0.656716
67    0.647059
68    0.652174
69    0.642857
70    0.633803
71    0.638889
72    0.630137
73    0.635135
74    0.626667
75    0.618421
76    0.623377
77    0.628205
78    0.632911
79       0.625
80     0.62963
81    0.634146
82    0.638554
83    0.642857
84    0.647059
85    0.639535
86    0.643678
87    0.647727
88    0.640449
89    0.644444
90    0.648352
91    0.652174
92    0.655914
93    0.659574
94    0.663158
95     0.65625
96    0.659794
97    0.653061
98    0.646465
99        0.64
100    0.633663
101    0.637255
102    0.640777
103    0.634615
104    0.638095
105    0.641509
106     0.64486
107    0.648148
108    0.651376
109    0.645455
110     0.63964
111    0.633929
112    0.637168
113    0.631579
114    0.634783
115    0.637931
116    0.641026
117    0.644068
118    0.638655
119    0.641667
120    0.644628
121    0.647541
122    0.650407
123    0.645161
124        0.64
125    0.642857
126    0.645669
127    0.648438
128    0.643411
129    0.646154
130    0.641221
131    0.636364
132    0.639098
133    0.634328
134     0.62963
135    0.632353
136    0.627737
137    0.623188
138    0.618705
139    0.621429
140    0.617021
141    0.619718
142    0.615385
143    0.618056
144     0.62069
145    0.616438
146    0.619048
147    0.621622
148    0.624161
149        0.62
150    0.615894
151    0.611842
152    0.614379
153    0.616883
154    0.619355
155    0.615385
156    0.611465
157    0.613924
158    0.616352
159      0.6125
160    0.614907
161    0.611111
162    0.607362
163    0.603659
164         0.6
165    0.596386
166    0.598802
167    0.595238
168    0.597633
169    0.594118
170    0.590643
171    0.587209
172    0.589595
173    0.591954
174    0.594286
175    0.596591
176     0.59322
177    0.589888
178    0.586592
179    0.588889
180     0.59116
181    0.593407
182    0.590164
183    0.586957
184    0.589189
185    0.586022
186    0.588235
187    0.590426
188    0.587302
189    0.584211
190    0.586387
191    0.588542
192    0.585492
193    0.587629
194    0.584615
195    0.586735
196    0.588832
197    0.585859
198     0.58794
199        0.59
200     0.59204
201    0.594059
202    0.596059
203    0.598039
204         0.6
205    0.601942
206    0.599034
207    0.600962
208    0.598086
209         0.6
210    0.597156
211    0.599057
212    0.596244
213    0.593458
214    0.595349
215    0.597222
216    0.599078
217    0.600917
218    0.598174
219         0.6
220     0.60181
221    0.599099
222    0.596413
223    0.598214
224    0.595556
225     0.59292
226    0.590308
227    0.587719
228    0.585153
229    0.586957
230    0.584416
231    0.586207
232    0.587983
233     0.58547
234    0.582979
235    0.580508
236    0.582278
237    0.584034
238     0.58159
239    0.579167
240    0.576763
241    0.578512
242    0.580247
243    0.581967
244    0.583673
245    0.585366
246    0.587045
247    0.584677
248    0.582329
249       0.584
250    0.581673
251    0.583333
252    0.581028
253    0.582677
254    0.584314
255    0.585938
256    0.587549
257    0.589147
258    0.586873
259    0.584615
260    0.582375
261    0.580153
262    0.577947
263    0.579545
264    0.577358
265    0.575188
266    0.573034
267    0.570896
268    0.568773
269    0.566667
270    0.568266
271    0.566176
272    0.567766
273    0.565693
274    0.563636
275    0.561594
276    0.563177
277    0.561151
278     0.55914
279    0.560714
280    0.558719
281    0.560284
282    0.561837
283     0.56338
284    0.561404
285    0.562937
286    0.560976
287    0.559028
288    0.560554
289    0.558621
290    0.556701
291    0.558219
292    0.556314
293    0.554422
294    0.555932
295    0.554054
296    0.552189
297    0.550336
298    0.551839
299        0.55
300    0.548173
301    0.549669
302    0.551155
303    0.552632
304     0.55082
305    0.552288
306    0.553746
307    0.555195
308    0.553398
309    0.554839
310     0.55627
311    0.554487
312    0.552716
313     0.55414
314    0.552381
315    0.553797
316    0.555205
317    0.553459
318    0.551724
319    0.553125
320    0.554517
321    0.555901
322     0.55418
323    0.552469
324    0.553846
325    0.555215
326    0.556575
327    0.557927
328    0.556231
329    0.557576
330    0.555891
331    0.554217
332    0.555556
333    0.553892
334    0.555224
335    0.553571
336    0.551929
337    0.553254
338    0.554572
339    0.552941
340     0.55132
341    0.552632
342    0.553936
343    0.555233
344    0.553623
345    0.554913
346    0.556196
347    0.554598
348    0.555874
349    0.554286
350    0.555556
351    0.553977
352    0.552408
353    0.550847
354    0.549296
355    0.550562
356     0.54902
357    0.547486
358    0.548747
359        0.55
360    0.551247
361    0.552486
362    0.553719
363    0.554945
364    0.553425
365    0.554645
366    0.555858
367    0.554348
368    0.555556
369    0.554054
370    0.555256
371    0.556452
372    0.557641
373     0.55615
374    0.557333
375    0.555851
376    0.557029
377    0.558201
378    0.559367
379    0.557895
380     0.55643
381    0.554974
382    0.556136
383    0.554688
384    0.555844
385    0.554404
386    0.552972
387    0.551546
388    0.552699
389    0.553846
390     0.55243
391    0.553571
392    0.554707
393    0.555838
394     0.55443
395     0.55303
396    0.551637
397    0.550251
398    0.551378
399      0.5525
400    0.553616
401    0.554726
402    0.555831
403    0.556931
404    0.555556
405     0.55665
406    0.555283
407    0.556373
408    0.557457
409    0.558537
410    0.557178
411    0.555825
412    0.556901
413    0.557971
414    0.559036
415    0.557692
416    0.558753
417    0.559809
418    0.558473
419    0.559524
420    0.558195
421    0.559242
422     0.55792
423    0.556604
424    0.557647
425    0.556338
426    0.557377
427    0.558411
428    0.559441
429     0.55814
430    0.559165
431     0.55787
432    0.556582
433    0.557604
434    0.556322
435    0.557339
436    0.558352
437    0.559361
438    0.558087
439    0.559091
440    0.560091
441    0.561086
442    0.562077
443    0.563063
444    0.564045
445     0.56278
446    0.561521
447      0.5625
448    0.561247
449    0.562222
450    0.560976
451    0.561947
452    0.562914
453    0.563877
454    0.562637
455    0.563596
456    0.564551
457    0.563319
458     0.56427
459    0.563043
460    0.561822
461    0.562771
462    0.563715
463      0.5625
464    0.563441
465    0.562232
466    0.561028
467    0.561966
468      0.5629
469    0.561702
470     0.56051
471    0.561441
472    0.562368
473    0.563291
474    0.564211
475    0.563025
476    0.563941
477    0.564854
478    0.565762
479    0.566667
480    0.567568
481     0.56639
482    0.567288
483    0.568182
484     0.56701
485    0.565844
486    0.564682
487    0.563525
488    0.564417
489    0.565306
490    0.566191
491    0.567073
492    0.567951
493    0.568826
494    0.567677
495    0.566532
496    0.565392
497    0.566265
498    0.567134
499       0.568
