#BLOCK   PARTNER   MY_BETA PART_BETA   DELTA_BDELTA_E  ACCEPTED
0         4   1.10206   1.57735 -0.475288   15.2534         0
1         6   1.10206         1  0.102062  -10.2226         0
2         4   1.10206   1.57735 -0.475288   27.9549         0
3         6   1.10206         1  0.102062  -18.8361         1
4         4   1.10206   1.57735 -0.475288   23.6462         0
5         6   1.10206         1  0.102062  -20.8157         1
6         4   1.10206   1.57735 -0.475288   29.2835         0
7         6   1.10206         1  0.102062  -3.28335         1
8         4   1.10206   1.57735 -0.475288   45.5202         0
9         6   1.10206         1  0.102062  -24.3443         1
10         4   1.10206   1.57735 -0.475288   28.7712         0
11         6   1.10206         1  0.102062   1.64985         1
12         4   1.10206   1.57735 -0.475288   24.2048         0
13         6   1.10206         1  0.102062  -25.5797         0
14         4   1.10206   1.57735 -0.475288   25.3559         0
15         6   1.10206         1  0.102062   1.26552         1
16         4   1.10206   1.57735 -0.475288   34.4486         0
17         6   1.10206         1  0.102062   5.44279         1
18         4   1.10206   1.57735 -0.475288   41.7046         0
19         6   1.10206         1  0.102062  -27.8377         0
20         4   1.10206   1.57735 -0.475288   25.1198         0
21         6   1.10206         1  0.102062   -34.351         0
22         4   1.10206   1.57735 -0.475288   39.0456         0
23         6   1.10206         1  0.102062  -21.8049         0
24         4   1.10206   1.57735 -0.475288    28.759         0
25         6   1.10206         1  0.102062  -6.32178         0
26         4   1.10206   1.57735 -0.475288   31.3145         0
27         6   1.10206         1  0.102062  -3.73856         0
28         4   1.10206   1.57735 -0.475288   47.4416         0
29         6   1.10206         1  0.102062  -27.9375         0
30         4   1.10206   1.57735 -0.475288   32.2811         0
31         6   1.10206         1  0.102062  -27.6945         0
32         4   1.10206   1.57735 -0.475288   37.9095         0
33         6   1.10206         1  0.102062  -19.7054         0
34         4   1.10206   1.57735 -0.475288   32.5931         0
35         6   1.10206         1  0.102062  -34.0898         0
36         4   1.10206   1.57735 -0.475288   27.6049         0
37         6   1.10206         1  0.102062  -18.1463         0
38         4   1.10206   1.57735 -0.475288   33.6894         0
39         6   1.10206         1  0.102062  -3.71694         1
40         4   1.10206   1.57735 -0.475288   31.4056         0
41         6   1.10206         1  0.102062  -24.4285         0
42         4   1.10206   1.57735 -0.475288   20.5763         0
43         6   1.10206         1  0.102062   14.8315         1
44         4   1.10206   1.57735 -0.475288   20.6056         0
45         6   1.10206         1  0.102062  -14.8669         0
46         4   1.10206   1.57735 -0.475288   34.5956         0
47         6   1.10206         1  0.102062  -20.0087         0
48         4   1.10206   1.57735 -0.475288   26.5673         0
49         6   1.10206         1  0.102062  -26.7268         0
50         4   1.10206   1.57735 -0.475288   46.2753         0
51         6   1.10206         1  0.102062  -20.9479         0
52         4   1.10206   1.57735 -0.475288   32.2571         0
53         6   1.10206         1  0.102062  -28.3815         0
54         4   1.10206   1.57735 -0.475288    24.924         0
55         6   1.10206         1  0.102062  -22.4681         0
56         4   1.10206   1.57735 -0.475288   34.7829         0
57         6   1.10206         1  0.102062  -12.6953         0
58         4   1.10206   1.57735 -0.475288   35.1597         0
59         6   1.10206         1  0.102062  -4.28859         1
60         4   1.10206   1.57735 -0.475288   24.8199         0
61         6   1.10206         1  0.102062  -1.38693         1
62         4   1.10206   1.57735 -0.475288   32.1286         0
63         6   1.10206         1  0.102062  -7.07591         1
64         4   1.10206   1.57735 -0.475288   45.8705         0
65         6   1.10206         1  0.102062  -3.15845         1
66         4   1.10206   1.57735 -0.475288   54.6345         0
67         6   1.10206         1  0.102062  -2.99197         1
68         4   1.10206   1.57735 -0.475288   25.8859         0
69         6   1.10206         1  0.102062  -13.0676         0
70         4   1.10206   1.57735 -0.475288   17.9764         0
71         6   1.10206         1  0.102062   0.66074         1
72         4   1.10206   1.57735 -0.475288   33.0037         0
73         6   1.10206         1  0.102062  -16.8516         1
74         4   1.10206   1.57735 -0.475288   24.9146         0
75         6   1.10206         1  0.102062  -11.1063         1
76         4   1.10206   1.57735 -0.475288   27.3913         0
77         6   1.10206         1  0.102062  -1.16051         1
78         4   1.10206   1.57735 -0.475288   25.1977         0
79         6   1.10206         1  0.102062   9.84691         1
80         4   1.10206   1.57735 -0.475288   14.8389         0
81         6   1.10206         1  0.102062   -26.236         1
82         4   1.10206   1.57735 -0.475288   52.8796         0
83         6   1.10206         1  0.102062  -21.6909         0
84         4   1.10206   1.57735 -0.475288   46.1782         0
85         6   1.10206         1  0.102062  -7.57759         1
86         4   1.10206   1.57735 -0.475288   33.8856         0
87         6   1.10206         1  0.102062  -4.49916         1
88         4   1.10206   1.57735 -0.475288   39.7486         0
89         6   1.10206         1  0.102062  -7.32932         0
90         4   1.10206   1.57735 -0.475288   50.0594         0
91         6   1.10206         1  0.102062  -7.88554         0
92         4   1.10206   1.57735 -0.475288   25.8838         0
93         6   1.10206         1  0.102062  -11.7205         0
94         4   1.10206   1.57735 -0.475288   33.9392         0
95         6   1.10206         1  0.102062  -15.5038         0
96         4   1.10206   1.57735 -0.475288   8.23622         0
97         6   1.10206         1  0.102062  -2.19141         1
98         4   1.10206   1.57735 -0.475288     31.13         0
99         6   1.10206         1  0.102062   14.0388         1
100         4   1.10206   1.57735 -0.475288   55.8492         0
101         6   1.10206         1  0.102062    10.412         1
102         4   1.10206   1.57735 -0.475288   50.8137         0
103         6   1.10206         1  0.102062  -5.13589         0
104         4   1.10206   1.57735 -0.475288   34.2214         0
105         6   1.10206         1  0.102062  -22.7643         0
106         4   1.10206   1.57735 -0.475288   54.5057         0
107         6   1.10206         1  0.102062  -19.5415         0
108         4   1.10206   1.57735 -0.475288   33.8577         0
109         6   1.10206         1  0.102062  -42.9844         0
110         4   1.10206   1.57735 -0.475288    40.245         0
111         6   1.10206         1  0.102062   -5.5498         1
112         4   1.10206   1.57735 -0.475288    42.974         0
113         6   1.10206         1  0.102062   7.07645         1
114         4   1.10206   1.57735 -0.475288   27.7969         0
115         6   1.10206         1  0.102062  -12.1755         0
116         4   1.10206   1.57735 -0.475288    24.526         0
117         6   1.10206         1  0.102062  -4.04235         1
118         4   1.10206   1.57735 -0.475288   31.2685         0
119         6   1.10206         1  0.102062   6.62109         1
120         4   1.10206   1.57735 -0.475288   28.3224         0
121         6   1.10206         1  0.102062  0.203449         1
122         4   1.10206   1.57735 -0.475288   37.2775         0
123         6   1.10206         1  0.102062   10.3658         1
124         4   1.10206   1.57735 -0.475288   38.7117         0
125         6   1.10206         1  0.102062  -25.8896         0
126         4   1.10206   1.57735 -0.475288   11.5919         0
127         6   1.10206         1  0.102062  -36.2072         0
128         4   1.10206   1.57735 -0.475288   4.97161         1
129         6   1.10206         1  0.102062   12.3308         1
130         4   1.10206   1.57735 -0.475288   24.1309         0
131         6   1.10206         1  0.102062  -8.80899         0
132         4   1.10206   1.57735 -0.475288   45.6082         0
133         6   1.10206         1  0.102062  -28.8136         0
134         4   1.10206   1.57735 -0.475288   40.7294         0
135         6   1.10206         1  0.102062   -19.848         0
136         4   1.10206   1.57735 -0.475288    30.961         0
137         6   1.10206         1  0.102062  -7.06163         1
138         4   1.10206   1.57735 -0.475288   31.5798         0
139         6   1.10206         1  0.102062  0.463203         1
140         4   1.10206   1.57735 -0.475288   29.0013         0
141         6   1.10206         1  0.102062  -14.2897         0
142         4   1.10206   1.57735 -0.475288   47.6062         0
143         6   1.10206         1  0.102062-0.0839651         1
144         4   1.10206   1.57735 -0.475288   47.8534         0
145         6   1.10206         1  0.102062  -14.9396         0
146         4   1.10206   1.57735 -0.475288   46.5207         0
147         6   1.10206         1  0.102062  -26.0058         0
148         4   1.10206   1.57735 -0.475288   23.0508         0
149         6   1.10206         1  0.102062  -22.0768         0
150         4   1.10206   1.57735 -0.475288   35.6796         0
151         6   1.10206         1  0.102062  -15.3511         1
152         4   1.10206   1.57735 -0.475288   43.2613         0
153         6   1.10206         1  0.102062  -10.4903         0
154         4   1.10206   1.57735 -0.475288   28.4105         0
155         6   1.10206         1  0.102062  -10.0904         0
156         4   1.10206   1.57735 -0.475288   39.1311         0
157         6   1.10206         1  0.102062  -18.3086         1
158         4   1.10206   1.57735 -0.475288   46.4977         0
159         6   1.10206         1  0.102062  -34.7851         0
160         4   1.10206   1.57735 -0.475288   18.9888         0
161         6   1.10206         1  0.102062  -44.0463         0
162         4   1.10206   1.57735 -0.475288   44.7831         0
163         6   1.10206         1  0.102062  -15.4975         0
164         4   1.10206   1.57735 -0.475288   11.1943         0
165         6   1.10206         1  0.102062  -39.1647         0
166         4   1.10206   1.57735 -0.475288   32.5554         0
167         6   1.10206         1  0.102062  -16.1041         1
168         4   1.10206   1.57735 -0.475288   36.5887         0
169         6   1.10206         1  0.102062  -34.1871         0
170         4   1.10206   1.57735 -0.475288   14.2018         0
171         6   1.10206         1  0.102062  -14.3567         0
172         4   1.10206   1.57735 -0.475288   46.7407         0
173         6   1.10206         1  0.102062  -10.3159         1
174         4   1.10206   1.57735 -0.475288   42.9732         0
175         6   1.10206         1  0.102062  -31.3862         0
176         4   1.10206   1.57735 -0.475288   34.2389         0
177         6   1.10206         1  0.102062  -11.1048         0
178         4   1.10206   1.57735 -0.475288   22.9029         0
179         6   1.10206         1  0.102062   13.9048         1
180         4   1.10206   1.57735 -0.475288   13.0267         0
181         6   1.10206         1  0.102062   1.29647         1
182         4   1.10206   1.57735 -0.475288    31.146         0
183         6   1.10206         1  0.102062   -6.2587         0
184         4   1.10206   1.57735 -0.475288   46.7299         0
185         6   1.10206         1  0.102062  -8.09218         0
186         4   1.10206   1.57735 -0.475288    24.798         0
187         6   1.10206         1  0.102062  -3.74619         1
188         4   1.10206   1.57735 -0.475288   30.5998         0
189         6   1.10206         1  0.102062  -28.6125         0
190         4   1.10206   1.57735 -0.475288   42.4784         0
191         6   1.10206         1  0.102062  -22.1839         0
192         4   1.10206   1.57735 -0.475288   42.1367         0
193         6   1.10206         1  0.102062  -38.4525         0
194         4   1.10206   1.57735 -0.475288   36.9554         0
195         6   1.10206         1  0.102062  -2.59416         1
196         4   1.10206   1.57735 -0.475288     14.69         0
197         6   1.10206         1  0.102062   22.9411         1
198         4   1.10206   1.57735 -0.475288   30.1764         0
199         6   1.10206         1  0.102062  -7.52772         1
200         4   1.10206   1.57735 -0.475288   39.2621         0
201         6   1.10206         1  0.102062  -10.8153         1
202         4   1.10206   1.57735 -0.475288   43.9085         0
203         6   1.10206         1  0.102062  -10.6943         0
204         4   1.10206   1.57735 -0.475288   29.2748         0
205         6   1.10206         1  0.102062   -23.759         0
206         4   1.10206   1.57735 -0.475288   39.9861         0
207         6   1.10206         1  0.102062  -23.9862         0
208         4   1.10206   1.57735 -0.475288   21.4569         0
209         6   1.10206         1  0.102062  -22.0315         1
210         4   1.10206   1.57735 -0.475288   23.0839         0
211         6   1.10206         1  0.102062  -25.2197         0
212         4   1.10206   1.57735 -0.475288   33.2039         0
213         6   1.10206         1  0.102062  -12.3181         0
214         4   1.10206   1.57735 -0.475288   35.2876         0
215         6   1.10206         1  0.102062   -16.886         0
216         4   1.10206   1.57735 -0.475288   34.8838         0
217         6   1.10206         1  0.102062  -18.9476         0
218         4   1.10206   1.57735 -0.475288   42.7124         0
219         6   1.10206         1  0.102062  -56.2453         0
220         4   1.10206   1.57735 -0.475288   39.6821         0
221         6   1.10206         1  0.102062  -17.8297         0
222         4   1.10206   1.57735 -0.475288   45.0773         0
223         6   1.10206         1  0.102062   1.90252         1
224         4   1.10206   1.57735 -0.475288   33.1496         0
225         6   1.10206         1  0.102062  -14.3351         0
226         4   1.10206   1.57735 -0.475288   30.1839         0
227         6   1.10206         1  0.102062  -16.2311         0
228         4   1.10206   1.57735 -0.475288   29.7393         0
229         6   1.10206         1  0.102062   -7.1555         0
230         4   1.10206   1.57735 -0.475288   20.0948         0
231         6   1.10206         1  0.102062  -13.3081         0
232         4   1.10206   1.57735 -0.475288   43.3438         0
233         6   1.10206         1  0.102062   12.8067         1
234         4   1.10206   1.57735 -0.475288   63.3129         0
235         6   1.10206         1  0.102062  -25.2499         0
236         4   1.10206   1.57735 -0.475288   62.2325         0
237         6   1.10206         1  0.102062    -13.63         0
238         4   1.10206   1.57735 -0.475288   17.0099         0
239         6   1.10206         1  0.102062  -5.74149         1
240         4   1.10206   1.57735 -0.475288   44.6788         0
241         6   1.10206         1  0.102062   -12.333         0
242         4   1.10206   1.57735 -0.475288   35.6717         0
243         6   1.10206         1  0.102062  -33.6781         0
244         4   1.10206   1.57735 -0.475288   28.9239         0
245         6   1.10206         1  0.102062  -29.2444         0
246         4   1.10206   1.57735 -0.475288   29.9037         0
247         6   1.10206         1  0.102062   7.91972         1
248         4   1.10206   1.57735 -0.475288   40.0091         0
249         6   1.10206         1  0.102062  -15.2172         0
250         4   1.10206   1.57735 -0.475288   26.3924         0
251         6   1.10206         1  0.102062  0.297115         1
252         4   1.10206   1.57735 -0.475288   25.4505         0
253         6   1.10206         1  0.102062  -8.03899         1
254         4   1.10206   1.57735 -0.475288   43.8579         0
255         6   1.10206         1  0.102062  -24.9542         0
256         4   1.10206   1.57735 -0.475288   48.9613         0
257         6   1.10206         1  0.102062   21.4007         1
258         4   1.10206   1.57735 -0.475288   40.7377         0
259         6   1.10206         1  0.102062  -2.74506         0
260         4   1.10206   1.57735 -0.475288   50.0537         0
261         6   1.10206         1  0.102062   -1.1761         1
262         4   1.10206   1.57735 -0.475288   61.1838         0
263         6   1.10206         1  0.102062  -26.4721         0
264         4   1.10206   1.57735 -0.475288   51.2114         0
265         6   1.10206         1  0.102062  -1.45303         1
266         4   1.10206   1.57735 -0.475288   23.9833         0
267         6   1.10206         1  0.102062   -5.1461         0
268         4   1.10206   1.57735 -0.475288   21.4176         0
269         6   1.10206         1  0.102062  -12.1619         1
270         4   1.10206   1.57735 -0.475288   34.8818         0
271         6   1.10206         1  0.102062  -19.3983         0
272         4   1.10206   1.57735 -0.475288   30.0382         0
273         6   1.10206         1  0.102062  -49.5726         0
274         4   1.10206   1.57735 -0.475288   42.0968         0
275         6   1.10206         1  0.102062  -12.4179         0
276         4   1.10206   1.57735 -0.475288   51.2814         0
277         6   1.10206         1  0.102062  -17.2769         0
278         4   1.10206   1.57735 -0.475288   40.4496         0
279         6   1.10206         1  0.102062  -2.71348         1
280         4   1.10206   1.57735 -0.475288   36.8134         0
281         6   1.10206         1  0.102062 -0.794304         1
282         4   1.10206   1.57735 -0.475288   63.0525         0
283         6   1.10206         1  0.102062   31.1276         1
284         4   1.10206   1.57735 -0.475288   50.3009         0
285         6   1.10206         1  0.102062   2.12184         1
286         4   1.10206   1.57735 -0.475288   37.3053         0
287         6   1.10206         1  0.102062  0.230946         1
288         4   1.10206   1.57735 -0.475288   44.5424         0
289         6   1.10206         1  0.102062  -17.8514         0
290         4   1.10206   1.57735 -0.475288   45.7346         0
291         6   1.10206         1  0.102062  -9.82596         0
292         4   1.10206   1.57735 -0.475288   42.7029         0
293         6   1.10206         1  0.102062   1.58166         1
294         4   1.10206   1.57735 -0.475288   33.3162         0
295         6   1.10206         1  0.102062   -7.4474         0
296         4   1.10206   1.57735 -0.475288   23.3377         0
297         6   1.10206         1  0.102062  -29.4354         0
298         4   1.10206   1.57735 -0.475288    25.588         0
299         6   1.10206         1  0.102062  -24.8427         0
300         4   1.10206   1.57735 -0.475288     30.66         0
301         6   1.10206         1  0.102062  -16.7544         0
302         4   1.10206   1.57735 -0.475288   31.1431         0
303         6   1.10206         1  0.102062   -5.5904         1
304         4   1.10206   1.57735 -0.475288   36.6214         0
305         6   1.10206         1  0.102062  -10.2023         0
306         4   1.10206   1.57735 -0.475288   40.0485         0
307         6   1.10206         1  0.102062  -33.4156         0
308         4   1.10206   1.57735 -0.475288   25.9628         0
309         6   1.10206         1  0.102062  -28.4359         0
310         4   1.10206   1.57735 -0.475288   8.24541         0
311         6   1.10206         1  0.102062  -18.9501         0
312         4   1.10206   1.57735 -0.475288   41.0139         0
313         6   1.10206         1  0.102062  -8.25626         1
314         4   1.10206   1.57735 -0.475288   29.1438         0
315         6   1.10206         1  0.102062  -9.90416         0
316         4   1.10206   1.57735 -0.475288   29.5149         0
317         6   1.10206         1  0.102062  0.127553         1
318         4   1.10206   1.57735 -0.475288   45.5339         0
319         6   1.10206         1  0.102062  -44.0375         0
320         4   1.10206   1.57735 -0.475288   35.5424         0
321         6   1.10206         1  0.102062  -29.5957         0
322         4   1.10206   1.57735 -0.475288   30.2599         0
323         6   1.10206         1  0.102062  -23.9521         0
324         4   1.10206   1.57735 -0.475288   11.9253         0
325         6   1.10206         1  0.102062  -19.1265         0
326         4   1.10206   1.57735 -0.475288   42.7992         0
327         6   1.10206         1  0.102062  -17.5067         0
328         4   1.10206   1.57735 -0.475288   30.5773         0
329         6   1.10206         1  0.102062  -1.96219         1
330         4   1.10206   1.57735 -0.475288   22.3796         0
331         6   1.10206         1  0.102062  -13.2196         0
332         4   1.10206   1.57735 -0.475288   17.1298         0
333         6   1.10206         1  0.102062  -36.6955         0
334         4   1.10206   1.57735 -0.475288   20.5923         0
335         6   1.10206         1  0.102062    8.2201         1
336         4   1.10206   1.57735 -0.475288   51.0352         0
337         6   1.10206         1  0.102062  -24.9827         0
338         4   1.10206   1.57735 -0.475288   26.3947         0
339         6   1.10206         1  0.102062  -13.9443         0
340         4   1.10206   1.57735 -0.475288   29.0133         0
341         6   1.10206         1  0.102062  -15.8263         0
342         4   1.10206   1.57735 -0.475288   35.2834         0
343         6   1.10206         1  0.102062    -11.31         0
344         4   1.10206   1.57735 -0.475288   46.6407         0
345         6   1.10206         1  0.102062   -19.281         1
346         4   1.10206   1.57735 -0.475288   43.8374         0
347         6   1.10206         1  0.102062  -18.5019         0
348         4   1.10206   1.57735 -0.475288    53.181         0
349         6   1.10206         1  0.102062  -1.63006         1
350         4   1.10206   1.57735 -0.475288   25.2875         0
351         6   1.10206         1  0.102062  -24.0401         0
352         4   1.10206   1.57735 -0.475288   42.1305         0
353         6   1.10206         1  0.102062  -22.6336         0
354         4   1.10206   1.57735 -0.475288   17.6953         0
355         6   1.10206         1  0.102062  -6.17022         0
356         4   1.10206   1.57735 -0.475288   25.3595         0
357         6   1.10206         1  0.102062  -7.29014         0
358         4   1.10206   1.57735 -0.475288   39.3274         0
359         6   1.10206         1  0.102062  -30.3639         0
360         4   1.10206   1.57735 -0.475288   32.2739         0
361         6   1.10206         1  0.102062  -19.0737         0
362         4   1.10206   1.57735 -0.475288   43.5896         0
363         6   1.10206         1  0.102062    -21.24         0
364         4   1.10206   1.57735 -0.475288   43.1982         0
365         6   1.10206         1  0.102062 -0.917889         1
366         4   1.10206   1.57735 -0.475288   44.9556         0
367         6   1.10206         1  0.102062  -20.7775         0
368         4   1.10206   1.57735 -0.475288   48.1462         0
369         6   1.10206         1  0.102062  -22.5841         0
370         4   1.10206   1.57735 -0.475288   24.4772         0
371         6   1.10206         1  0.102062  -16.9542         0
372         4   1.10206   1.57735 -0.475288   24.4558         0
373         6   1.10206         1  0.102062  -25.3138         0
374         4   1.10206   1.57735 -0.475288   47.1251         0
375         6   1.10206         1  0.102062  -9.35618         1
376         4   1.10206   1.57735 -0.475288   23.7163         0
377         6   1.10206         1  0.102062   10.2995         1
378         4   1.10206   1.57735 -0.475288   43.3842         0
379         6   1.10206         1  0.102062   2.79689         1
380         4   1.10206   1.57735 -0.475288   23.5919         0
381         6   1.10206         1  0.102062  -5.27103         0
382         4   1.10206   1.57735 -0.475288   36.2984         0
383         6   1.10206         1  0.102062  -8.21175         0
384         4   1.10206   1.57735 -0.475288   49.4685         0
385         6   1.10206         1  0.102062   -3.2484         1
386         4   1.10206   1.57735 -0.475288   26.6216         0
387         6   1.10206         1  0.102062  -26.3815         0
388         4   1.10206   1.57735 -0.475288   39.1703         0
389         6   1.10206         1  0.102062  -30.0318         0
390         4   1.10206   1.57735 -0.475288   48.2835         0
391         6   1.10206         1  0.102062  -2.55114         1
392         4   1.10206   1.57735 -0.475288    40.883         0
393         6   1.10206         1  0.102062  -29.7012         0
394         4   1.10206   1.57735 -0.475288    32.501         0
395         6   1.10206         1  0.102062 -0.524024         1
396         4   1.10206   1.57735 -0.475288   34.0484         0
397         6   1.10206         1  0.102062  -1.73558         1
398         4   1.10206   1.57735 -0.475288   23.6039         0
399         6   1.10206         1  0.102062  -2.39274         1
400         4   1.10206   1.57735 -0.475288   58.6733         0
401         6   1.10206         1  0.102062   3.88159         1
402         4   1.10206   1.57735 -0.475288    30.792         0
403         6   1.10206         1  0.102062  -22.6489         0
404         4   1.10206   1.57735 -0.475288   11.5972         0
405         6   1.10206         1  0.102062  -28.6549         0
406         4   1.10206   1.57735 -0.475288   35.0052         0
407         6   1.10206         1  0.102062  -27.1794         0
408         4   1.10206   1.57735 -0.475288   10.9506         0
409         6   1.10206         1  0.102062  -17.0171         1
410         4   1.10206   1.57735 -0.475288   23.5456         0
411         6   1.10206         1  0.102062  -4.05274         1
412         4   1.10206   1.57735 -0.475288   42.4233         0
413         6   1.10206         1  0.102062  -29.2834         0
414         4   1.10206   1.57735 -0.475288   38.6039         0
415         6   1.10206         1  0.102062  -8.88929         0
416         4   1.10206   1.57735 -0.475288   29.1844         0
417         6   1.10206         1  0.102062   1.19952         1
418         4   1.10206   1.57735 -0.475288   40.2316         0
419         6   1.10206         1  0.102062  -22.4286         0
420         4   1.10206   1.57735 -0.475288   27.1893         0
421         6   1.10206         1  0.102062  -55.6878         0
422         4   1.10206   1.57735 -0.475288   25.7516         0
423         6   1.10206         1  0.102062  -20.6624         0
424         4   1.10206   1.57735 -0.475288   24.6721         0
425         6   1.10206         1  0.102062   -29.377         0
426         4   1.10206   1.57735 -0.475288   44.1323         0
427         6   1.10206         1  0.102062  -14.8189         1
428         4   1.10206   1.57735 -0.475288   40.7654         0
429         6   1.10206         1  0.102062    22.091         1
430         4   1.10206   1.57735 -0.475288   35.8168         0
431         6   1.10206         1  0.102062  -19.0927         0
432         4   1.10206   1.57735 -0.475288   53.9013         0
433         6   1.10206         1  0.102062   7.77846         1
434         4   1.10206   1.57735 -0.475288   33.2568         0
435         6   1.10206         1  0.102062  -5.75875         1
436         4   1.10206   1.57735 -0.475288   19.7627         0
437         6   1.10206         1  0.102062  -4.84142         0
438         4   1.10206   1.57735 -0.475288    31.002         0
439         6   1.10206         1  0.102062  -21.8188         0
440         4   1.10206   1.57735 -0.475288   26.5089         0
441         6   1.10206         1  0.102062  -11.4596         0
442         4   1.10206   1.57735 -0.475288   42.9395         0
443         6   1.10206         1  0.102062  -26.8269         0
444         4   1.10206   1.57735 -0.475288   36.5803         0
445         6   1.10206         1  0.102062  -25.0073         0
446         4   1.10206   1.57735 -0.475288   34.3724         0
447         6   1.10206         1  0.102062  -14.0588         0
448         4   1.10206   1.57735 -0.475288     10.08         0
449         6   1.10206         1  0.102062  -12.4662         0
450         4   1.10206   1.57735 -0.475288   29.7568         0
451         6   1.10206         1  0.102062  -1.89495         1
452         4   1.10206   1.57735 -0.475288   39.7462         0
453         6   1.10206         1  0.102062  -6.86044         0
454         4   1.10206   1.57735 -0.475288   40.0943         0
455         6   1.10206         1  0.102062    8.5891         1
456         4   1.10206   1.57735 -0.475288   33.3785         0
457         6   1.10206         1  0.102062  -21.3728         1
458         4   1.10206   1.57735 -0.475288   38.2651         0
459         6   1.10206         1  0.102062    3.2983         1
460         4   1.10206   1.57735 -0.475288   44.1189         0
461         6   1.10206         1  0.102062  -17.7403         0
462         4   1.10206   1.57735 -0.475288   55.8731         0
463         6   1.10206         1  0.102062   -3.0467         0
464         4   1.10206   1.57735 -0.475288   33.8346         0
465         6   1.10206         1  0.102062  -16.7105         0
466         4   1.10206   1.57735 -0.475288   42.2281         0
467         6   1.10206         1  0.102062  -4.03132         1
468         4   1.10206   1.57735 -0.475288   12.6855         0
469         6   1.10206         1  0.102062  -12.1785         0
470         4   1.10206   1.57735 -0.475288   42.7115         0
471         6   1.10206         1  0.102062   25.1514         1
472         4   1.10206   1.57735 -0.475288   19.0744         0
473         6   1.10206         1  0.102062  -35.7383         1
474         4   1.10206   1.57735 -0.475288   49.9278         0
475         6   1.10206         1  0.102062  -32.3484         0
476         4   1.10206   1.57735 -0.475288   29.2013         0
477         6   1.10206         1  0.102062  -11.2767         0
478         4   1.10206   1.57735 -0.475288   30.7057         0
479         6   1.10206         1  0.102062  -17.0538         0
480         4   1.10206   1.57735 -0.475288   18.4078         0
481         6   1.10206         1  0.102062   2.73951         1
482         4   1.10206   1.57735 -0.475288   25.0976         0
483         6   1.10206         1  0.102062  -16.5261         0
484         4   1.10206   1.57735 -0.475288   20.2474         0
485         6   1.10206         1  0.102062  -16.4184         0
486         4   1.10206   1.57735 -0.475288   27.6986         0
487         6   1.10206         1  0.102062  -4.25269         1
488         4   1.10206   1.57735 -0.475288   57.9759         0
489         6   1.10206         1  0.102062  -42.6666         0
490         4   1.10206   1.57735 -0.475288   15.0156         0
491         6   1.10206         1  0.102062   -37.493         0
492         4   1.10206   1.57735 -0.475288   40.9114         0
493         6   1.10206         1  0.102062  -43.3675         0
494         4   1.10206   1.57735 -0.475288   22.4561         0
495         6   1.10206         1  0.102062  -12.8875         1
496         4   1.10206   1.57735 -0.475288   23.2839         0
497         6   1.10206         1  0.102062  -4.04236         1
498         4   1.10206   1.57735 -0.475288   48.1943         0
499         6   1.10206         1  0.102062   0.55976         1
500         4   1.10206   1.57735 -0.475288   48.1502         0
501         6   1.10206         1  0.102062  -26.2267         0
502         4   1.10206   1.57735 -0.475288   29.6196         0
503         6   1.10206         1  0.102062   -41.031         0
504         4   1.10206   1.57735 -0.475288   28.4191         0
505         6   1.10206         1  0.102062   12.0436         1
506         4   1.10206   1.57735 -0.475288   17.7189         0
507         6   1.10206         1  0.102062  -30.8586         0
508         4   1.10206   1.57735 -0.475288   30.9212         0
509         6   1.10206         1  0.102062   -12.535         0
510         4   1.10206   1.57735 -0.475288   38.9857         0
511         6   1.10206         1  0.102062    -12.71         1
512         4   1.10206   1.57735 -0.475288   45.2789         0
513         6   1.10206         1  0.102062 -0.818699         1
514         4   1.10206   1.57735 -0.475288   26.5993         0
515         6   1.10206         1  0.102062   5.30597         1
516         4   1.10206   1.57735 -0.475288   23.7146         0
517         6   1.10206         1  0.102062   1.33884         1
518         4   1.10206   1.57735 -0.475288    45.407         0
519         6   1.10206         1  0.102062  -21.2029         0
520         4   1.10206   1.57735 -0.475288   36.7842         0
521         6   1.10206         1  0.102062  -9.85071         0
522         4   1.10206   1.57735 -0.475288   42.8586         0
523         6   1.10206         1  0.102062   8.96263         1
524         4   1.10206   1.57735 -0.475288   35.8082         0
525         6   1.10206         1  0.102062  -1.47966         1
526         4   1.10206   1.57735 -0.475288   53.8937         0
527         6   1.10206         1  0.102062   16.5371         1
528         4   1.10206   1.57735 -0.475288   59.4897         0
529         6   1.10206         1  0.102062  -40.3744         0
530         4   1.10206   1.57735 -0.475288    38.908         0
531         6   1.10206         1  0.102062   9.57694         1
532         4   1.10206   1.57735 -0.475288   35.9618         0
533         6   1.10206         1  0.102062  -8.54658         0
534         4   1.10206   1.57735 -0.475288   32.4388         0
535         6   1.10206         1  0.102062  -15.4025         0
536         4   1.10206   1.57735 -0.475288   38.8098         0
537         6   1.10206         1  0.102062    7.1112         1
538         4   1.10206   1.57735 -0.475288   24.6684         0
539         6   1.10206         1  0.102062   9.08433         1
540         4   1.10206   1.57735 -0.475288   47.9388         0
541         6   1.10206         1  0.102062  -11.8847         0
542         4   1.10206   1.57735 -0.475288   31.6815         0
543         6   1.10206         1  0.102062  -11.0229         0
544         4   1.10206   1.57735 -0.475288   31.7552         0
545         6   1.10206         1  0.102062  -12.0585         0
546         4   1.10206   1.57735 -0.475288   51.1268         0
547         6   1.10206         1  0.102062  -34.0997         0
548         4   1.10206   1.57735 -0.475288   21.0469         0
549         6   1.10206         1  0.102062  -6.10207         0
550         4   1.10206   1.57735 -0.475288   26.2356         0
551         6   1.10206         1  0.102062   32.8832         1
552         4   1.10206   1.57735 -0.475288   9.03981         0
553         6   1.10206         1  0.102062  -22.5532         1
554         4   1.10206   1.57735 -0.475288   47.7081         0
555         6   1.10206         1  0.102062  -5.72616         1
556         4   1.10206   1.57735 -0.475288   23.6105         0
557         6   1.10206         1  0.102062  -2.61678         1
558         4   1.10206   1.57735 -0.475288   41.7305         0
559         6   1.10206         1  0.102062  -14.9729         1
560         4   1.10206   1.57735 -0.475288   38.1558         0
561         6   1.10206         1  0.102062   3.83399         1
562         4   1.10206   1.57735 -0.475288   30.4952         0
563         6   1.10206         1  0.102062  -11.5615         0
564         4   1.10206   1.57735 -0.475288   38.3218         0
565         6   1.10206         1  0.102062  -1.25337         1
566         4   1.10206   1.57735 -0.475288   32.4399         0
567         6   1.10206         1  0.102062  -32.3063         0
568         4   1.10206   1.57735 -0.475288   14.9615         0
569         6   1.10206         1  0.102062  -20.6423         0
570         4   1.10206   1.57735 -0.475288   23.2969         0
571         6   1.10206         1  0.102062  -26.3682         0
572         4   1.10206   1.57735 -0.475288   19.2499         0
573         6   1.10206         1  0.102062  -5.31997         0
574         4   1.10206   1.57735 -0.475288   24.5474         0
575         6   1.10206         1  0.102062  -5.04206         1
576         4   1.10206   1.57735 -0.475288    19.132         0
577         6   1.10206         1  0.102062  -7.00977         1
578         4   1.10206   1.57735 -0.475288    11.203         0
579         6   1.10206         1  0.102062  -19.4433         0
580         4   1.10206   1.57735 -0.475288   30.8672         0
581         6   1.10206         1  0.102062  -13.8215         1
582         4   1.10206   1.57735 -0.475288   39.5324         0
583         6   1.10206         1  0.102062  -19.5282         0
584         4   1.10206   1.57735 -0.475288   31.2575         0
585         6   1.10206         1  0.102062  0.355787         1
586         4   1.10206   1.57735 -0.475288    27.038         0
587         6   1.10206         1  0.102062  -24.0205         0
588         4   1.10206   1.57735 -0.475288   57.2015         0
589         6   1.10206         1  0.102062  -33.0352         0
590         4   1.10206   1.57735 -0.475288   35.2175         0
591         6   1.10206         1  0.102062  -25.8213         0
592         4   1.10206   1.57735 -0.475288   26.2645         0
593         6   1.10206         1  0.102062   -17.256         0
594         4   1.10206   1.57735 -0.475288    31.213         0
595         6   1.10206         1  0.102062  -21.3516         0
596         4   1.10206   1.57735 -0.475288    28.233         0
597         6   1.10206         1  0.102062  -9.15043         0
598         4   1.10206   1.57735 -0.475288   41.3058         0
599         6   1.10206         1  0.102062  -33.5386         0
600         4   1.10206   1.57735 -0.475288   25.4291         0
601         6   1.10206         1  0.102062  -29.0911         0
602         4   1.10206   1.57735 -0.475288   47.1728         0
603         6   1.10206         1  0.102062  -7.21389         0
604         4   1.10206   1.57735 -0.475288   38.2541         0
605         6   1.10206         1  0.102062  -11.6752         0
606         4   1.10206   1.57735 -0.475288   13.5293         0
607         6   1.10206         1  0.102062  -2.76927         1
608         4   1.10206   1.57735 -0.475288   41.5908         0
609         6   1.10206         1  0.102062  -12.7148         0
610         4   1.10206   1.57735 -0.475288   14.1261         0
611         6   1.10206         1  0.102062   -12.765         1
612         4   1.10206   1.57735 -0.475288   14.5258         0
613         6   1.10206         1  0.102062  -13.6384         0
614         4   1.10206   1.57735 -0.475288   23.8341         0
615         6   1.10206         1  0.102062  -8.02195         0
616         4   1.10206   1.57735 -0.475288   40.8978         0
617         6   1.10206         1  0.102062  -10.5443         0
618         4   1.10206   1.57735 -0.475288   48.2684         0
619         6   1.10206         1  0.102062   7.38302         1
620         4   1.10206   1.57735 -0.475288   37.2648         0
621         6   1.10206         1  0.102062  -18.5249         0
622         4   1.10206   1.57735 -0.475288   32.3689         0
623         6   1.10206         1  0.102062  -8.89014         0
624         4   1.10206   1.57735 -0.475288   19.7635         0
625         6   1.10206         1  0.102062   -37.636         0
626         4   1.10206   1.57735 -0.475288   23.4142         0
627         6   1.10206         1  0.102062  -18.3026         0
628         4   1.10206   1.57735 -0.475288   14.4757         0
629         6   1.10206         1  0.102062   2.80369         1
630         4   1.10206   1.57735 -0.475288   50.8711         0
631         6   1.10206         1  0.102062   3.66892         1
632         4   1.10206   1.57735 -0.475288   32.3815         0
633         6   1.10206         1  0.102062  -2.43639         1
634         4   1.10206   1.57735 -0.475288   52.8309         0
635         6   1.10206         1  0.102062  -29.4196         1
636         4   1.10206   1.57735 -0.475288     29.23         0
637         6   1.10206         1  0.102062  -10.3013         0
638         4   1.10206   1.57735 -0.475288   30.2512         0
639         6   1.10206         1  0.102062  -39.1558         0
640         4   1.10206   1.57735 -0.475288   30.5088         0
641         6   1.10206         1  0.102062  -20.1281         0
642         4   1.10206   1.57735 -0.475288    38.565         0
643         6   1.10206         1  0.102062    -4.964         0
644         4   1.10206   1.57735 -0.475288   21.2131         0
645         6   1.10206         1  0.102062  -12.0907         0
646         4   1.10206   1.57735 -0.475288     40.33         0
647         6   1.10206         1  0.102062 -0.713763         1
648         4   1.10206   1.57735 -0.475288   34.8654         0
649         6   1.10206         1  0.102062  -5.37776         1
650         4   1.10206   1.57735 -0.475288   46.6552         0
651         6   1.10206         1  0.102062  -26.3168         0
652         4   1.10206   1.57735 -0.475288   27.8304         0
653         6   1.10206         1  0.102062  -28.7283         0
654         4   1.10206   1.57735 -0.475288   31.5986         0
655         6   1.10206         1  0.102062  -8.15443         1
656         4   1.10206   1.57735 -0.475288   20.6875         0
657         6   1.10206         1  0.102062  -19.9585         0
658         4   1.10206   1.57735 -0.475288   20.3418         0
659         6   1.10206         1  0.102062  -6.20104         1
660         4   1.10206   1.57735 -0.475288   21.2868         0
661         6   1.10206         1  0.102062  -25.0749         0
662         4   1.10206   1.57735 -0.475288   27.8343         0
663         6   1.10206         1  0.102062   3.52926         1
664         4   1.10206   1.57735 -0.475288   18.6108         0
665         6   1.10206         1  0.102062   3.54871         1
666         4   1.10206   1.57735 -0.475288   29.6602         0
667         6   1.10206         1  0.102062  -35.3839         0
668         4   1.10206   1.57735 -0.475288   34.3186         0
669         6   1.10206         1  0.102062  -39.8053         0
670         4   1.10206   1.57735 -0.475288   38.3074         0
671         6   1.10206         1  0.102062  0.438058         1
672         4   1.10206   1.57735 -0.475288   33.5695         0
673         6   1.10206         1  0.102062  -6.55416         1
674         4   1.10206   1.57735 -0.475288   39.7708         0
675         6   1.10206         1  0.102062  -2.66428         1
676         4   1.10206   1.57735 -0.475288   16.9688         0
677         6   1.10206         1  0.102062  -49.1144         0
678         4   1.10206   1.57735 -0.475288   15.8336         0
679         6   1.10206         1  0.102062  0.221318         1
680         4   1.10206   1.57735 -0.475288   41.4059         0
681         6   1.10206         1  0.102062   4.67248         1
682         4   1.10206   1.57735 -0.475288   32.9495         0
683         6   1.10206         1  0.102062  -6.20365         1
684         4   1.10206   1.57735 -0.475288   38.4717         0
685         6   1.10206         1  0.102062  -40.0135         0
686         4   1.10206   1.57735 -0.475288   23.5427         0
687         6   1.10206         1  0.102062   1.57228         1
688         4   1.10206   1.57735 -0.475288   13.1011         0
689         6   1.10206         1  0.102062  -8.96324         0
690         4   1.10206   1.57735 -0.475288   8.60114         0
691         6   1.10206         1  0.102062   3.25057         1
692         4   1.10206   1.57735 -0.475288   27.4102         0
693         6   1.10206         1  0.102062  -9.98066         0
694         4   1.10206   1.57735 -0.475288    36.573         0
695         6   1.10206         1  0.102062   -28.247         0
696         4   1.10206   1.57735 -0.475288   17.5274         0
697         6   1.10206         1  0.102062  -10.7166         0
698         4   1.10206   1.57735 -0.475288   50.6261         0
699         6   1.10206         1  0.102062  -16.0363         0
700         4   1.10206   1.57735 -0.475288   8.29179         0
701         6   1.10206         1  0.102062  -17.6418         0
702         4   1.10206   1.57735 -0.475288   40.3814         0
703         6   1.10206         1  0.102062  -12.7016         0
704         4   1.10206   1.57735 -0.475288   41.1146         0
705         6   1.10206         1  0.102062  -4.37805         0
706         4   1.10206   1.57735 -0.475288   31.9637         0
707         6   1.10206         1  0.102062   24.9448         1
708         4   1.10206   1.57735 -0.475288   22.5685         0
709         6   1.10206         1  0.102062  -34.5606         0
710         4   1.10206   1.57735 -0.475288   26.4543         0
711         6   1.10206         1  0.102062  -5.64177         1
712         4   1.10206   1.57735 -0.475288   52.3317         0
713         6   1.10206         1  0.102062  -11.8391         1
714         4   1.10206   1.57735 -0.475288   20.2785         0
715         6   1.10206         1  0.102062  -7.03304         1
716         4   1.10206   1.57735 -0.475288   17.3678         0
717         6   1.10206         1  0.102062  -12.0383         1
718         4   1.10206   1.57735 -0.475288   42.4465         0
719         6   1.10206         1  0.102062  -7.01714         1
720         4   1.10206   1.57735 -0.475288   54.8667         0
721         6   1.10206         1  0.102062  -4.36707         1
722         4   1.10206   1.57735 -0.475288    25.602         0
723         6   1.10206         1  0.102062  -14.5492         1
724         4   1.10206   1.57735 -0.475288   28.5194         0
725         6   1.10206         1  0.102062  -15.2391         0
726         4   1.10206   1.57735 -0.475288    36.487         0
727         6   1.10206         1  0.102062  -10.8913         0
728         4   1.10206   1.57735 -0.475288   23.9154         0
729         6   1.10206         1  0.102062  -25.4591         1
730         4   1.10206   1.57735 -0.475288   37.2248         0
731         6   1.10206         1  0.102062   -32.523         0
732         4   1.10206   1.57735 -0.475288   35.7296         0
733         6   1.10206         1  0.102062   6.72293         1
734         4   1.10206   1.57735 -0.475288   30.4545         0
735         6   1.10206         1  0.102062  -18.5669         0
736         4   1.10206   1.57735 -0.475288   26.2959         0
737         6   1.10206         1  0.102062  -11.0643         0
738         4   1.10206   1.57735 -0.475288   34.2762         0
739         6   1.10206         1  0.102062  -25.4788         0
740         4   1.10206   1.57735 -0.475288   36.6904         0
741         6   1.10206         1  0.102062  -7.86575         0
742         4   1.10206   1.57735 -0.475288   21.2073         0
743         6   1.10206         1  0.102062  -22.7549         0
744         4   1.10206   1.57735 -0.475288   32.2923         0
745         6   1.10206         1  0.102062  -14.0094         1
746         4   1.10206   1.57735 -0.475288   67.8716         0
747         6   1.10206         1  0.102062   15.1631         1
748         4   1.10206   1.57735 -0.475288   15.3243         0
749         6   1.10206         1  0.102062  -40.2775         0
750         4   1.10206   1.57735 -0.475288   22.1161         0
751         6   1.10206         1  0.102062  -17.4872         1
752         4   1.10206   1.57735 -0.475288   42.4165         0
753         6   1.10206         1  0.102062  -3.41463         0
754         4   1.10206   1.57735 -0.475288   62.4363         0
755         6   1.10206         1  0.102062  -3.99369         1
756         4   1.10206   1.57735 -0.475288   41.0601         0
757         6   1.10206         1  0.102062  0.893522         1
758         4   1.10206   1.57735 -0.475288   36.0864         0
759         6   1.10206         1  0.102062  -5.18964         1
760         4   1.10206   1.57735 -0.475288   27.7925         0
761         6   1.10206         1  0.102062  -12.9487         0
762         4   1.10206   1.57735 -0.475288   22.4035         0
763         6   1.10206         1  0.102062   -19.018         0
764         4   1.10206   1.57735 -0.475288   53.6197         0
765         6   1.10206         1  0.102062  -21.7392         1
766         4   1.10206   1.57735 -0.475288   34.5294         0
767         6   1.10206         1  0.102062  -35.3887         0
768         4   1.10206   1.57735 -0.475288   33.9389         0
769         6   1.10206         1  0.102062  -3.50624         0
770         4   1.10206   1.57735 -0.475288   46.0818         0
771         6   1.10206         1  0.102062  -9.81805         0
772         4   1.10206   1.57735 -0.475288   29.0209         0
773         6   1.10206         1  0.102062  -25.7804         0
774         4   1.10206   1.57735 -0.475288   47.8595         0
775         6   1.10206         1  0.102062   10.2376         1
776         4   1.10206   1.57735 -0.475288     38.91         0
777         6   1.10206         1  0.102062   -15.388         0
778         4   1.10206   1.57735 -0.475288   43.5919         0
779         6   1.10206         1  0.102062  -6.46272         1
780         4   1.10206   1.57735 -0.475288   27.6272         0
781         6   1.10206         1  0.102062   8.48744         1
782         4   1.10206   1.57735 -0.475288   26.0608         0
783         6   1.10206         1  0.102062  -30.2106         0
784         4   1.10206   1.57735 -0.475288   13.8952         0
785         6   1.10206         1  0.102062   12.8981         1
786         4   1.10206   1.57735 -0.475288   34.3051         0
787         6   1.10206         1  0.102062  -23.6076         0
788         4   1.10206   1.57735 -0.475288   36.7079         0
789         6   1.10206         1  0.102062  -27.1161         0
790         4   1.10206   1.57735 -0.475288   41.3485         0
791         6   1.10206         1  0.102062  -30.2404         0
792         4   1.10206   1.57735 -0.475288    40.562         0
793         6   1.10206         1  0.102062  -31.9901         0
794         4   1.10206   1.57735 -0.475288   31.9953         0
795         6   1.10206         1  0.102062  -2.14784         1
796         4   1.10206   1.57735 -0.475288   27.9603         0
797         6   1.10206         1  0.102062  -5.72321         1
798         4   1.10206   1.57735 -0.475288   48.3111         0
799         6   1.10206         1  0.102062   6.04259         1
800         4   1.10206   1.57735 -0.475288   25.4882         0
801         6   1.10206         1  0.102062  -23.9898         0
802         4   1.10206   1.57735 -0.475288   24.0087         0
803         6   1.10206         1  0.102062  -23.9718         0
804         4   1.10206   1.57735 -0.475288   38.0498         0
805         6   1.10206         1  0.102062  -4.89385         1
806         4   1.10206   1.57735 -0.475288    16.425         0
807         6   1.10206         1  0.102062  -7.76742         0
808         4   1.10206   1.57735 -0.475288    21.787         0
809         6   1.10206         1  0.102062   1.99452         1
810         4   1.10206   1.57735 -0.475288   33.9176         0
811         6   1.10206         1  0.102062  -12.2306         1
812         4   1.10206   1.57735 -0.475288   34.4285         0
813         6   1.10206         1  0.102062   3.26866         1
814         4   1.10206   1.57735 -0.475288   24.2578         0
815         6   1.10206         1  0.102062   1.55655         1
816         4   1.10206   1.57735 -0.475288   22.0318         0
817         6   1.10206         1  0.102062  -23.8643         0
818         4   1.10206   1.57735 -0.475288   44.3979         0
819         6   1.10206         1  0.102062  -1.38577         1
820         4   1.10206   1.57735 -0.475288   56.0504         0
821         6   1.10206         1  0.102062  -19.5945         0
822         4   1.10206   1.57735 -0.475288    21.425         0
823         6   1.10206         1  0.102062  -12.0356         0
824         4   1.10206   1.57735 -0.475288   46.7777         0
825         6   1.10206         1  0.102062  -6.64914         1
826         4   1.10206   1.57735 -0.475288   22.2619         0
827         6   1.10206         1  0.102062  -13.7395         0
828         4   1.10206   1.57735 -0.475288   33.9688         0
829         6   1.10206         1  0.102062  -10.5891         0
830         4   1.10206   1.57735 -0.475288   55.2384         0
831         6   1.10206         1  0.102062   17.7944         1
832         4   1.10206   1.57735 -0.475288   39.5716         0
833         6   1.10206         1  0.102062  -41.2795         0
834         4   1.10206   1.57735 -0.475288   35.5431         0
835         6   1.10206         1  0.102062  -9.32199         0
836         4   1.10206   1.57735 -0.475288   37.6517         0
837         6   1.10206         1  0.102062  -17.7796         1
838         4   1.10206   1.57735 -0.475288   29.7095         0
839         6   1.10206         1  0.102062  -8.27651         1
840         4   1.10206   1.57735 -0.475288    39.133         0
841         6   1.10206         1  0.102062  -20.5359         0
842         4   1.10206   1.57735 -0.475288    22.445         0
843         6   1.10206         1  0.102062  -14.8082         0
844         4   1.10206   1.57735 -0.475288   32.5447         0
845         6   1.10206         1  0.102062  -19.6776         0
846         4   1.10206   1.57735 -0.475288   38.2686         0
847         6   1.10206         1  0.102062   -44.839         0
848         4   1.10206   1.57735 -0.475288   33.3444         0
849         6   1.10206         1  0.102062  -5.87138         0
850         4   1.10206   1.57735 -0.475288   53.9825         0
851         6   1.10206         1  0.102062  -15.2745         1
852         4   1.10206   1.57735 -0.475288   37.5441         0
853         6   1.10206         1  0.102062  -10.6527         0
854         4   1.10206   1.57735 -0.475288   29.2785         0
855         6   1.10206         1  0.102062  0.316317         1
856         4   1.10206   1.57735 -0.475288    14.919         0
857         6   1.10206         1  0.102062  -36.1734         0
858         4   1.10206   1.57735 -0.475288    21.175         0
859         6   1.10206         1  0.102062  -3.30843         1
860         4   1.10206   1.57735 -0.475288   41.7328         0
861         6   1.10206         1  0.102062  -13.2635         0
862         4   1.10206   1.57735 -0.475288   53.1981         0
863         6   1.10206         1  0.102062  -18.3408         0
864         4   1.10206   1.57735 -0.475288   32.1614         0
865         6   1.10206         1  0.102062  -11.5491         1
866         4   1.10206   1.57735 -0.475288   38.2087         0
867         6   1.10206         1  0.102062  -13.0624         1
868         4   1.10206   1.57735 -0.475288   27.4325         0
869         6   1.10206         1  0.102062  -25.1408         0
870         4   1.10206   1.57735 -0.475288   24.4039         0
871         6   1.10206         1  0.102062  -18.9091         0
872         4   1.10206   1.57735 -0.475288   32.1043         0
873         6   1.10206         1  0.102062  -10.2842         0
874         4   1.10206   1.57735 -0.475288   48.6689         0
875         6   1.10206         1  0.102062  -9.92963         1
876         4   1.10206   1.57735 -0.475288   51.2616         0
877         6   1.10206         1  0.102062  -18.9607         1
878         4   1.10206   1.57735 -0.475288   44.7485         0
879         6   1.10206         1  0.102062  -9.57996         1
880         4   1.10206   1.57735 -0.475288   30.5566         0
881         6   1.10206         1  0.102062  -24.5798         0
882         4   1.10206   1.57735 -0.475288   14.1454         0
883         6   1.10206         1  0.102062-0.0595068         1
884         4   1.10206   1.57735 -0.475288   41.7636         0
885         6   1.10206         1  0.102062  -1.39354         1
886         4   1.10206   1.57735 -0.475288   26.3419         0
887         6   1.10206         1  0.102062  -12.5786         0
888         4   1.10206   1.57735 -0.475288   23.2514         0
889         6   1.10206         1  0.102062   11.0088         1
890         4   1.10206   1.57735 -0.475288   9.44454         0
891         6   1.10206         1  0.102062 -0.866054         1
892         4   1.10206   1.57735 -0.475288   25.8052         0
893         6   1.10206         1  0.102062  -23.7719         0
894         4   1.10206   1.57735 -0.475288   35.3043         0
895         6   1.10206         1  0.102062  -22.4281         0
896         4   1.10206   1.57735 -0.475288   54.7892         0
897         6   1.10206         1  0.102062  -7.21365         0
898         4   1.10206   1.57735 -0.475288   43.4167         0
899         6   1.10206         1  0.102062   13.3737         1
900         4   1.10206   1.57735 -0.475288   39.5004         0
901         6   1.10206         1  0.102062  -0.96806         1
902         4   1.10206   1.57735 -0.475288   38.2905         0
903         6   1.10206         1  0.102062    -19.12         0
904         4   1.10206   1.57735 -0.475288   53.4812         0
905         6   1.10206         1  0.102062  -19.0487         0
906         4   1.10206   1.57735 -0.475288   11.7519         0
907         6   1.10206         1  0.102062  -17.3251         0
908         4   1.10206   1.57735 -0.475288   26.2672         0
909         6   1.10206         1  0.102062  -18.7162         0
910         4   1.10206   1.57735 -0.475288    31.639         0
911         6   1.10206         1  0.102062  -26.9968         0
912         4   1.10206   1.57735 -0.475288   33.1424         0
913         6   1.10206         1  0.102062  -37.7006         0
914         4   1.10206   1.57735 -0.475288   42.7199         0
915         6   1.10206         1  0.102062  -21.9321         0
916         4   1.10206   1.57735 -0.475288   38.4036         0
917         6   1.10206         1  0.102062  -15.7264         0
918         4   1.10206   1.57735 -0.475288   33.7404         0
919         6   1.10206         1  0.102062  -19.3731         0
920         4   1.10206   1.57735 -0.475288   41.1157         0
921         6   1.10206         1  0.102062  -9.49171         0
922         4   1.10206   1.57735 -0.475288   34.0319         0
923         6   1.10206         1  0.102062  -3.84113         0
924         4   1.10206   1.57735 -0.475288   34.2129         0
925         6   1.10206         1  0.102062  -34.5636         0
926         4   1.10206   1.57735 -0.475288   34.7368         0
927         6   1.10206         1  0.102062  -19.2337         0
928         4   1.10206   1.57735 -0.475288   37.6263         0
929         6   1.10206         1  0.102062   -29.206         0
930         4   1.10206   1.57735 -0.475288   24.0467         0
931         6   1.10206         1  0.102062   5.39886         1
932         4   1.10206   1.57735 -0.475288   40.5304         0
933         6   1.10206         1  0.102062  -8.09361         0
934         4   1.10206   1.57735 -0.475288    31.922         0
935         6   1.10206         1  0.102062  -23.7718         0
936         4   1.10206   1.57735 -0.475288    23.618         0
937         6   1.10206         1  0.102062   12.6154         1
938         4   1.10206   1.57735 -0.475288   16.9757         0
939         6   1.10206         1  0.102062   4.50886         1
940         4   1.10206   1.57735 -0.475288   34.4617         0
941         6   1.10206         1  0.102062   10.4801         1
942         4   1.10206   1.57735 -0.475288    51.334         0
943         6   1.10206         1  0.102062  -1.02159         1
944         4   1.10206   1.57735 -0.475288   60.0453         0
945         6   1.10206         1  0.102062    5.1089         1
946         4   1.10206   1.57735 -0.475288   46.1352         0
947         6   1.10206         1  0.102062  -6.17149         1
948         4   1.10206   1.57735 -0.475288   39.7045         0
949         6   1.10206         1  0.102062   2.86788         1
950         4   1.10206   1.57735 -0.475288   12.6074         0
951         6   1.10206         1  0.102062  -14.5159         0
952         4   1.10206   1.57735 -0.475288   27.8316         0
953         6   1.10206         1  0.102062   -8.7251         0
954         4   1.10206   1.57735 -0.475288   41.9269         0
955         6   1.10206         1  0.102062  -5.24546         1
956         4   1.10206   1.57735 -0.475288   32.5479         0
957         6   1.10206         1  0.102062   -8.9406         1
958         4   1.10206   1.57735 -0.475288   28.6618         0
959         6   1.10206         1  0.102062  -28.9678         0
960         4   1.10206   1.57735 -0.475288   24.5538         0
961         6   1.10206         1  0.102062  -3.27855         0
962         4   1.10206   1.57735 -0.475288   34.0872         0
963         6   1.10206         1  0.102062  -14.8406         0
964         4   1.10206   1.57735 -0.475288   20.2044         0
965         6   1.10206         1  0.102062  -20.0343         1
966         4   1.10206   1.57735 -0.475288   38.6322         0
967         6   1.10206         1  0.102062  -5.19593         0
968         4   1.10206   1.57735 -0.475288   15.3487         0
969         6   1.10206         1  0.102062  -26.6944         0
970         4   1.10206   1.57735 -0.475288   18.7354         0
971         6   1.10206         1  0.102062  -7.42874         1
972         4   1.10206   1.57735 -0.475288    17.718         0
973         6   1.10206         1  0.102062  -9.52626         0
974         4   1.10206   1.57735 -0.475288   50.5921         0
975         6   1.10206         1  0.102062 -0.935313         1
976         4   1.10206   1.57735 -0.475288   12.9216         0
977         6   1.10206         1  0.102062  -44.5021         0
978         4   1.10206   1.57735 -0.475288   31.3657         0
979         6   1.10206         1  0.102062  -32.6087         1
980         4   1.10206   1.57735 -0.475288   16.5926         0
981         6   1.10206         1  0.102062  -21.0594         0
982         4   1.10206   1.57735 -0.475288   18.5714         0
983         6   1.10206         1  0.102062   15.1229         1
984         4   1.10206   1.57735 -0.475288    38.306         0
985         6   1.10206         1  0.102062  -25.2133         0
986         4   1.10206   1.57735 -0.475288   28.5374         0
987         6   1.10206         1  0.102062  -43.7902         0
988         4   1.10206   1.57735 -0.475288   45.3239         0
989         6   1.10206         1  0.102062  -4.91436         1
990         4   1.10206   1.57735 -0.475288   27.4945         0
991         6   1.10206         1  0.102062  -13.3226         0
992         4   1.10206   1.57735 -0.475288   34.6105         0
993         6   1.10206         1  0.102062  -30.2927         0
994         4   1.10206   1.57735 -0.475288   19.0577         0
995         6   1.10206         1  0.102062  -6.78729         0
996         4   1.10206   1.57735 -0.475288   31.0991         0
997         6   1.10206         1  0.102062  -13.1067         1
998         4   1.10206   1.57735 -0.475288   21.9616         0
999         6   1.10206         1  0.102062   -7.2413         1
