#BLOCK   PARTNER   MY_BETA PART_BETA   DELTA_BDELTA_E  ACCEPTED
0         0   6.70544        10  -3.29456  -21.4028         1
1         2   6.70544   4.26599   2.43946    6.5017         1
2         0   6.70544        10  -3.29456  -2.41863         1
3         2   6.70544   4.26599   2.43946   10.4964         1
4         0   6.70544        10  -3.29456  -12.4148         1
5         2   6.70544   4.26599   2.43946  -6.46857         0
6         0   6.70544        10  -3.29456   18.9637         0
7         2   6.70544   4.26599   2.43946   5.13863         1
8         0   6.70544        10  -3.29456   11.5815         0
9         2   6.70544   4.26599   2.43946  -11.9195         0
10         0   6.70544        10  -3.29456    8.3788         0
11         2   6.70544   4.26599   2.43946  -6.50358         0
12         0   6.70544        10  -3.29456   7.31377         0
13         2   6.70544   4.26599   2.43946  -4.40151         0
14         0   6.70544        10  -3.29456   6.78886         0
15         2   6.70544   4.26599   2.43946  -4.04677         0
16         0   6.70544        10  -3.29456   10.3697         0
17         2   6.70544   4.26599   2.43946  -2.55094         0
18         0   6.70544        10  -3.29456    4.6725         0
19         2   6.70544   4.26599   2.43946  -0.51892         1
20         0   6.70544        10  -3.29456   3.23677         0
21         2   6.70544   4.26599   2.43946  -9.65948         0
22         0   6.70544        10  -3.29456   2.28796         0
23         2   6.70544   4.26599   2.43946  -11.0971         0
24         0   6.70544        10  -3.29456  0.799304         0
25         2   6.70544   4.26599   2.43946  -10.6972         0
26         0   6.70544        10  -3.29456  0.566332         0
27         2   6.70544   4.26599   2.43946  -1.03103         0
28         0   6.70544        10  -3.29456  0.478515         1
29         2   6.70544   4.26599   2.43946   4.51629         1
30         0   6.70544        10  -3.29456  -5.94672         1
31         2   6.70544   4.26599   2.43946   -4.0764         0
32         0   6.70544        10  -3.29456   9.70369         0
33         2   6.70544   4.26599   2.43946  -5.42696         0
34         0   6.70544        10  -3.29456   8.82998         0
35         2   6.70544   4.26599   2.43946  -6.04539         0
36         0   6.70544        10  -3.29456   10.6737         0
37         2   6.70544   4.26599   2.43946  -3.71445         0
38         0   6.70544        10  -3.29456   8.11535         0
39         2   6.70544   4.26599   2.43946  -11.2615         0
40         0   6.70544        10  -3.29456   5.21688         0
41         2   6.70544   4.26599   2.43946  -6.74441         0
42         0   6.70544        10  -3.29456   7.55603         0
43         2   6.70544   4.26599   2.43946  -7.27401         0
44         0   6.70544        10  -3.29456   8.81561         0
45         2   6.70544   4.26599   2.43946  -8.13337         0
46         0   6.70544        10  -3.29456   8.70605         0
47         2   6.70544   4.26599   2.43946  -10.0403         0
48         0   6.70544        10  -3.29456   8.40159         0
49         2   6.70544   4.26599   2.43946  -7.60101         0
50         0   6.70544        10  -3.29456   7.00158         0
51         2   6.70544   4.26599   2.43946  -5.38027         0
52         0   6.70544        10  -3.29456   9.02645         0
53         2   6.70544   4.26599   2.43946  -6.40433         0
54         0   6.70544        10  -3.29456   10.9662         0
55         2   6.70544   4.26599   2.43946  -6.27566         0
56         0   6.70544        10  -3.29456   8.42027         0
57         2   6.70544   4.26599   2.43946  -5.62461         0
58         0   6.70544        10  -3.29456   6.80315         0
59         2   6.70544   4.26599   2.43946  -8.11932         0
60         0   6.70544        10  -3.29456   8.77411         0
61         2   6.70544   4.26599   2.43946  -7.22432         0
62         0   6.70544        10  -3.29456   8.53815         0
63         2   6.70544   4.26599   2.43946  -6.41241         0
64         0   6.70544        10  -3.29456   8.57196         0
65         2   6.70544   4.26599   2.43946  -9.37602         0
66         0   6.70544        10  -3.29456   8.99771         0
67         2   6.70544   4.26599   2.43946  -7.93285         0
68         0   6.70544        10  -3.29456   9.24774         0
69         2   6.70544   4.26599   2.43946  -8.81309         0
70         0   6.70544        10  -3.29456   6.89623         0
71         2   6.70544   4.26599   2.43946  -8.73101         0
72         0   6.70544        10  -3.29456   5.77957         0
73         2   6.70544   4.26599   2.43946  -10.2097         0
74         0   6.70544        10  -3.29456   6.63639         0
75         2   6.70544   4.26599   2.43946  -10.4357         0
76         0   6.70544        10  -3.29456   7.15974         0
77         2   6.70544   4.26599   2.43946  -14.2693         0
78         0   6.70544        10  -3.29456     8.641         0
79         2   6.70544   4.26599   2.43946  -5.71332         0
80         0   6.70544        10  -3.29456   8.21041         0
81         2   6.70544   4.26599   2.43946  -8.14884         0
82         0   6.70544        10  -3.29456   8.52702         0
83         2   6.70544   4.26599   2.43946  -9.81723         0
84         0   6.70544        10  -3.29456   8.46988         0
85         2   6.70544   4.26599   2.43946  -12.1352         0
86         0   6.70544        10  -3.29456   8.29312         0
87         2   6.70544   4.26599   2.43946  -5.96913         0
88         0   6.70544        10  -3.29456   7.26477         0
89         2   6.70544   4.26599   2.43946  -7.81202         0
90         0   6.70544        10  -3.29456    9.3087         0
91         2   6.70544   4.26599   2.43946  -7.77459         0
92         0   6.70544        10  -3.29456   7.64016         0
93         2   6.70544   4.26599   2.43946   -5.5608         0
94         0   6.70544        10  -3.29456   7.85688         0
95         2   6.70544   4.26599   2.43946  -8.59046         0
96         0   6.70544        10  -3.29456   8.13977         0
97         2   6.70544   4.26599   2.43946  -5.50035         0
98         0   6.70544        10  -3.29456   9.17618         0
99         2   6.70544   4.26599   2.43946     -3.37         0
100         0   6.70544        10  -3.29456   9.53702         0
101         2   6.70544   4.26599   2.43946  -6.32633         0
102         0   6.70544        10  -3.29456   9.02618         0
103         2   6.70544   4.26599   2.43946  -4.37086         0
104         0   6.70544        10  -3.29456    7.8105         0
105         2   6.70544   4.26599   2.43946  -5.25729         0
106         0   6.70544        10  -3.29456   9.34016         0
107         2   6.70544   4.26599   2.43946  -5.02929         0
108         0   6.70544        10  -3.29456   8.33455         0
109         2   6.70544   4.26599   2.43946  -1.74185         0
110         0   6.70544        10  -3.29456   7.09424         0
111         2   6.70544   4.26599   2.43946  -4.73572         0
112         0   6.70544        10  -3.29456   7.85907         0
113         2   6.70544   4.26599   2.43946  -4.65773         0
114         0   6.70544        10  -3.29456   10.1051         0
115         2   6.70544   4.26599   2.43946  -6.99979         0
116         0   6.70544        10  -3.29456   10.4074         0
117         2   6.70544   4.26599   2.43946  -6.58714         0
118         0   6.70544        10  -3.29456   9.73718         0
119         2   6.70544   4.26599   2.43946  -4.20139         0
120         0   6.70544        10  -3.29456   9.19657         0
121         2   6.70544   4.26599   2.43946  -3.01131         0
122         0   6.70544        10  -3.29456   9.06999         0
123         2   6.70544   4.26599   2.43946  -4.91548         0
124         0   6.70544        10  -3.29456   8.63683         0
125         2   6.70544   4.26599   2.43946  -6.22004         0
126         0   6.70544        10  -3.29456   10.3422         0
127         2   6.70544   4.26599   2.43946  -1.89807         0
128         0   6.70544        10  -3.29456    8.1849         0
129         2   6.70544   4.26599   2.43946  -5.13226         0
130         0   6.70544        10  -3.29456    9.3094         0
131         2   6.70544   4.26599   2.43946  -6.28376         0
132         0   6.70544        10  -3.29456   7.72616         0
133         2   6.70544   4.26599   2.43946   -5.7935         0
134         0   6.70544        10  -3.29456   7.71984         0
135         2   6.70544   4.26599   2.43946  -2.90051         0
136         0   6.70544        10  -3.29456   8.66175         0
137         2   6.70544   4.26599   2.43946  -2.09347         0
138         0   6.70544        10  -3.29456   7.46604         0
139         2   6.70544   4.26599   2.43946  -3.79945         0
140         0   6.70544        10  -3.29456   8.73619         0
141         2   6.70544   4.26599   2.43946  -5.87816         0
142         0   6.70544        10  -3.29456   9.82077         0
143         2   6.70544   4.26599   2.43946  -2.72064         0
144         0   6.70544        10  -3.29456   9.05252         0
145         2   6.70544   4.26599   2.43946  -3.80958         0
146         0   6.70544        10  -3.29456   7.94445         0
147         2   6.70544   4.26599   2.43946  -3.60329         0
148         0   6.70544        10  -3.29456   8.42514         0
149         2   6.70544   4.26599   2.43946  -5.19144         0
150         0   6.70544        10  -3.29456    8.5046         0
151         2   6.70544   4.26599   2.43946  -5.93589         0
152         0   6.70544        10  -3.29456   8.46592         0
153         2   6.70544   4.26599   2.43946  -6.98269         0
154         0   6.70544        10  -3.29456   7.82352         0
155         2   6.70544   4.26599   2.43946  -4.02093         0
156         0   6.70544        10  -3.29456   10.7989         0
157         2   6.70544   4.26599   2.43946  0.401167         1
158         0   6.70544        10  -3.29456    9.0288         0
159         2   6.70544   4.26599   2.43946   -5.5673         0
160         0   6.70544        10  -3.29456   9.03569         0
161         2   6.70544   4.26599   2.43946  -7.91443         0
162         0   6.70544        10  -3.29456    6.7017         0
163         2   6.70544   4.26599   2.43946  -9.36778         0
164         0   6.70544        10  -3.29456   7.65392         0
165         2   6.70544   4.26599   2.43946  -9.52735         0
166         0   6.70544        10  -3.29456   6.63221         0
167         2   6.70544   4.26599   2.43946  -1.98855         0
168         0   6.70544        10  -3.29456   8.05485         0
169         2   6.70544   4.26599   2.43946  -5.76693         0
170         0   6.70544        10  -3.29456   6.01612         0
171         2   6.70544   4.26599   2.43946  -9.71197         0
172         0   6.70544        10  -3.29456   4.71928         0
173         2   6.70544   4.26599   2.43946  -3.38303         0
174         0   6.70544        10  -3.29456   5.82386         0
175         2   6.70544   4.26599   2.43946  -2.92935         0
176         0   6.70544        10  -3.29456   6.59945         0
177         2   6.70544   4.26599   2.43946    -7.493         0
178         0   6.70544        10  -3.29456   5.07603         0
179         2   6.70544   4.26599   2.43946  -8.20646         0
180         0   6.70544        10  -3.29456    4.9526         0
181         2   6.70544   4.26599   2.43946  -8.55076         0
182         0   6.70544        10  -3.29456   3.68199         0
183         2   6.70544   4.26599   2.43946  -6.04363         0
184         0   6.70544        10  -3.29456   3.24895         0
185         2   6.70544   4.26599   2.43946  -12.5342         0
186         0   6.70544        10  -3.29456   4.85183         0
187         2   6.70544   4.26599   2.43946  -11.2052         0
188         0   6.70544        10  -3.29456   5.62449         0
189         2   6.70544   4.26599   2.43946  -8.54774         0
190         0   6.70544        10  -3.29456    4.0944         0
191         2   6.70544   4.26599   2.43946  -14.1216         0
192         0   6.70544        10  -3.29456     6.693         0
193         2   6.70544   4.26599   2.43946  -11.0295         0
194         0   6.70544        10  -3.29456   6.53127         0
195         2   6.70544   4.26599   2.43946  -12.2996         0
196         0   6.70544        10  -3.29456    4.1537         0
197         2   6.70544   4.26599   2.43946  -7.97515         0
198         0   6.70544        10  -3.29456   4.82386         0
199         2   6.70544   4.26599   2.43946  -3.28999         0
200         0   6.70544        10  -3.29456   4.53718         0
201         2   6.70544   4.26599   2.43946  -7.68155         0
202         0   6.70544        10  -3.29456   5.03679         0
203         2   6.70544   4.26599   2.43946  -9.53017         0
204         0   6.70544        10  -3.29456   4.84754         0
205         2   6.70544   4.26599   2.43946  -8.77844         0
206         0   6.70544        10  -3.29456   4.57662         0
207         2   6.70544   4.26599   2.43946   -6.2961         0
208         0   6.70544        10  -3.29456   5.80046         0
209         2   6.70544   4.26599   2.43946  -5.24599         0
210         0   6.70544        10  -3.29456   5.16189         0
211         2   6.70544   4.26599   2.43946  -6.44244         0
212         0   6.70544        10  -3.29456   6.50659         0
213         2   6.70544   4.26599   2.43946  -10.1563         0
214         0   6.70544        10  -3.29456   7.09389         0
215         2   6.70544   4.26599   2.43946  -7.49887         0
216         0   6.70544        10  -3.29456   4.64722         0
217         2   6.70544   4.26599   2.43946  -10.7424         0
218         0   6.70544        10  -3.29456   4.61641         0
219         2   6.70544   4.26599   2.43946  -8.00785         0
220         0   6.70544        10  -3.29456   5.36771         0
221         2   6.70544   4.26599   2.43946  -6.69795         0
222         0   6.70544        10  -3.29456   5.27069         0
223         2   6.70544   4.26599   2.43946  -8.49394         0
224         0   6.70544        10  -3.29456   3.32248         0
225         2   6.70544   4.26599   2.43946  -8.04068         0
226         0   6.70544        10  -3.29456   4.57439         0
227         2   6.70544   4.26599   2.43946  -7.42021         0
228         0   6.70544        10  -3.29456   4.89902         0
229         2   6.70544   4.26599   2.43946  -10.4649         0
230         0   6.70544        10  -3.29456   5.15637         0
231         2   6.70544   4.26599   2.43946  -7.63942         0
232         0   6.70544        10  -3.29456   4.89582         0
233         2   6.70544   4.26599   2.43946  -8.16063         0
234         0   6.70544        10  -3.29456   4.59741         0
235         2   6.70544   4.26599   2.43946   -3.4329         0
236         0   6.70544        10  -3.29456   4.40095         0
237         2   6.70544   4.26599   2.43946  -7.65992         0
238         0   6.70544        10  -3.29456   3.27548         0
239         2   6.70544   4.26599   2.43946  -8.04374         0
240         0   6.70544        10  -3.29456   3.65981         0
241         2   6.70544   4.26599   2.43946  -7.08419         0
242         0   6.70544        10  -3.29456   5.27845         0
243         2   6.70544   4.26599   2.43946  -4.95448         0
244         0   6.70544        10  -3.29456   6.31958         0
245         2   6.70544   4.26599   2.43946  -6.28621         0
246         0   6.70544        10  -3.29456   5.73263         0
247         2   6.70544   4.26599   2.43946  -6.17657         0
248         0   6.70544        10  -3.29456   6.34746         0
249         2   6.70544   4.26599   2.43946  -4.32215         0
250         0   6.70544        10  -3.29456   4.31162         0
251         2   6.70544   4.26599   2.43946  -5.28384         0
252         0   6.70544        10  -3.29456   6.91061         0
253         2   6.70544   4.26599   2.43946  -3.29397         0
254         0   6.70544        10  -3.29456   5.34726         0
255         2   6.70544   4.26599   2.43946     -9.55         0
256         0   6.70544        10  -3.29456   3.34063         0
257         2   6.70544   4.26599   2.43946  -1.51804         0
258         0   6.70544        10  -3.29456   5.22073         0
259         2   6.70544   4.26599   2.43946  -7.11132         0
260         0   6.70544        10  -3.29456   4.78984         0
261         2   6.70544   4.26599   2.43946  -3.85721         0
262         0   6.70544        10  -3.29456    6.0891         0
263         2   6.70544   4.26599   2.43946  -7.21143         0
264         0   6.70544        10  -3.29456   5.46193         0
265         2   6.70544   4.26599   2.43946  -6.63213         0
266         0   6.70544        10  -3.29456    6.9457         0
267         2   6.70544   4.26599   2.43946  -6.99523         0
268         0   6.70544        10  -3.29456   8.10488         0
269         2   6.70544   4.26599   2.43946  -2.99821         0
270         0   6.70544        10  -3.29456   6.24096         0
271         2   6.70544   4.26599   2.43946  -6.41567         0
272         0   6.70544        10  -3.29456   5.81623         0
273         2   6.70544   4.26599   2.43946  -9.49588         0
274         0   6.70544        10  -3.29456   7.90892         0
275         2   6.70544   4.26599   2.43946   -6.0588         0
276         0   6.70544        10  -3.29456   5.60864         0
277         2   6.70544   4.26599   2.43946  -5.83281         0
278         0   6.70544        10  -3.29456   7.51909         0
279         2   6.70544   4.26599   2.43946  -6.79981         0
280         0   6.70544        10  -3.29456   7.14157         0
281         2   6.70544   4.26599   2.43946  -7.80374         0
282         0   6.70544        10  -3.29456   6.13024         0
283         2   6.70544   4.26599   2.43946  -12.1981         0
284         0   6.70544        10  -3.29456   5.90497         0
285         2   6.70544   4.26599   2.43946  -4.86083         0
286         0   6.70544        10  -3.29456   6.73053         0
287         2   6.70544   4.26599   2.43946  -9.33986         0
288         0   6.70544        10  -3.29456   7.22871         0
289         2   6.70544   4.26599   2.43946  -5.37657         0
290         0   6.70544        10  -3.29456   7.36784         0
291         2   6.70544   4.26599   2.43946  -3.82977         0
292         0   6.70544        10  -3.29456   7.48805         0
293         2   6.70544   4.26599   2.43946  -3.05575         0
294         0   6.70544        10  -3.29456   7.94222         0
295         2   6.70544   4.26599   2.43946  -7.20881         0
296         0   6.70544        10  -3.29456   8.62608         0
297         2   6.70544   4.26599   2.43946  -3.70996         0
298         0   6.70544        10  -3.29456   5.38384         0
299         2   6.70544   4.26599   2.43946  -6.81501         0
300         0   6.70544        10  -3.29456   8.64612         0
301         2   6.70544   4.26599   2.43946  -7.61597         0
302         0   6.70544        10  -3.29456   8.52344         0
303         2   6.70544   4.26599   2.43946  -3.20952         0
304         0   6.70544        10  -3.29456   8.69981         0
305         2   6.70544   4.26599   2.43946  -9.22838         0
306         0   6.70544        10  -3.29456   7.78368         0
307         2   6.70544   4.26599   2.43946  -4.41082         0
308         0   6.70544        10  -3.29456   8.98764         0
309         2   6.70544   4.26599   2.43946  -8.44013         0
310         0   6.70544        10  -3.29456   8.09443         0
311         2   6.70544   4.26599   2.43946  -7.74615         0
312         0   6.70544        10  -3.29456   7.53201         0
313         2   6.70544   4.26599   2.43946  -9.79275         0
314         0   6.70544        10  -3.29456   7.04123         0
315         2   6.70544   4.26599   2.43946  -9.44828         0
316         0   6.70544        10  -3.29456   8.39541         0
317         2   6.70544   4.26599   2.43946  -6.62647         0
318         0   6.70544        10  -3.29456   9.69038         0
319         2   6.70544   4.26599   2.43946  -3.46355         0
320         0   6.70544        10  -3.29456   7.95695         0
321         2   6.70544   4.26599   2.43946  -2.75269         0
322         0   6.70544        10  -3.29456   7.21648         0
323         2   6.70544   4.26599   2.43946  -6.60241         0
324         0   6.70544        10  -3.29456   9.14887         0
325         2   6.70544   4.26599   2.43946  -7.47997         0
326         0   6.70544        10  -3.29456   8.83483         0
327         2   6.70544   4.26599   2.43946  -7.88967         0
328         0   6.70544        10  -3.29456   8.39256         0
329         2   6.70544   4.26599   2.43946  -5.81845         0
330         0   6.70544        10  -3.29456   9.54599         0
331         2   6.70544   4.26599   2.43946   1.27073         1
332         0   6.70544        10  -3.29456   10.4551         0
333         2   6.70544   4.26599   2.43946  -9.00613         0
334         0   6.70544        10  -3.29456   5.73826         0
335         2   6.70544   4.26599   2.43946  -7.51281         0
336         0   6.70544        10  -3.29456    6.8713         0
337         2   6.70544   4.26599   2.43946  -4.09133         0
338         0   6.70544        10  -3.29456   6.91555         0
339         2   6.70544   4.26599   2.43946  -3.48396         0
340         0   6.70544        10  -3.29456   8.27742         0
341         2   6.70544   4.26599   2.43946   -4.5566         0
342         0   6.70544        10  -3.29456   7.53646         0
343         2   6.70544   4.26599   2.43946  -4.93546         0
344         0   6.70544        10  -3.29456   8.41809         0
345         2   6.70544   4.26599   2.43946  -4.54982         0
346         0   6.70544        10  -3.29456   4.09967         0
347         2   6.70544   4.26599   2.43946  -12.7102         0
348         0   6.70544        10  -3.29456   7.28132         0
349         2   6.70544   4.26599   2.43946  -3.85505         0
350         0   6.70544        10  -3.29456   9.79666         0
351         2   6.70544   4.26599   2.43946  -6.26424         0
352         0   6.70544        10  -3.29456   7.52205         0
353         2   6.70544   4.26599   2.43946  -8.40592         0
354         0   6.70544        10  -3.29456    6.1283         0
355         2   6.70544   4.26599   2.43946  -5.62867         0
356         0   6.70544        10  -3.29456   5.47583         0
357         2   6.70544   4.26599   2.43946  -5.91037         0
358         0   6.70544        10  -3.29456    8.6028         0
359         2   6.70544   4.26599   2.43946   -6.9378         0
360         0   6.70544        10  -3.29456    8.0319         0
361         2   6.70544   4.26599   2.43946  -8.22075         0
362         0   6.70544        10  -3.29456    7.6733         0
363         2   6.70544   4.26599   2.43946  -6.46814         0
364         0   6.70544        10  -3.29456   7.28908         0
365         2   6.70544   4.26599   2.43946  -11.7347         0
366         0   6.70544        10  -3.29456   5.40765         0
367         2   6.70544   4.26599   2.43946  -11.5545         0
368         0   6.70544        10  -3.29456   6.36694         0
369         2   6.70544   4.26599   2.43946  -12.1337         0
370         0   6.70544        10  -3.29456   4.34765         0
371         2   6.70544   4.26599   2.43946  -13.3781         0
372         0   6.70544        10  -3.29456   5.83986         0
373         2   6.70544   4.26599   2.43946  -11.1875         0
374         0   6.70544        10  -3.29456   6.88979         0
375         2   6.70544   4.26599   2.43946  -10.3287         0
376         0   6.70544        10  -3.29456   3.72383         0
377         2   6.70544   4.26599   2.43946  -9.95578         0
378         0   6.70544        10  -3.29456   4.87113         0
379         2   6.70544   4.26599   2.43946  -10.4111         0
380         0   6.70544        10  -3.29456   6.11382         0
381         2   6.70544   4.26599   2.43946  -9.08595         0
382         0   6.70544        10  -3.29456   8.22012         0
383         2   6.70544   4.26599   2.43946   -8.8058         0
384         0   6.70544        10  -3.29456   6.86718         0
385         2   6.70544   4.26599   2.43946  -12.2496         0
386         0   6.70544        10  -3.29456   4.39974         0
387         2   6.70544   4.26599   2.43946  -18.7418         0
388         0   6.70544        10  -3.29456   6.87731         0
389         2   6.70544   4.26599   2.43946  -9.57368         0
390         0   6.70544        10  -3.29456   4.56435         0
391         2   6.70544   4.26599   2.43946  -7.07872         0
392         0   6.70544        10  -3.29456   4.14567         0
393         2   6.70544   4.26599   2.43946  -12.4808         0
394         0   6.70544        10  -3.29456   5.40398         0
395         2   6.70544   4.26599   2.43946  -11.8379         0
396         0   6.70544        10  -3.29456   5.04384         0
397         2   6.70544   4.26599   2.43946  -7.11461         0
398         0   6.70544        10  -3.29456    6.3666         0
399         2   6.70544   4.26599   2.43946  -7.86814         0
400         0   6.70544        10  -3.29456   3.51153         0
401         2   6.70544   4.26599   2.43946  -12.8162         0
402         0   6.70544        10  -3.29456   2.91417         0
403         2   6.70544   4.26599   2.43946  -5.53018         0
404         0   6.70544        10  -3.29456   3.12094         0
405         2   6.70544   4.26599   2.43946  -7.52751         0
406         0   6.70544        10  -3.29456    2.5715         0
407         2   6.70544   4.26599   2.43946  -11.9229         0
408         0   6.70544        10  -3.29456    2.6148         0
409         2   6.70544   4.26599   2.43946  -10.2623         0
410         0   6.70544        10  -3.29456   2.19195         0
411         2   6.70544   4.26599   2.43946  -7.71034         0
412         0   6.70544        10  -3.29456  0.693574         1
413         2   6.70544   4.26599   2.43946    -8.954         0
414         0   6.70544        10  -3.29456   0.76586         0
415         2   6.70544   4.26599   2.43946  -8.97487         0
416         0   6.70544        10  -3.29456   1.74655         0
417         2   6.70544   4.26599   2.43946  -11.6107         0
418         0   6.70544        10  -3.29456   2.75232         0
419         2   6.70544   4.26599   2.43946  -12.8901         0
420         0   6.70544        10  -3.29456   1.96156         0
421         2   6.70544   4.26599   2.43946  -13.4397         0
422         0   6.70544        10  -3.29456   1.09403         0
423         2   6.70544   4.26599   2.43946   -13.315         0
424         0   6.70544        10  -3.29456   1.04521         0
425         2   6.70544   4.26599   2.43946  -11.1977         0
426         0   6.70544        10  -3.29456 -0.156784         1
427         2   6.70544   4.26599   2.43946  -10.5033         0
428         0   6.70544        10  -3.29456   1.31878         1
429         2   6.70544   4.26599   2.43946  -14.9245         0
430         0   6.70544        10  -3.29456 -0.795567         1
431         2   6.70544   4.26599   2.43946  -12.3819         0
432         0   6.70544        10  -3.29456   4.08863         0
433         2   6.70544   4.26599   2.43946  -13.8034         0
434         0   6.70544        10  -3.29456   1.22768         0
435         2   6.70544   4.26599   2.43946  -15.1964         0
436         0   6.70544        10  -3.29456   5.09665         0
437         2   6.70544   4.26599   2.43946  -15.4305         0
438         0   6.70544        10  -3.29456   5.45007         0
439         2   6.70544   4.26599   2.43946  -7.88373         0
440         0   6.70544        10  -3.29456   2.76663         0
441         2   6.70544   4.26599   2.43946  -10.0841         0
442         0   6.70544        10  -3.29456   3.53374         0
443         2   6.70544   4.26599   2.43946  -9.82059         0
444         0   6.70544        10  -3.29456   3.31029         0
445         2   6.70544   4.26599   2.43946  -9.96211         0
446         0   6.70544        10  -3.29456   5.46165         0
447         2   6.70544   4.26599   2.43946  -13.6228         0
448         0   6.70544        10  -3.29456   3.54595         0
449         2   6.70544   4.26599   2.43946  -16.1781         0
450         0   6.70544        10  -3.29456   2.36832         0
451         2   6.70544   4.26599   2.43946  -12.9747         0
452         0   6.70544        10  -3.29456   2.29308         0
453         2   6.70544   4.26599   2.43946  -15.1901         0
454         0   6.70544        10  -3.29456   2.44588         0
455         2   6.70544   4.26599   2.43946  -11.5903         0
456         0   6.70544        10  -3.29456   4.25105         0
457         2   6.70544   4.26599   2.43946  -6.80108         0
458         0   6.70544        10  -3.29456   2.51744         0
459         2   6.70544   4.26599   2.43946  -8.58131         0
460         0   6.70544        10  -3.29456   1.73344         0
461         2   6.70544   4.26599   2.43946  -7.75647         0
462         0   6.70544        10  -3.29456   1.13118         0
463         2   6.70544   4.26599   2.43946  -9.39564         0
464         0   6.70544        10  -3.29456   3.26063         0
465         2   6.70544   4.26599   2.43946  -5.25919         0
466         0   6.70544        10  -3.29456   3.24289         0
467         2   6.70544   4.26599   2.43946  -11.8695         0
468         0   6.70544        10  -3.29456   2.33574         0
469         2   6.70544   4.26599   2.43946  -9.75076         0
470         0   6.70544        10  -3.29456   1.72973         0
471         2   6.70544   4.26599   2.43946   -8.6646         0
472         0   6.70544        10  -3.29456   3.18923         0
473         2   6.70544   4.26599   2.43946  -7.19013         0
474         0   6.70544        10  -3.29456   2.76154         0
475         2   6.70544   4.26599   2.43946  -7.96675         0
476         0   6.70544        10  -3.29456   1.27115         0
477         2   6.70544   4.26599   2.43946  -10.3273         0
478         0   6.70544        10  -3.29456   2.87948         0
479         2   6.70544   4.26599   2.43946  -11.3221         0
480         0   6.70544        10  -3.29456   3.02561         0
481         2   6.70544   4.26599   2.43946  -7.60003         0
482         0   6.70544        10  -3.29456   3.39182         0
483         2   6.70544   4.26599   2.43946  -4.17467         0
484         0   6.70544        10  -3.29456   2.12477         0
485         2   6.70544   4.26599   2.43946  -8.49545         0
486         0   6.70544        10  -3.29456   1.21419         0
487         2   6.70544   4.26599   2.43946  -8.52939         0
488         0   6.70544        10  -3.29456   2.81298         0
489         2   6.70544   4.26599   2.43946  -7.73807         0
490         0   6.70544        10  -3.29456   3.26864         0
491         2   6.70544   4.26599   2.43946  -6.52553         0
492         0   6.70544        10  -3.29456   1.63401         0
493         2   6.70544   4.26599   2.43946  -8.96998         0
494         0   6.70544        10  -3.29456   2.22851         0
495         2   6.70544   4.26599   2.43946  -6.54683         0
496         0   6.70544        10  -3.29456   5.00755         0
497         2   6.70544   4.26599   2.43946  -4.51024         0
498         0   6.70544        10  -3.29456   5.13465         0
499         2   6.70544   4.26599   2.43946  -8.80301         0
500         0   6.70544        10  -3.29456   5.10529         0
501         2   6.70544   4.26599   2.43946  -3.17526         0
502         0   6.70544        10  -3.29456   3.81951         0
503         2   6.70544   4.26599   2.43946  -7.95137         0
504         0   6.70544        10  -3.29456   2.64252         0
505         2   6.70544   4.26599   2.43946  -7.12504         0
506         0   6.70544        10  -3.29456   1.15225         0
507         2   6.70544   4.26599   2.43946   -9.4984         0
508         0   6.70544        10  -3.29456   2.52699         0
509         2   6.70544   4.26599   2.43946   -12.456         0
510         0   6.70544        10  -3.29456   4.80252         0
511         2   6.70544   4.26599   2.43946  -9.26117         0
512         0   6.70544        10  -3.29456   2.75352         0
513         2   6.70544   4.26599   2.43946  -7.54772         0
514         0   6.70544        10  -3.29456   3.07324         0
515         2   6.70544   4.26599   2.43946  -9.67425         0
516         0   6.70544        10  -3.29456    3.1703         0
517         2   6.70544   4.26599   2.43946  -9.98265         0
518         0   6.70544        10  -3.29456   3.46562         0
519         2   6.70544   4.26599   2.43946  -8.79629         0
520         0   6.70544        10  -3.29456   2.90883         0
521         2   6.70544   4.26599   2.43946  -4.71174         0
522         0   6.70544        10  -3.29456   3.21345         0
523         2   6.70544   4.26599   2.43946  -9.28757         0
524         0   6.70544        10  -3.29456   1.66299         0
525         2   6.70544   4.26599   2.43946  -12.5914         0
526         0   6.70544        10  -3.29456   2.57929         0
527         2   6.70544   4.26599   2.43946  -9.26422         0
528         0   6.70544        10  -3.29456   4.05063         0
529         2   6.70544   4.26599   2.43946  -12.3361         0
530         0   6.70544        10  -3.29456   3.26268         0
531         2   6.70544   4.26599   2.43946  -9.50862         0
532         0   6.70544        10  -3.29456   4.27573         0
533         2   6.70544   4.26599   2.43946  -14.1846         0
534         0   6.70544        10  -3.29456   2.08831         0
535         2   6.70544   4.26599   2.43946  -14.8918         0
536         0   6.70544        10  -3.29456   2.49969         0
537         2   6.70544   4.26599   2.43946  -13.5949         0
538         0   6.70544        10  -3.29456   4.80449         0
539         2   6.70544   4.26599   2.43946  -9.11199         0
540         0   6.70544        10  -3.29456   3.49305         0
541         2   6.70544   4.26599   2.43946  -9.23328         0
542         0   6.70544        10  -3.29456    3.3016         0
543         2   6.70544   4.26599   2.43946  -9.98794         0
544         0   6.70544        10  -3.29456   1.73663         0
545         2   6.70544   4.26599   2.43946  -9.71079         0
546         0   6.70544        10  -3.29456   3.23939         0
547         2   6.70544   4.26599   2.43946  -8.70147         0
548         0   6.70544        10  -3.29456   2.75863         0
549         2   6.70544   4.26599   2.43946  -7.65423         0
550         0   6.70544        10  -3.29456   2.72496         0
551         2   6.70544   4.26599   2.43946  -9.19905         0
552         0   6.70544        10  -3.29456   6.07457         0
553         2   6.70544   4.26599   2.43946  -3.85454         0
554         0   6.70544        10  -3.29456   6.52144         0
555         2   6.70544   4.26599   2.43946  -6.15976         0
556         0   6.70544        10  -3.29456   4.87498         0
557         2   6.70544   4.26599   2.43946  -6.01708         0
558         0   6.70544        10  -3.29456   3.30554         0
559         2   6.70544   4.26599   2.43946  -9.41802         0
560         0   6.70544        10  -3.29456   4.51843         0
561         2   6.70544   4.26599   2.43946  -6.45403         0
562         0   6.70544        10  -3.29456   2.83551         0
563         2   6.70544   4.26599   2.43946  -10.2997         0
564         0   6.70544        10  -3.29456    2.9397         0
565         2   6.70544   4.26599   2.43946  -12.1316         0
566         0   6.70544        10  -3.29456   4.67105         0
567         2   6.70544   4.26599   2.43946  -10.8175         0
568         0   6.70544        10  -3.29456   2.42456         0
569         2   6.70544   4.26599   2.43946   -12.221         0
570         0   6.70544        10  -3.29456   3.61703         0
571         2   6.70544   4.26599   2.43946  -12.8353         0
572         0   6.70544        10  -3.29456    2.7898         0
573         2   6.70544   4.26599   2.43946  -10.2355         0
574         0   6.70544        10  -3.29456   2.33789         0
575         2   6.70544   4.26599   2.43946  -12.2543         0
576         0   6.70544        10  -3.29456   2.89135         0
577         2   6.70544   4.26599   2.43946  -17.1607         0
578         0   6.70544        10  -3.29456   3.60749         0
579         2   6.70544   4.26599   2.43946  -16.3327         0
580         0   6.70544        10  -3.29456   1.16252         0
581         2   6.70544   4.26599   2.43946  -12.7616         0
582         0   6.70544        10  -3.29456   2.59762         0
583         2   6.70544   4.26599   2.43946  -9.93472         0
584         0   6.70544        10  -3.29456   2.35996         0
585         2   6.70544   4.26599   2.43946  -11.7779         0
586         0   6.70544        10  -3.29456   3.82932         0
587         2   6.70544   4.26599   2.43946  -7.90377         0
588         0   6.70544        10  -3.29456   2.39572         0
589         2   6.70544   4.26599   2.43946  -8.09179         0
590         0   6.70544        10  -3.29456    1.7876         0
591         2   6.70544   4.26599   2.43946  -7.54313         0
592         0   6.70544        10  -3.29456   3.30134         0
593         2   6.70544   4.26599   2.43946  -7.67053         0
594         0   6.70544        10  -3.29456   2.36393         0
595         2   6.70544   4.26599   2.43946  -11.2619         0
596         0   6.70544        10  -3.29456   2.18647         0
597         2   6.70544   4.26599   2.43946  -11.1568         0
598         0   6.70544        10  -3.29456   3.74686         0
599         2   6.70544   4.26599   2.43946  -12.7721         0
600         0   6.70544        10  -3.29456   5.48793         0
601         2   6.70544   4.26599   2.43946   -8.1869         0
602         0   6.70544        10  -3.29456   5.00088         0
603         2   6.70544   4.26599   2.43946  -11.4928         0
604         0   6.70544        10  -3.29456   3.21429         0
605         2   6.70544   4.26599   2.43946  -10.1977         0
606         0   6.70544        10  -3.29456   3.50278         0
607         2   6.70544   4.26599   2.43946  -12.8218         0
608         0   6.70544        10  -3.29456     1.663         0
609         2   6.70544   4.26599   2.43946  -11.5078         0
610         0   6.70544        10  -3.29456   1.62463         0
611         2   6.70544   4.26599   2.43946  -9.73602         0
612         0   6.70544        10  -3.29456   4.81976         0
613         2   6.70544   4.26599   2.43946  -5.85204         0
614         0   6.70544        10  -3.29456   3.42647         0
615         2   6.70544   4.26599   2.43946  -8.41011         0
616         0   6.70544        10  -3.29456   4.65575         0
617         2   6.70544   4.26599   2.43946  -7.79801         0
618         0   6.70544        10  -3.29456    3.0898         0
619         2   6.70544   4.26599   2.43946  -11.1624         0
620         0   6.70544        10  -3.29456   2.15017         0
621         2   6.70544   4.26599   2.43946  -9.69995         0
622         0   6.70544        10  -3.29456   1.88096         0
623         2   6.70544   4.26599   2.43946  -7.50091         0
624         0   6.70544        10  -3.29456   4.46013         0
625         2   6.70544   4.26599   2.43946   -10.986         0
626         0   6.70544        10  -3.29456   2.70268         0
627         2   6.70544   4.26599   2.43946  -12.9787         0
628         0   6.70544        10  -3.29456   3.01676         0
629         2   6.70544   4.26599   2.43946  -11.3116         0
630         0   6.70544        10  -3.29456   2.41662         0
631         2   6.70544   4.26599   2.43946  -7.27697         0
632         0   6.70544        10  -3.29456   3.37062         0
633         2   6.70544   4.26599   2.43946  -7.60832         0
634         0   6.70544        10  -3.29456   2.64445         0
635         2   6.70544   4.26599   2.43946  -9.98176         0
636         0   6.70544        10  -3.29456   4.60314         0
637         2   6.70544   4.26599   2.43946  -7.97942         0
638         0   6.70544        10  -3.29456   6.33018         0
639         2   6.70544   4.26599   2.43946   -7.5559         0
640         0   6.70544        10  -3.29456   4.53723         0
641         2   6.70544   4.26599   2.43946  -6.96434         0
642         0   6.70544        10  -3.29456   4.88541         0
643         2   6.70544   4.26599   2.43946  -5.33685         0
644         0   6.70544        10  -3.29456   4.55289         0
645         2   6.70544   4.26599   2.43946  -10.3359         0
646         0   6.70544        10  -3.29456   5.01276         0
647         2   6.70544   4.26599   2.43946  -6.62518         0
648         0   6.70544        10  -3.29456   5.44491         0
649         2   6.70544   4.26599   2.43946  -6.04521         0
650         0   6.70544        10  -3.29456   4.90129         0
651         2   6.70544   4.26599   2.43946  -8.92127         0
652         0   6.70544        10  -3.29456   3.96075         0
653         2   6.70544   4.26599   2.43946   -10.262         0
654         0   6.70544        10  -3.29456   6.35526         0
655         2   6.70544   4.26599   2.43946  -6.71087         0
656         0   6.70544        10  -3.29456   3.17369         0
657         2   6.70544   4.26599   2.43946  -8.77514         0
658         0   6.70544        10  -3.29456   3.48134         0
659         2   6.70544   4.26599   2.43946  -13.5344         0
660         0   6.70544        10  -3.29456   3.89563         0
661         2   6.70544   4.26599   2.43946  -12.0517         0
662         0   6.70544        10  -3.29456   2.47859         0
663         2   6.70544   4.26599   2.43946  -10.4965         0
664         0   6.70544        10  -3.29456   6.38923         0
665         2   6.70544   4.26599   2.43946  -7.16665         0
666         0   6.70544        10  -3.29456   5.67443         0
667         2   6.70544   4.26599   2.43946  -11.0853         0
668         0   6.70544        10  -3.29456   5.60615         0
669         2   6.70544   4.26599   2.43946  -7.69963         0
670         0   6.70544        10  -3.29456   6.27694         0
671         2   6.70544   4.26599   2.43946  -8.99989         0
672         0   6.70544        10  -3.29456   4.71359         0
673         2   6.70544   4.26599   2.43946  -11.4077         0
674         0   6.70544        10  -3.29456   6.20662         0
675         2   6.70544   4.26599   2.43946  -8.16829         0
676         0   6.70544        10  -3.29456   3.79242         0
677         2   6.70544   4.26599   2.43946  -10.8723         0
678         0   6.70544        10  -3.29456   4.37802         0
679         2   6.70544   4.26599   2.43946  -8.88486         0
680         0   6.70544        10  -3.29456   2.99792         0
681         2   6.70544   4.26599   2.43946  -10.4115         0
682         0   6.70544        10  -3.29456   3.41549         0
683         2   6.70544   4.26599   2.43946  -10.4871         0
684         0   6.70544        10  -3.29456   3.35351         0
685         2   6.70544   4.26599   2.43946  -8.43936         0
686         0   6.70544        10  -3.29456   1.65658         0
687         2   6.70544   4.26599   2.43946  -11.6626         0
688         0   6.70544        10  -3.29456    2.7805         0
689         2   6.70544   4.26599   2.43946  -10.4371         0
690         0   6.70544        10  -3.29456   4.11984         0
691         2   6.70544   4.26599   2.43946  -11.7958         0
692         0   6.70544        10  -3.29456    2.3764         0
693         2   6.70544   4.26599   2.43946  -11.1109         0
694         0   6.70544        10  -3.29456   3.90257         0
695         2   6.70544   4.26599   2.43946   -9.3432         0
696         0   6.70544        10  -3.29456   4.27658         0
697         2   6.70544   4.26599   2.43946  -8.50976         0
698         0   6.70544        10  -3.29456   3.89666         0
699         2   6.70544   4.26599   2.43946  -9.72867         0
700         0   6.70544        10  -3.29456   4.49371         0
701         2   6.70544   4.26599   2.43946   -13.102         0
702         0   6.70544        10  -3.29456      3.94         0
703         2   6.70544   4.26599   2.43946  -11.2973         0
704         0   6.70544        10  -3.29456   3.91745         0
705         2   6.70544   4.26599   2.43946  -12.4351         0
706         0   6.70544        10  -3.29456   4.72188         0
707         2   6.70544   4.26599   2.43946  -8.87166         0
708         0   6.70544        10  -3.29456   4.75641         0
709         2   6.70544   4.26599   2.43946  -5.65222         0
710         0   6.70544        10  -3.29456   4.78366         0
711         2   6.70544   4.26599   2.43946  -7.03016         0
712         0   6.70544        10  -3.29456   3.11951         0
713         2   6.70544   4.26599   2.43946  -8.68269         0
714         0   6.70544        10  -3.29456   4.17423         0
715         2   6.70544   4.26599   2.43946  -15.9535         0
716         0   6.70544        10  -3.29456   4.41263         0
717         2   6.70544   4.26599   2.43946  -9.93008         0
718         0   6.70544        10  -3.29456   3.83932         0
719         2   6.70544   4.26599   2.43946  -8.84479         0
720         0   6.70544        10  -3.29456   5.49991         0
721         2   6.70544   4.26599   2.43946  -12.0496         0
722         0   6.70544        10  -3.29456   5.28038         0
723         2   6.70544   4.26599   2.43946  -11.9953         0
724         0   6.70544        10  -3.29456   3.03208         0
725         2   6.70544   4.26599   2.43946  -11.5847         0
726         0   6.70544        10  -3.29456    5.4584         0
727         2   6.70544   4.26599   2.43946  -7.67924         0
728         0   6.70544        10  -3.29456   6.44705         0
729         2   6.70544   4.26599   2.43946  -7.08056         0
730         0   6.70544        10  -3.29456   4.63752         0
731         2   6.70544   4.26599   2.43946  -11.0501         0
732         0   6.70544        10  -3.29456   5.64283         0
733         2   6.70544   4.26599   2.43946  -7.12279         0
734         0   6.70544        10  -3.29456   4.40657         0
735         2   6.70544   4.26599   2.43946  -8.34319         0
736         0   6.70544        10  -3.29456    7.0888         0
737         2   6.70544   4.26599   2.43946  -9.60085         0
738         0   6.70544        10  -3.29456   7.95298         0
739         2   6.70544   4.26599   2.43946  -8.97148         0
740         0   6.70544        10  -3.29456   6.16482         0
741         2   6.70544   4.26599   2.43946  -13.3227         0
742         0   6.70544        10  -3.29456   4.42218         0
743         2   6.70544   4.26599   2.43946  -11.6762         0
744         0   6.70544        10  -3.29456   6.03337         0
745         2   6.70544   4.26599   2.43946  -14.8742         0
746         0   6.70544        10  -3.29456   3.88397         0
747         2   6.70544   4.26599   2.43946  -11.9097         0
748         0   6.70544        10  -3.29456    2.8742         0
749         2   6.70544   4.26599   2.43946  -10.8872         0
750         0   6.70544        10  -3.29456   2.86226         0
751         2   6.70544   4.26599   2.43946  -12.9303         0
752         0   6.70544        10  -3.29456   4.25159         0
753         2   6.70544   4.26599   2.43946  -9.72954         0
754         0   6.70544        10  -3.29456   6.57577         0
755         2   6.70544   4.26599   2.43946   -8.8071         0
756         0   6.70544        10  -3.29456   3.22196         0
757         2   6.70544   4.26599   2.43946  -4.95392         0
758         0   6.70544        10  -3.29456   3.70543         0
759         2   6.70544   4.26599   2.43946 -0.354166         1
760         0   6.70544        10  -3.29456   2.63656         0
761         2   6.70544   4.26599   2.43946  -3.88331         0
762         0   6.70544        10  -3.29456   2.57416         0
763         2   6.70544   4.26599   2.43946   -8.3717         0
764         0   6.70544        10  -3.29456   2.64075         0
765         2   6.70544   4.26599   2.43946  -5.55697         0
766         0   6.70544        10  -3.29456   4.86547         0
767         2   6.70544   4.26599   2.43946  -4.06663         0
768         0   6.70544        10  -3.29456    1.6415         0
769         2   6.70544   4.26599   2.43946  -5.28148         0
770         0   6.70544        10  -3.29456   5.60078         0
771         2   6.70544   4.26599   2.43946   -5.5969         0
772         0   6.70544        10  -3.29456   3.22394         0
773         2   6.70544   4.26599   2.43946  -7.91327         0
774         0   6.70544        10  -3.29456  0.610216         0
775         2   6.70544   4.26599   2.43946  -8.34144         0
776         0   6.70544        10  -3.29456  0.844452         0
777         2   6.70544   4.26599   2.43946  -9.61838         0
778         0   6.70544        10  -3.29456   3.66244         0
779         2   6.70544   4.26599   2.43946   -9.6265         0
780         0   6.70544        10  -3.29456   2.94645         0
781         2   6.70544   4.26599   2.43946  -9.89697         0
782         0   6.70544        10  -3.29456   1.77373         0
783         2   6.70544   4.26599   2.43946  -4.25433         0
784         0   6.70544        10  -3.29456   2.74508         0
785         2   6.70544   4.26599   2.43946  -4.01112         0
786         0   6.70544        10  -3.29456 -0.242934         1
787         2   6.70544   4.26599   2.43946   -5.7225         0
788         0   6.70544        10  -3.29456-0.0161327         1
789         2   6.70544   4.26599   2.43946  -5.57445         0
790         0   6.70544        10  -3.29456   2.19814         0
791         2   6.70544   4.26599   2.43946  -7.87173         0
792         0   6.70544        10  -3.29456   1.29902         0
793         2   6.70544   4.26599   2.43946  -9.99444         0
794         0   6.70544        10  -3.29456  0.479161         0
795         2   6.70544   4.26599   2.43946  -7.26458         0
796         0   6.70544        10  -3.29456  0.265305         1
797         2   6.70544   4.26599   2.43946  -11.5949         0
798         0   6.70544        10  -3.29456   2.59193         0
799         2   6.70544   4.26599   2.43946  -7.79758         0
800         0   6.70544        10  -3.29456   3.30905         0
801         2   6.70544   4.26599   2.43946  -4.32859         0
802         0   6.70544        10  -3.29456   2.28446         0
803         2   6.70544   4.26599   2.43946  -7.23202         0
804         0   6.70544        10  -3.29456   2.15737         0
805         2   6.70544   4.26599   2.43946  -5.76575         0
806         0   6.70544        10  -3.29456   2.29672         0
807         2   6.70544   4.26599   2.43946  -9.16514         0
808         0   6.70544        10  -3.29456   3.52063         0
809         2   6.70544   4.26599   2.43946    -5.381         0
810         0   6.70544        10  -3.29456   3.70113         0
811         2   6.70544   4.26599   2.43946  -8.78424         0
812         0   6.70544        10  -3.29456   6.63302         0
813         2   6.70544   4.26599   2.43946 -0.802265         1
814         0   6.70544        10  -3.29456    3.0827         0
815         2   6.70544   4.26599   2.43946  -2.56453         0
816         0   6.70544        10  -3.29456    2.3405         0
817         2   6.70544   4.26599   2.43946  -7.88322         0
818         0   6.70544        10  -3.29456  0.838587         1
819         2   6.70544   4.26599   2.43946  -5.36025         0
820         0   6.70544        10  -3.29456 -0.740776         1
821         2   6.70544   4.26599   2.43946  -12.1321         0
822         0   6.70544        10  -3.29456   2.09306         0
823         2   6.70544   4.26599   2.43946  -5.66622         0
824         0   6.70544        10  -3.29456   5.21057         0
825         2   6.70544   4.26599   2.43946  -7.20305         0
826         0   6.70544        10  -3.29456   2.66201         0
827         2   6.70544   4.26599   2.43946   -10.282         0
828         0   6.70544        10  -3.29456   3.65876         0
829         2   6.70544   4.26599   2.43946  -4.95378         0
830         0   6.70544        10  -3.29456   4.21682         0
831         2   6.70544   4.26599   2.43946  -4.35906         0
832         0   6.70544        10  -3.29456    5.0606         0
833         2   6.70544   4.26599   2.43946  -3.33268         0
834         0   6.70544        10  -3.29456   4.88022         0
835         2   6.70544   4.26599   2.43946  -4.73758         0
836         0   6.70544        10  -3.29456   5.25218         0
837         2   6.70544   4.26599   2.43946  -7.62049         0
838         0   6.70544        10  -3.29456   4.02583         0
839         2   6.70544   4.26599   2.43946  -4.86612         0
840         0   6.70544        10  -3.29456   3.08361         0
841         2   6.70544   4.26599   2.43946  -6.76773         0
842         0   6.70544        10  -3.29456   3.38489         0
843         2   6.70544   4.26599   2.43946  -12.4043         0
844         0   6.70544        10  -3.29456   2.84966         0
845         2   6.70544   4.26599   2.43946  -10.8087         0
846         0   6.70544        10  -3.29456   3.58235         0
847         2   6.70544   4.26599   2.43946  -9.44157         0
848         0   6.70544        10  -3.29456   4.16004         0
849         2   6.70544   4.26599   2.43946  -10.4941         0
850         0   6.70544        10  -3.29456   3.62132         0
851         2   6.70544   4.26599   2.43946  -8.77467         0
852         0   6.70544        10  -3.29456   3.18828         0
853         2   6.70544   4.26599   2.43946  -9.41653         0
854         0   6.70544        10  -3.29456   3.90181         0
855         2   6.70544   4.26599   2.43946    -9.516         0
856         0   6.70544        10  -3.29456   4.42948         0
857         2   6.70544   4.26599   2.43946  -6.02969         0
858         0   6.70544        10  -3.29456   2.95652         0
859         2   6.70544   4.26599   2.43946  -5.48554         0
860         0   6.70544        10  -3.29456   3.17769         0
861         2   6.70544   4.26599   2.43946  -9.59278         0
862         0   6.70544        10  -3.29456   2.87995         0
863         2   6.70544   4.26599   2.43946  -8.73226         0
864         0   6.70544        10  -3.29456   1.48339         0
865         2   6.70544   4.26599   2.43946  -4.79529         0
866         0   6.70544        10  -3.29456   3.04577         0
867         2   6.70544   4.26599   2.43946   -3.8972         0
868         0   6.70544        10  -3.29456   1.75703         0
869         2   6.70544   4.26599   2.43946  -2.48559         0
870         0   6.70544        10  -3.29456   2.90423         0
871         2   6.70544   4.26599   2.43946  -5.76041         0
872         0   6.70544        10  -3.29456   4.59952         0
873         2   6.70544   4.26599   2.43946  -9.11903         0
874         0   6.70544        10  -3.29456   3.12197         0
875         2   6.70544   4.26599   2.43946  -6.33772         0
876         0   6.70544        10  -3.29456    3.3941         0
877         2   6.70544   4.26599   2.43946  -4.86775         0
878         0   6.70544        10  -3.29456  0.752761         0
879         2   6.70544   4.26599   2.43946  -5.12551         0
880         0   6.70544        10  -3.29456   2.18284         0
881         2   6.70544   4.26599   2.43946  -6.27992         0
882         0   6.70544        10  -3.29456   4.14337         0
883         2   6.70544   4.26599   2.43946   -6.3701         0
884         0   6.70544        10  -3.29456   5.88656         0
885         2   6.70544   4.26599   2.43946  -2.87486         0
886         0   6.70544        10  -3.29456   5.73877         0
887         2   6.70544   4.26599   2.43946  -5.09988         0
888         0   6.70544        10  -3.29456   2.22732         0
889         2   6.70544   4.26599   2.43946  -5.16597         0
890         0   6.70544        10  -3.29456   2.81264         0
891         2   6.70544   4.26599   2.43946   -5.8459         0
892         0   6.70544        10  -3.29456   4.11607         0
893         2   6.70544   4.26599   2.43946  -6.66015         0
894         0   6.70544        10  -3.29456   2.68759         0
895         2   6.70544   4.26599   2.43946   -5.1403         0
896         0   6.70544        10  -3.29456    5.0804         0
897         2   6.70544   4.26599   2.43946  -1.24035         0
898         0   6.70544        10  -3.29456   6.27389         0
899         2   6.70544   4.26599   2.43946  -1.12778         0
900         0   6.70544        10  -3.29456   3.98591         0
901         2   6.70544   4.26599   2.43946   -9.8709         0
902         0   6.70544        10  -3.29456   2.85443         0
903         2   6.70544   4.26599   2.43946  -11.6748         0
904         0   6.70544        10  -3.29456   6.31798         0
905         2   6.70544   4.26599   2.43946  -3.86809         0
906         0   6.70544        10  -3.29456   2.85818         0
907         2   6.70544   4.26599   2.43946  -2.78596         0
908         0   6.70544        10  -3.29456   3.28547         0
909         2   6.70544   4.26599   2.43946  -5.50728         0
910         0   6.70544        10  -3.29456   2.08047         0
911         2   6.70544   4.26599   2.43946  -10.3163         0
912         0   6.70544        10  -3.29456    2.5991         0
913         2   6.70544   4.26599   2.43946  -8.23353         0
914         0   6.70544        10  -3.29456   2.28621         0
915         2   6.70544   4.26599   2.43946  -7.24934         0
916         0   6.70544        10  -3.29456   2.78202         0
917         2   6.70544   4.26599   2.43946  -8.05898         0
918         0   6.70544        10  -3.29456   1.65924         0
919         2   6.70544   4.26599   2.43946  -7.41729         0
920         0   6.70544        10  -3.29456   2.87913         0
921         2   6.70544   4.26599   2.43946  -5.46723         0
922         0   6.70544        10  -3.29456   3.03579         0
923         2   6.70544   4.26599   2.43946  -7.37522         0
924         0   6.70544        10  -3.29456   2.83279         0
925         2   6.70544   4.26599   2.43946  -8.27068         0
926         0   6.70544        10  -3.29456   2.96669         0
927         2   6.70544   4.26599   2.43946  -7.14777         0
928         0   6.70544        10  -3.29456   2.91988         0
929         2   6.70544   4.26599   2.43946  -11.5263         0
930         0   6.70544        10  -3.29456    2.4608         0
931         2   6.70544   4.26599   2.43946  -7.60741         0
932         0   6.70544        10  -3.29456    3.1748         0
933         2   6.70544   4.26599   2.43946  -7.70459         0
934         0   6.70544        10  -3.29456   2.08972         0
935         2   6.70544   4.26599   2.43946  -8.07412         0
936         0   6.70544        10  -3.29456   3.94488         0
937         2   6.70544   4.26599   2.43946  -6.84294         0
938         0   6.70544        10  -3.29456   3.44194         0
939         2   6.70544   4.26599   2.43946  -12.2291         0
940         0   6.70544        10  -3.29456    2.8854         0
941         2   6.70544   4.26599   2.43946  -5.10463         0
942         0   6.70544        10  -3.29456   3.23799         0
943         2   6.70544   4.26599   2.43946  -6.20162         0
944         0   6.70544        10  -3.29456   5.05974         0
945         2   6.70544   4.26599   2.43946  -1.71095         0
946         0   6.70544        10  -3.29456   5.40626         0
947         2   6.70544   4.26599   2.43946  -3.97375         0
948         0   6.70544        10  -3.29456   5.08921         0
949         2   6.70544   4.26599   2.43946  -8.46434         0
950         0   6.70544        10  -3.29456   2.72998         0
951         2   6.70544   4.26599   2.43946  -5.63028         0
952         0   6.70544        10  -3.29456   3.06617         0
953         2   6.70544   4.26599   2.43946  -4.25419         0
954         0   6.70544        10  -3.29456    3.3237         0
955         2   6.70544   4.26599   2.43946   -5.8454         0
956         0   6.70544        10  -3.29456    4.1846         0
957         2   6.70544   4.26599   2.43946  -5.79139         0
958         0   6.70544        10  -3.29456   2.90214         0
959         2   6.70544   4.26599   2.43946  -5.50807         0
960         0   6.70544        10  -3.29456   1.90348         0
961         2   6.70544   4.26599   2.43946   -2.7759         0
962         0   6.70544        10  -3.29456   3.22908         0
963         2   6.70544   4.26599   2.43946  -6.27467         0
964         0   6.70544        10  -3.29456   3.08297         0
965         2   6.70544   4.26599   2.43946  -6.31425         0
966         0   6.70544        10  -3.29456   1.57085         0
967         2   6.70544   4.26599   2.43946   -3.7999         0
968         0   6.70544        10  -3.29456   3.90272         0
969         2   6.70544   4.26599   2.43946  -5.12805         0
970         0   6.70544        10  -3.29456    3.9324         0
971         2   6.70544   4.26599   2.43946   -9.9427         0
972         0   6.70544        10  -3.29456   1.65784         0
973         2   6.70544   4.26599   2.43946  -3.16597         0
974         0   6.70544        10  -3.29456   3.07562         0
975         2   6.70544   4.26599   2.43946  -6.57406         0
976         0   6.70544        10  -3.29456   3.41354         0
977         2   6.70544   4.26599   2.43946  -11.0801         0
978         0   6.70544        10  -3.29456   3.81107         0
979         2   6.70544   4.26599   2.43946  -7.78288         0
980         0   6.70544        10  -3.29456   2.84091         0
981         2   6.70544   4.26599   2.43946  -11.1913         0
982         0   6.70544        10  -3.29456   3.43453         0
983         2   6.70544   4.26599   2.43946    -9.507         0
984         0   6.70544        10  -3.29456   3.61671         0
985         2   6.70544   4.26599   2.43946  -7.17022         0
986         0   6.70544        10  -3.29456   2.69534         0
987         2   6.70544   4.26599   2.43946  -7.07782         0
988         0   6.70544        10  -3.29456   3.19901         0
989         2   6.70544   4.26599   2.43946  -7.87218         0
990         0   6.70544        10  -3.29456    3.1051         0
991         2   6.70544   4.26599   2.43946  -13.0401         0
992         0   6.70544        10  -3.29456   3.24165         0
993         2   6.70544   4.26599   2.43946  -8.65109         0
994         0   6.70544        10  -3.29456   4.46506         0
995         2   6.70544   4.26599   2.43946  -4.24389         0
996         0   6.70544        10  -3.29456   2.57853         0
997         2   6.70544   4.26599   2.43946  -6.60034         0
998         0   6.70544        10  -3.29456   3.20682         0
999         2   6.70544   4.26599   2.43946  -3.43141         0
