#GEN         T         A
0           0.1        0.0304
1           0.1        0.0103
2           0.1         0.008
3           0.1        0.0058
4           0.1        0.0031
5           0.1        0.0052
6           0.1         0.003
7           0.1        0.0038
8           0.1        0.0044
9           0.1        0.0035
10           0.1        0.0045
11           0.1        0.0049
12           0.1        0.0037
13           0.1        0.0027
14           0.1        0.0037
15           0.1        0.0026
16           0.1        0.0034
17           0.1        0.0031
18           0.1        0.0043
19           0.1        0.0031
20           0.1        0.0026
21           0.1         0.004
22           0.1         0.004
23           0.1        0.0043
24           0.1        0.0039
25           0.1        0.0034
26           0.1        0.0036
27           0.1        0.0029
28           0.1        0.0048
29           0.1        0.0018
30           0.1         0.003
31           0.1        0.0036
32           0.1        0.0036
33           0.1         0.002
34           0.1        0.0026
35           0.1        0.0036
36           0.1        0.0043
37           0.1        0.0021
38           0.1        0.0019
39           0.1        0.0026
40           0.1        0.0035
41           0.1        0.0032
42           0.1        0.0029
43           0.1        0.0031
44           0.1        0.0021
45           0.1        0.0023
46           0.1        0.0022
47           0.1        0.0026
48           0.1        0.0039
49           0.1        0.0023
50           0.1        0.0024
51           0.1        0.0023
52           0.1         0.002
53           0.1         0.002
54           0.1        0.0027
55           0.1        0.0025
56           0.1        0.0029
57           0.1        0.0019
58           0.1        0.0037
59           0.1        0.0027
60           0.1         0.003
61           0.1        0.0024
62           0.1        0.0018
63           0.1        0.0024
64           0.1        0.0018
65           0.1         0.002
66           0.1        0.0032
67           0.1        0.0017
68           0.1        0.0019
69           0.1        0.0023
70           0.1         0.003
71           0.1        0.0027
72           0.1        0.0026
73           0.1        0.0024
74           0.1        0.0026
75           0.1        0.0026
76           0.1        0.0026
77           0.1         0.002
78           0.1        0.0038
79           0.1        0.0043
80           0.1        0.0029
81           0.1        0.0033
82           0.1        0.0029
83           0.1        0.0024
84           0.1        0.0023
85           0.1        0.0018
86           0.1        0.0026
87           0.1        0.0021
88           0.1        0.0023
89           0.1        0.0015
90           0.1        0.0026
91           0.1        0.0019
92           0.1        0.0027
93           0.1        0.0018
94           0.1        0.0034
95           0.1        0.0025
96           0.1        0.0023
97           0.1        0.0018
98           0.1        0.0031
99           0.1        0.0031
100           0.1        0.0015
101           0.1        0.0034
102           0.1        0.0034
103           0.1        0.0042
104           0.1        0.0025
105           0.1         0.003
106           0.1        0.0024
107           0.1        0.0028
108           0.1        0.0015
109           0.1        0.0017
110           0.1        0.0031
111           0.1        0.0021
112           0.1        0.0025
113           0.1        0.0024
114           0.1        0.0027
115           0.1        0.0023
116           0.1        0.0026
117           0.1        0.0025
118           0.1         0.003
119           0.1        0.0024
120           0.1        0.0027
121           0.1        0.0028
122           0.1        0.0018
123           0.1        0.0019
124           0.1        0.0033
125           0.1        0.0023
126           0.1        0.0019
127           0.1        0.0025
128           0.1        0.0034
129           0.1        0.0022
130           0.1        0.0028
131           0.1        0.0024
132           0.1        0.0019
133           0.1         0.002
134           0.1        0.0025
135           0.1         0.002
136           0.1         0.002
137           0.1        0.0028
138           0.1        0.0028
139           0.1        0.0027
140           0.1        0.0036
141           0.1        0.0027
142           0.1        0.0016
143           0.1        0.0027
144           0.1        0.0028
145           0.1        0.0024
146           0.1        0.0024
147           0.1        0.0023
148           0.1        0.0026
149           0.1        0.0027
150           0.1        0.0031
151           0.1        0.0029
152           0.1        0.0037
153           0.1        0.0032
154           0.1        0.0041
155           0.1        0.0026
156           0.1        0.0028
157           0.1        0.0021
158           0.1        0.0033
159           0.1        0.0028
160           0.1        0.0028
161           0.1        0.0039
162           0.1        0.0024
163           0.1        0.0021
164           0.1         0.003
165           0.1        0.0026
166           0.1        0.0028
167           0.1        0.0032
168           0.1        0.0034
169           0.1        0.0026
170           0.1        0.0027
171           0.1         0.003
172           0.1        0.0033
173           0.1        0.0029
174           0.1        0.0025
175           0.1        0.0034
176           0.1        0.0034
177           0.1        0.0025
178           0.1        0.0032
179           0.1        0.0027
180           0.1        0.0017
181           0.1        0.0014
182           0.1        0.0029
183           0.1        0.0028
184           0.1        0.0029
185           0.1        0.0027
186           0.1        0.0032
187           0.1        0.0024
188           0.1        0.0024
189           0.1        0.0026
190           0.1         0.004
191           0.1        0.0022
192           0.1        0.0028
193           0.1        0.0023
194           0.1        0.0028
195           0.1        0.0015
196           0.1        0.0025
197           0.1        0.0032
198           0.1        0.0024
199           0.1        0.0018
200           0.1        0.0028
201           0.1        0.0041
202           0.1        0.0023
203           0.1        0.0022
204           0.1        0.0026
205           0.1        0.0018
206           0.1        0.0022
207           0.1        0.0024
208           0.1        0.0024
209           0.1        0.0035
210           0.1        0.0028
211           0.1        0.0024
212           0.1        0.0031
213           0.1        0.0026
214           0.1        0.0017
215           0.1        0.0016
216           0.1        0.0031
217           0.1        0.0026
218           0.1        0.0025
219           0.1        0.0023
220           0.1        0.0027
221           0.1        0.0017
222           0.1        0.0017
223           0.1        0.0024
224           0.1        0.0027
225           0.1        0.0026
226           0.1        0.0019
227           0.1        0.0024
228           0.1        0.0025
229           0.1        0.0016
230           0.1        0.0029
231           0.1        0.0027
232           0.1         0.002
233           0.1        0.0033
234           0.1        0.0029
235           0.1        0.0024
236           0.1        0.0021
237           0.1        0.0019
238           0.1        0.0028
239           0.1        0.0036
240           0.1        0.0026
241           0.1        0.0032
242           0.1        0.0031
243           0.1        0.0019
244           0.1         0.003
245           0.1        0.0035
246           0.1        0.0031
247           0.1        0.0043
248           0.1        0.0039
249           0.1        0.0035
250           0.1        0.0029
251           0.1        0.0025
252           0.1         0.003
253           0.1        0.0027
254           0.1         0.003
255           0.1        0.0015
256           0.1        0.0035
257           0.1        0.0025
258           0.1        0.0034
259           0.1        0.0031
260           0.1        0.0024
261           0.1        0.0028
262           0.1        0.0021
263           0.1        0.0029
264           0.1         0.003
265           0.1        0.0028
266           0.1        0.0026
267           0.1        0.0024
268           0.1        0.0023
269           0.1        0.0032
270           0.1        0.0014
271           0.1        0.0022
272           0.1        0.0029
273           0.1        0.0021
274           0.1        0.0028
275           0.1        0.0025
276           0.1        0.0023
277           0.1        0.0018
278           0.1        0.0028
279           0.1         0.002
280           0.1        0.0032
281           0.1        0.0019
282           0.1        0.0024
283           0.1        0.0022
284           0.1        0.0031
285           0.1        0.0034
286           0.1        0.0025
287           0.1        0.0023
288           0.1        0.0032
289           0.1        0.0016
290           0.1        0.0027
291           0.1        0.0027
292           0.1        0.0026
293           0.1        0.0021
294           0.1        0.0021
295           0.1        0.0019
296           0.1        0.0034
297           0.1         0.003
298           0.1        0.0028
299           0.1        0.0037
300           0.1        0.0028
301           0.1         0.002
302           0.1        0.0022
303           0.1        0.0029
304           0.1        0.0017
305           0.1        0.0021
306           0.1         0.002
307           0.1        0.0025
308           0.1        0.0027
309           0.1        0.0028
310           0.1        0.0025
311           0.1        0.0026
312           0.1        0.0025
313           0.1        0.0021
314           0.1        0.0023
315           0.1        0.0035
316           0.1        0.0028
317           0.1         0.004
318           0.1        0.0034
319           0.1        0.0026
320           0.1        0.0029
321           0.1        0.0034
322           0.1        0.0023
323           0.1        0.0022
324           0.1        0.0019
325           0.1        0.0025
326           0.1        0.0029
327           0.1        0.0019
328           0.1        0.0021
329           0.1        0.0026
330           0.1        0.0023
331           0.1        0.0029
332           0.1        0.0028
333           0.1        0.0023
334           0.1        0.0029
335           0.1        0.0031
336           0.1         0.003
337           0.1         0.002
338           0.1        0.0017
339           0.1        0.0028
340           0.1        0.0021
341           0.1        0.0024
342           0.1        0.0029
343           0.1        0.0026
344           0.1        0.0031
345           0.1        0.0025
346           0.1        0.0028
347           0.1        0.0029
348           0.1        0.0031
349           0.1        0.0031
350           0.1        0.0028
351           0.1         0.003
352           0.1        0.0027
353           0.1         0.002
354           0.1        0.0028
355           0.1        0.0025
356           0.1         0.003
357           0.1        0.0026
358           0.1        0.0026
359           0.1        0.0023
360           0.1        0.0024
361           0.1        0.0023
362           0.1        0.0018
363           0.1        0.0036
364           0.1        0.0031
365           0.1        0.0031
366           0.1        0.0038
367           0.1        0.0039
368           0.1        0.0036
369           0.1        0.0018
370           0.1        0.0018
371           0.1        0.0038
372           0.1        0.0027
373           0.1        0.0026
374           0.1        0.0026
375           0.1        0.0039
376           0.1        0.0023
377           0.1        0.0031
378           0.1        0.0027
379           0.1         0.002
380           0.1        0.0023
381           0.1        0.0018
382           0.1        0.0026
383           0.1        0.0026
384           0.1        0.0024
385           0.1        0.0023
386           0.1        0.0027
387           0.1        0.0027
388           0.1        0.0025
389           0.1        0.0024
390           0.1        0.0023
391           0.1         0.002
392           0.1        0.0021
393           0.1        0.0026
394           0.1        0.0032
395           0.1         0.002
396           0.1        0.0021
397           0.1        0.0013
398           0.1        0.0017
399           0.1        0.0025
400           0.1        0.0024
401           0.1         0.002
402           0.1        0.0028
403           0.1        0.0034
404           0.1        0.0029
405           0.1        0.0028
406           0.1        0.0025
407           0.1        0.0031
408           0.1        0.0029
409           0.1        0.0025
410           0.1        0.0032
411           0.1        0.0033
412           0.1        0.0032
413           0.1        0.0037
414           0.1        0.0036
415           0.1        0.0016
416           0.1        0.0021
417           0.1        0.0035
418           0.1        0.0028
419           0.1        0.0029
420           0.1        0.0025
421           0.1        0.0026
422           0.1        0.0018
423           0.1        0.0026
424           0.1        0.0036
425           0.1        0.0025
426           0.1        0.0027
427           0.1        0.0032
428           0.1        0.0025
429           0.1        0.0027
430           0.1        0.0024
431           0.1        0.0023
432           0.1        0.0023
433           0.1        0.0023
434           0.1        0.0028
435           0.1        0.0021
436           0.1        0.0029
437           0.1        0.0031
438           0.1        0.0026
439           0.1         0.003
440           0.1        0.0029
441           0.1        0.0021
442           0.1        0.0015
443           0.1        0.0024
444           0.1        0.0029
445           0.1        0.0027
446           0.1        0.0025
447           0.1        0.0019
448           0.1        0.0021
449           0.1        0.0023
450           0.1        0.0016
451           0.1        0.0042
452           0.1        0.0021
453           0.1        0.0023
454           0.1        0.0029
455           0.1        0.0024
456           0.1         0.003
457           0.1        0.0035
458           0.1        0.0041
459           0.1         0.002
460           0.1        0.0027
461           0.1        0.0019
462           0.1        0.0032
463           0.1        0.0018
464           0.1        0.0021
465           0.1        0.0027
466           0.1         0.002
467           0.1        0.0031
468           0.1        0.0029
469           0.1        0.0024
470           0.1        0.0037
471           0.1         0.003
472           0.1        0.0038
473           0.1        0.0024
474           0.1        0.0021
475           0.1        0.0026
476           0.1        0.0028
477           0.1        0.0023
478           0.1        0.0022
479           0.1        0.0027
480           0.1        0.0035
481           0.1        0.0024
482           0.1        0.0027
483           0.1        0.0024
484           0.1        0.0028
485           0.1         0.003
486           0.1        0.0029
487           0.1        0.0029
488           0.1        0.0025
489           0.1         0.003
490           0.1         0.003
491           0.1        0.0033
492           0.1        0.0038
493           0.1        0.0035
494           0.1        0.0024
495           0.1        0.0022
496           0.1        0.0027
497           0.1        0.0024
498           0.1        0.0027
499           0.1        0.0021
500           0.1        0.0029
501           0.1        0.0027
502           0.1        0.0026
503           0.1        0.0019
504           0.1        0.0029
505           0.1        0.0026
506           0.1        0.0021
507           0.1        0.0011
508           0.1        0.0024
509           0.1        0.0033
510           0.1        0.0022
511           0.1        0.0032
512           0.1        0.0038
513           0.1         0.003
514           0.1        0.0033
515           0.1        0.0044
516           0.1        0.0021
517           0.1        0.0018
518           0.1        0.0017
519           0.1        0.0029
520           0.1        0.0019
521           0.1        0.0019
522           0.1        0.0028
523           0.1        0.0023
524           0.1        0.0023
525           0.1        0.0021
526           0.1        0.0017
527           0.1        0.0025
528           0.1        0.0033
529           0.1        0.0026
530           0.1        0.0019
531           0.1        0.0018
532           0.1        0.0024
533           0.1        0.0027
534           0.1        0.0024
535           0.1        0.0029
536           0.1        0.0024
537           0.1        0.0021
538           0.1         0.001
539           0.1        0.0018
540           0.1        0.0013
541           0.1        0.0023
542           0.1        0.0039
543           0.1        0.0017
544           0.1        0.0026
545           0.1        0.0032
546           0.1        0.0025
547           0.1        0.0029
548           0.1        0.0027
549           0.1        0.0028
550           0.1        0.0013
551           0.1        0.0032
552           0.1        0.0034
553           0.1         0.002
554           0.1        0.0022
555           0.1        0.0029
556           0.1        0.0027
557           0.1         0.003
558           0.1        0.0016
559           0.1         0.002
560           0.1        0.0019
561           0.1        0.0023
562           0.1        0.0025
563           0.1         0.002
564           0.1        0.0024
565           0.1        0.0019
566           0.1        0.0024
567           0.1        0.0023
568           0.1        0.0037
569           0.1        0.0023
570           0.1        0.0027
571           0.1        0.0025
572           0.1        0.0027
573           0.1        0.0026
574           0.1        0.0022
575           0.1        0.0026
576           0.1        0.0031
577           0.1        0.0022
578           0.1        0.0037
579           0.1        0.0023
580           0.1        0.0026
581           0.1        0.0021
582           0.1        0.0031
583           0.1        0.0031
584           0.1        0.0025
585           0.1         0.003
586           0.1        0.0023
587           0.1        0.0035
588           0.1         0.003
589           0.1        0.0034
590           0.1        0.0033
591           0.1        0.0019
592           0.1        0.0025
593           0.1        0.0035
594           0.1        0.0021
595           0.1        0.0032
596           0.1        0.0024
597           0.1        0.0025
598           0.1        0.0028
599           0.1        0.0031
600           0.1        0.0028
601           0.1        0.0032
602           0.1        0.0025
603           0.1        0.0024
604           0.1        0.0028
605           0.1        0.0034
606           0.1        0.0018
607           0.1        0.0024
608           0.1        0.0018
609           0.1        0.0031
610           0.1        0.0036
611           0.1        0.0033
612           0.1        0.0023
613           0.1        0.0021
614           0.1         0.003
615           0.1        0.0015
616           0.1        0.0026
617           0.1         0.002
618           0.1        0.0026
619           0.1        0.0021
620           0.1        0.0025
621           0.1        0.0027
622           0.1         0.003
623           0.1        0.0028
624           0.1        0.0022
625           0.1         0.002
626           0.1        0.0023
627           0.1        0.0022
628           0.1        0.0031
629           0.1        0.0019
630           0.1        0.0016
631           0.1        0.0022
632           0.1        0.0027
633           0.1        0.0032
634           0.1        0.0028
635           0.1        0.0031
636           0.1        0.0031
637           0.1         0.003
638           0.1        0.0023
639           0.1        0.0023
640           0.1        0.0026
641           0.1        0.0026
642           0.1        0.0014
643           0.1        0.0021
644           0.1        0.0027
645           0.1        0.0022
646           0.1        0.0025
647           0.1         0.002
648           0.1        0.0029
649           0.1        0.0031
650           0.1        0.0021
651           0.1        0.0027
652           0.1        0.0032
653           0.1        0.0026
654           0.1        0.0027
655           0.1        0.0023
656           0.1        0.0029
657           0.1         0.002
658           0.1        0.0028
659           0.1        0.0031
660           0.1        0.0029
661           0.1        0.0025
662           0.1        0.0028
663           0.1         0.002
664           0.1        0.0021
665           0.1        0.0024
666           0.1        0.0018
667           0.1        0.0028
668           0.1        0.0018
669           0.1        0.0022
670           0.1        0.0035
671           0.1        0.0025
672           0.1        0.0021
673           0.1        0.0023
674           0.1        0.0026
675           0.1        0.0027
676           0.1        0.0022
677           0.1         0.003
678           0.1        0.0026
679           0.1         0.003
680           0.1        0.0022
681           0.1        0.0023
682           0.1        0.0036
683           0.1         0.002
684           0.1        0.0026
685           0.1        0.0028
686           0.1        0.0031
687           0.1        0.0026
688           0.1        0.0016
689           0.1        0.0036
690           0.1        0.0022
691           0.1        0.0032
692           0.1        0.0021
693           0.1        0.0025
694           0.1        0.0028
695           0.1        0.0026
696           0.1        0.0029
697           0.1        0.0024
698           0.1        0.0029
699           0.1        0.0026
700           0.1        0.0019
701           0.1        0.0021
702           0.1        0.0028
703           0.1        0.0023
704           0.1        0.0023
705           0.1        0.0025
706           0.1         0.002
707           0.1        0.0028
708           0.1        0.0021
709           0.1        0.0028
710           0.1        0.0029
711           0.1        0.0024
712           0.1        0.0029
713           0.1        0.0023
714           0.1        0.0026
715           0.1        0.0034
716           0.1        0.0021
717           0.1        0.0029
718           0.1        0.0013
719           0.1        0.0021
720           0.1         0.002
721           0.1        0.0032
722           0.1        0.0018
723           0.1        0.0019
724           0.1        0.0036
725           0.1         0.003
726           0.1        0.0013
727           0.1        0.0029
728           0.1        0.0027
729           0.1        0.0023
730           0.1        0.0031
731           0.1        0.0029
732           0.1         0.003
733           0.1         0.002
734           0.1        0.0027
735           0.1        0.0018
736           0.1         0.003
737           0.1        0.0018
738           0.1        0.0024
739           0.1        0.0022
740           0.1        0.0032
741           0.1        0.0027
742           0.1        0.0016
743           0.1        0.0021
744           0.1        0.0025
745           0.1        0.0022
746           0.1        0.0017
747           0.1         0.002
748           0.1        0.0018
749           0.1        0.0021
750           0.1        0.0023
751           0.1        0.0019
752           0.1         0.002
753           0.1         0.002
754           0.1        0.0019
755           0.1        0.0027
756           0.1        0.0023
757           0.1        0.0024
758           0.1        0.0025
759           0.1        0.0024
760           0.1        0.0025
761           0.1        0.0014
762           0.1        0.0009
763           0.1        0.0021
764           0.1        0.0031
765           0.1        0.0024
766           0.1         0.002
767           0.1        0.0017
768           0.1        0.0023
769           0.1        0.0026
770           0.1        0.0026
771           0.1        0.0025
772           0.1        0.0016
773           0.1        0.0021
774           0.1        0.0026
775           0.1         0.003
776           0.1        0.0028
777           0.1        0.0028
778           0.1        0.0024
779           0.1         0.002
780           0.1        0.0027
781           0.1        0.0016
782           0.1        0.0025
783           0.1        0.0027
784           0.1         0.002
785           0.1        0.0026
786           0.1        0.0037
787           0.1        0.0024
788           0.1        0.0027
789           0.1        0.0024
790           0.1        0.0024
791           0.1        0.0027
792           0.1        0.0016
793           0.1        0.0018
794           0.1        0.0028
795           0.1        0.0031
796           0.1        0.0023
797           0.1        0.0023
798           0.1        0.0029
799           0.1        0.0026
800           0.1        0.0026
801           0.1        0.0025
802           0.1        0.0018
803           0.1        0.0022
804           0.1        0.0026
805           0.1        0.0026
806           0.1        0.0019
807           0.1        0.0032
808           0.1        0.0034
809           0.1        0.0022
810           0.1        0.0019
811           0.1        0.0016
812           0.1        0.0023
813           0.1        0.0035
814           0.1        0.0027
815           0.1        0.0023
816           0.1        0.0019
817           0.1        0.0033
818           0.1        0.0033
819           0.1        0.0028
820           0.1        0.0034
821           0.1         0.002
822           0.1        0.0032
823           0.1        0.0031
824           0.1        0.0022
825           0.1        0.0019
826           0.1        0.0044
827           0.1        0.0015
828           0.1        0.0021
829           0.1        0.0016
830           0.1        0.0024
831           0.1         0.003
832           0.1        0.0024
833           0.1        0.0024
834           0.1        0.0013
835           0.1        0.0027
836           0.1        0.0024
837           0.1        0.0024
838           0.1        0.0012
839           0.1        0.0015
840           0.1        0.0025
841           0.1        0.0018
842           0.1        0.0019
843           0.1        0.0019
844           0.1        0.0023
845           0.1        0.0018
846           0.1        0.0017
847           0.1        0.0017
848           0.1        0.0028
849           0.1        0.0011
850           0.1        0.0018
851           0.1        0.0016
852           0.1        0.0027
853           0.1         0.003
854           0.1        0.0024
855           0.1        0.0028
856           0.1        0.0025
857           0.1        0.0021
858           0.1        0.0025
859           0.1         0.002
860           0.1        0.0023
861           0.1        0.0024
862           0.1        0.0024
863           0.1        0.0037
864           0.1        0.0026
865           0.1        0.0022
866           0.1        0.0028
867           0.1        0.0023
868           0.1        0.0012
869           0.1        0.0031
870           0.1        0.0025
871           0.1        0.0027
872           0.1        0.0029
873           0.1        0.0029
874           0.1        0.0016
875           0.1        0.0023
876           0.1        0.0022
877           0.1        0.0025
878           0.1         0.002
879           0.1        0.0018
880           0.1        0.0017
881           0.1        0.0021
882           0.1        0.0019
883           0.1        0.0019
884           0.1        0.0027
885           0.1        0.0022
886           0.1        0.0027
887           0.1        0.0024
888           0.1        0.0038
889           0.1        0.0029
890           0.1        0.0029
891           0.1        0.0023
892           0.1        0.0019
893           0.1        0.0016
894           0.1        0.0028
895           0.1        0.0022
896           0.1        0.0021
897           0.1        0.0012
898           0.1        0.0025
899           0.1        0.0023
900           0.1        0.0023
901           0.1        0.0019
902           0.1        0.0027
903           0.1         0.002
904           0.1        0.0026
905           0.1        0.0024
906           0.1        0.0027
907           0.1        0.0024
908           0.1        0.0023
909           0.1        0.0027
910           0.1        0.0022
911           0.1        0.0022
912           0.1         0.002
913           0.1        0.0036
914           0.1        0.0022
915           0.1         0.002
916           0.1        0.0031
917           0.1        0.0033
918           0.1        0.0022
919           0.1         0.002
920           0.1        0.0033
921           0.1         0.003
922           0.1        0.0026
923           0.1        0.0025
924           0.1        0.0018
925           0.1        0.0018
926           0.1        0.0027
927           0.1        0.0023
928           0.1        0.0022
929           0.1        0.0017
930           0.1        0.0026
931           0.1        0.0032
932           0.1        0.0017
933           0.1        0.0015
934           0.1        0.0016
935           0.1        0.0021
936           0.1        0.0014
937           0.1        0.0023
938           0.1        0.0014
939           0.1        0.0024
940           0.1        0.0028
941           0.1        0.0029
942           0.1         0.002
943           0.1        0.0032
944           0.1        0.0018
945           0.1         0.003
946           0.1        0.0019
947           0.1        0.0016
948           0.1        0.0033
949           0.1        0.0013
950           0.1        0.0023
951           0.1        0.0019
952           0.1        0.0019
953           0.1        0.0019
954           0.1        0.0018
955           0.1        0.0022
956           0.1        0.0014
957           0.1        0.0018
958           0.1         0.002
959           0.1        0.0021
960           0.1        0.0019
961           0.1        0.0024
962           0.1        0.0023
963           0.1        0.0024
964           0.1        0.0021
965           0.1        0.0022
966           0.1        0.0022
967           0.1        0.0028
968           0.1         0.003
969           0.1        0.0027
970           0.1        0.0031
971           0.1        0.0024
972           0.1        0.0013
973           0.1        0.0018
974           0.1        0.0032
975           0.1        0.0025
976           0.1        0.0022
977           0.1        0.0016
978           0.1        0.0028
979           0.1        0.0018
980           0.1        0.0027
981           0.1        0.0023
982           0.1         0.002
983           0.1        0.0012
984           0.1         0.002
985           0.1        0.0019
986           0.1         0.002
987           0.1        0.0019
988           0.1        0.0022
989           0.1         0.003
990           0.1        0.0025
991           0.1        0.0018
992           0.1        0.0022
993           0.1        0.0028
994           0.1        0.0023
995           0.1        0.0017
996           0.1        0.0018
997           0.1        0.0024
998           0.1        0.0028
999           0.1         0.002
