#GEN         T         A
0      0.234412        0.0348
1      0.234412         0.014
2      0.234412        0.0137
3      0.234412        0.0159
4      0.234412        0.0136
5      0.234412        0.0143
6      0.234412        0.0145
7      0.234412        0.0157
8      0.234412        0.0091
9      0.234412        0.0087
10      0.234412        0.0106
11      0.234412        0.0106
12      0.234412        0.0118
13      0.234412        0.0094
14      0.234412        0.0119
15      0.234412        0.0114
16      0.234412        0.0102
17      0.234412        0.0115
18      0.234412        0.0087
19      0.234412        0.0105
20      0.234412        0.0087
21      0.234412        0.0082
22      0.234412        0.0102
23      0.234412        0.0089
24      0.234412        0.0108
25      0.234412        0.0108
26      0.234412        0.0105
27      0.234412        0.0106
28      0.234412         0.012
29      0.234412        0.0123
30      0.234412        0.0079
31      0.234412        0.0092
32      0.234412        0.0092
33      0.234412         0.008
34      0.234412         0.009
35      0.234412        0.0084
36      0.234412        0.0084
37      0.234412        0.0073
38      0.234412        0.0094
39      0.234412        0.0108
40      0.234412        0.0084
41      0.234412        0.0099
42      0.234412        0.0073
43      0.234412        0.0109
44      0.234412         0.012
45      0.234412         0.013
46      0.234412        0.0094
47      0.234412        0.0091
48      0.234412         0.011
49      0.234412        0.0088
50      0.234412         0.012
51      0.234412        0.0088
52      0.234412        0.0077
53      0.234412        0.0088
54      0.234412        0.0099
55      0.234412         0.009
56      0.234412        0.0082
57      0.234412        0.0096
58      0.234412        0.0077
59      0.234412        0.0105
60      0.234412        0.0111
61      0.234412        0.0103
62      0.234412        0.0101
63      0.234412        0.0091
64      0.234412        0.0085
65      0.234412        0.0102
66      0.234412        0.0106
67      0.234412        0.0117
68      0.234412        0.0092
69      0.234412        0.0106
70      0.234412        0.0103
71      0.234412        0.0056
72      0.234412        0.0104
73      0.234412        0.0109
74      0.234412        0.0109
75      0.234412        0.0096
76      0.234412        0.0102
77      0.234412        0.0099
78      0.234412        0.0092
79      0.234412        0.0111
80      0.234412        0.0089
81      0.234412        0.0121
82      0.234412          0.01
83      0.234412        0.0083
84      0.234412        0.0133
85      0.234412        0.0126
86      0.234412        0.0109
87      0.234412        0.0083
88      0.234412        0.0083
89      0.234412        0.0102
90      0.234412        0.0122
91      0.234412        0.0096
92      0.234412        0.0082
93      0.234412        0.0081
94      0.234412        0.0108
95      0.234412        0.0128
96      0.234412        0.0116
97      0.234412        0.0091
98      0.234412        0.0087
99      0.234412        0.0082
100      0.234412         0.009
101      0.234412          0.01
102      0.234412        0.0097
103      0.234412        0.0079
104      0.234412        0.0088
105      0.234412        0.0094
106      0.234412        0.0115
107      0.234412        0.0097
108      0.234412         0.008
109      0.234412        0.0088
110      0.234412        0.0071
111      0.234412        0.0084
112      0.234412        0.0092
113      0.234412        0.0102
114      0.234412        0.0105
115      0.234412        0.0112
116      0.234412        0.0086
117      0.234412        0.0113
118      0.234412        0.0087
119      0.234412         0.008
120      0.234412        0.0098
121      0.234412        0.0075
122      0.234412        0.0075
123      0.234412        0.0083
124      0.234412        0.0111
125      0.234412        0.0079
126      0.234412        0.0092
127      0.234412        0.0093
128      0.234412        0.0093
129      0.234412        0.0106
130      0.234412        0.0104
131      0.234412        0.0107
132      0.234412         0.009
133      0.234412         0.011
134      0.234412        0.0106
135      0.234412        0.0101
136      0.234412        0.0101
137      0.234412        0.0099
138      0.234412        0.0102
139      0.234412        0.0107
140      0.234412        0.0092
141      0.234412        0.0096
142      0.234412         0.008
143      0.234412        0.0084
144      0.234412        0.0096
145      0.234412        0.0084
146      0.234412        0.0072
147      0.234412         0.008
148      0.234412        0.0085
149      0.234412        0.0072
150      0.234412        0.0095
151      0.234412        0.0076
152      0.234412        0.0088
153      0.234412        0.0108
154      0.234412          0.01
155      0.234412         0.009
156      0.234412         0.008
157      0.234412        0.0102
158      0.234412        0.0083
159      0.234412        0.0107
160      0.234412        0.0085
161      0.234412        0.0082
162      0.234412         0.011
163      0.234412        0.0072
164      0.234412        0.0093
165      0.234412        0.0089
166      0.234412        0.0089
167      0.234412        0.0088
168      0.234412        0.0094
169      0.234412        0.0082
170      0.234412        0.0091
171      0.234412         0.008
172      0.234412        0.0087
173      0.234412        0.0085
174      0.234412        0.0085
175      0.234412        0.0069
176      0.234412        0.0062
177      0.234412        0.0067
178      0.234412        0.0102
179      0.234412        0.0088
180      0.234412        0.0097
181      0.234412        0.0088
182      0.234412        0.0086
183      0.234412         0.008
184      0.234412        0.0097
185      0.234412        0.0091
186      0.234412        0.0094
187      0.234412        0.0088
188      0.234412        0.0097
189      0.234412        0.0103
190      0.234412        0.0077
191      0.234412        0.0082
192      0.234412        0.0094
193      0.234412        0.0095
194      0.234412        0.0111
195      0.234412        0.0099
196      0.234412         0.011
197      0.234412        0.0097
198      0.234412        0.0102
199      0.234412        0.0074
200      0.234412        0.0073
201      0.234412        0.0075
202      0.234412        0.0076
203      0.234412        0.0067
204      0.234412        0.0083
205      0.234412        0.0092
206      0.234412        0.0075
207      0.234412        0.0085
208      0.234412        0.0094
209      0.234412        0.0087
210      0.234412        0.0092
211      0.234412        0.0105
212      0.234412        0.0074
213      0.234412        0.0087
214      0.234412        0.0096
215      0.234412        0.0089
216      0.234412          0.01
217      0.234412        0.0097
218      0.234412        0.0114
219      0.234412        0.0089
220      0.234412        0.0099
221      0.234412         0.011
222      0.234412        0.0102
223      0.234412         0.009
224      0.234412        0.0088
225      0.234412        0.0089
226      0.234412        0.0103
227      0.234412        0.0081
228      0.234412         0.008
229      0.234412        0.0097
230      0.234412        0.0111
231      0.234412        0.0107
232      0.234412        0.0084
233      0.234412        0.0093
234      0.234412         0.009
235      0.234412        0.0101
236      0.234412        0.0074
237      0.234412         0.011
238      0.234412        0.0097
239      0.234412        0.0088
240      0.234412        0.0079
241      0.234412        0.0092
242      0.234412        0.0091
243      0.234412        0.0104
244      0.234412        0.0081
245      0.234412        0.0074
246      0.234412        0.0096
247      0.234412        0.0084
248      0.234412        0.0098
249      0.234412        0.0072
250      0.234412        0.0077
251      0.234412        0.0099
252      0.234412        0.0095
253      0.234412        0.0089
254      0.234412        0.0078
255      0.234412        0.0105
256      0.234412        0.0095
257      0.234412        0.0084
258      0.234412        0.0083
259      0.234412        0.0083
260      0.234412        0.0075
261      0.234412        0.0066
262      0.234412        0.0083
263      0.234412        0.0082
264      0.234412        0.0093
265      0.234412         0.011
266      0.234412        0.0077
267      0.234412        0.0084
268      0.234412        0.0104
269      0.234412        0.0083
270      0.234412        0.0095
271      0.234412        0.0093
272      0.234412        0.0074
273      0.234412        0.0086
274      0.234412        0.0102
275      0.234412        0.0099
276      0.234412         0.009
277      0.234412        0.0104
278      0.234412        0.0081
279      0.234412        0.0111
280      0.234412        0.0067
281      0.234412        0.0085
282      0.234412        0.0076
283      0.234412        0.0113
284      0.234412        0.0114
285      0.234412        0.0097
286      0.234412          0.01
287      0.234412        0.0098
288      0.234412        0.0101
289      0.234412        0.0097
290      0.234412        0.0087
291      0.234412         0.008
292      0.234412        0.0077
293      0.234412        0.0094
294      0.234412        0.0093
295      0.234412        0.0087
296      0.234412        0.0062
297      0.234412        0.0086
298      0.234412        0.0097
299      0.234412        0.0121
300      0.234412        0.0099
301      0.234412        0.0083
302      0.234412        0.0085
303      0.234412        0.0069
304      0.234412        0.0079
305      0.234412        0.0096
306      0.234412        0.0081
307      0.234412        0.0098
308      0.234412        0.0086
309      0.234412        0.0113
310      0.234412        0.0088
311      0.234412        0.0087
312      0.234412        0.0097
313      0.234412        0.0102
314      0.234412        0.0102
315      0.234412        0.0109
316      0.234412         0.009
317      0.234412        0.0089
318      0.234412        0.0096
319      0.234412        0.0094
320      0.234412        0.0089
321      0.234412        0.0089
322      0.234412        0.0084
323      0.234412        0.0095
324      0.234412        0.0088
325      0.234412        0.0107
326      0.234412        0.0096
327      0.234412        0.0072
328      0.234412        0.0106
329      0.234412        0.0096
330      0.234412        0.0085
331      0.234412        0.0078
332      0.234412        0.0091
333      0.234412        0.0103
334      0.234412        0.0113
335      0.234412        0.0106
336      0.234412        0.0107
337      0.234412        0.0106
338      0.234412        0.0086
339      0.234412        0.0076
340      0.234412         0.008
341      0.234412          0.01
342      0.234412        0.0081
343      0.234412        0.0091
344      0.234412        0.0081
345      0.234412        0.0096
346      0.234412        0.0071
347      0.234412        0.0109
348      0.234412        0.0089
349      0.234412        0.0094
350      0.234412        0.0116
351      0.234412        0.0093
352      0.234412        0.0092
353      0.234412        0.0101
354      0.234412        0.0095
355      0.234412        0.0098
356      0.234412        0.0084
357      0.234412        0.0114
358      0.234412        0.0098
359      0.234412        0.0074
360      0.234412         0.009
361      0.234412        0.0107
362      0.234412          0.01
363      0.234412        0.0104
364      0.234412        0.0117
365      0.234412        0.0094
366      0.234412        0.0101
367      0.234412        0.0116
368      0.234412        0.0103
369      0.234412        0.0106
370      0.234412        0.0097
371      0.234412        0.0104
372      0.234412        0.0083
373      0.234412        0.0111
374      0.234412        0.0115
375      0.234412        0.0089
376      0.234412        0.0087
377      0.234412        0.0101
378      0.234412        0.0111
379      0.234412        0.0087
380      0.234412        0.0106
381      0.234412        0.0119
382      0.234412        0.0102
383      0.234412        0.0094
384      0.234412        0.0094
385      0.234412        0.0111
386      0.234412        0.0098
387      0.234412        0.0108
388      0.234412        0.0096
389      0.234412        0.0107
390      0.234412        0.0093
391      0.234412        0.0076
392      0.234412         0.009
393      0.234412        0.0102
394      0.234412        0.0113
395      0.234412        0.0091
396      0.234412         0.009
397      0.234412        0.0104
398      0.234412        0.0081
399      0.234412        0.0103
400      0.234412        0.0095
401      0.234412        0.0082
402      0.234412        0.0096
403      0.234412        0.0094
404      0.234412        0.0099
405      0.234412         0.009
406      0.234412        0.0101
407      0.234412        0.0118
408      0.234412        0.0103
409      0.234412         0.008
410      0.234412        0.0087
411      0.234412        0.0083
412      0.234412        0.0092
413      0.234412        0.0094
414      0.234412         0.007
415      0.234412        0.0079
416      0.234412        0.0079
417      0.234412        0.0094
418      0.234412        0.0085
419      0.234412        0.0085
420      0.234412        0.0102
421      0.234412        0.0077
422      0.234412        0.0073
423      0.234412        0.0105
424      0.234412        0.0103
425      0.234412        0.0115
426      0.234412        0.0082
427      0.234412        0.0096
428      0.234412        0.0091
429      0.234412        0.0091
430      0.234412        0.0098
431      0.234412         0.012
432      0.234412        0.0076
433      0.234412        0.0103
434      0.234412        0.0105
435      0.234412        0.0104
436      0.234412        0.0108
437      0.234412        0.0106
438      0.234412        0.0096
439      0.234412        0.0122
440      0.234412         0.009
441      0.234412        0.0081
442      0.234412        0.0067
443      0.234412        0.0082
444      0.234412        0.0084
445      0.234412        0.0071
446      0.234412        0.0097
447      0.234412        0.0083
448      0.234412        0.0104
449      0.234412        0.0107
450      0.234412        0.0097
451      0.234412         0.011
452      0.234412        0.0109
453      0.234412        0.0121
454      0.234412        0.0092
455      0.234412        0.0105
456      0.234412         0.008
457      0.234412        0.0063
458      0.234412        0.0069
459      0.234412        0.0097
460      0.234412        0.0061
461      0.234412        0.0106
462      0.234412        0.0094
463      0.234412        0.0079
464      0.234412        0.0075
465      0.234412         0.008
466      0.234412        0.0094
467      0.234412        0.0094
468      0.234412        0.0073
469      0.234412        0.0071
470      0.234412        0.0075
471      0.234412        0.0084
472      0.234412        0.0072
473      0.234412        0.0074
474      0.234412        0.0079
475      0.234412        0.0085
476      0.234412        0.0087
477      0.234412        0.0096
478      0.234412        0.0091
479      0.234412        0.0085
480      0.234412        0.0081
481      0.234412        0.0092
482      0.234412        0.0055
483      0.234412        0.0069
484      0.234412        0.0079
485      0.234412        0.0088
486      0.234412        0.0105
487      0.234412        0.0106
488      0.234412         0.007
489      0.234412        0.0095
490      0.234412        0.0087
491      0.234412        0.0103
492      0.234412        0.0081
493      0.234412        0.0103
494      0.234412        0.0105
495      0.234412         0.008
496      0.234412        0.0089
497      0.234412        0.0078
498      0.234412         0.007
499      0.234412        0.0083
500      0.234412        0.0084
501      0.234412        0.0093
502      0.234412        0.0089
503      0.234412        0.0078
504      0.234412        0.0079
505      0.234412        0.0085
506      0.234412        0.0082
507      0.234412        0.0085
508      0.234412         0.009
509      0.234412        0.0085
510      0.234412        0.0103
511      0.234412        0.0079
512      0.234412        0.0088
513      0.234412        0.0074
514      0.234412        0.0067
515      0.234412        0.0076
516      0.234412         0.006
517      0.234412        0.0098
518      0.234412        0.0094
519      0.234412        0.0082
520      0.234412        0.0072
521      0.234412        0.0091
522      0.234412        0.0084
523      0.234412        0.0093
524      0.234412        0.0103
525      0.234412        0.0094
526      0.234412        0.0096
527      0.234412        0.0095
528      0.234412        0.0089
529      0.234412        0.0088
530      0.234412        0.0091
531      0.234412        0.0082
532      0.234412        0.0094
533      0.234412        0.0095
534      0.234412        0.0094
535      0.234412        0.0088
536      0.234412        0.0109
537      0.234412        0.0095
538      0.234412        0.0083
539      0.234412        0.0093
540      0.234412        0.0085
541      0.234412        0.0087
542      0.234412        0.0097
543      0.234412        0.0084
544      0.234412        0.0095
545      0.234412        0.0101
546      0.234412        0.0115
547      0.234412        0.0103
548      0.234412        0.0101
549      0.234412        0.0086
550      0.234412        0.0085
551      0.234412        0.0092
552      0.234412        0.0104
553      0.234412        0.0111
554      0.234412        0.0084
555      0.234412        0.0079
556      0.234412        0.0083
557      0.234412         0.007
558      0.234412        0.0078
559      0.234412        0.0078
560      0.234412        0.0123
561      0.234412         0.009
562      0.234412        0.0095
563      0.234412        0.0091
564      0.234412        0.0093
565      0.234412        0.0091
566      0.234412        0.0096
567      0.234412         0.008
568      0.234412        0.0075
569      0.234412        0.0085
570      0.234412        0.0085
571      0.234412        0.0102
572      0.234412        0.0105
573      0.234412        0.0095
574      0.234412          0.01
575      0.234412          0.01
576      0.234412        0.0101
577      0.234412        0.0099
578      0.234412        0.0128
579      0.234412        0.0121
580      0.234412        0.0114
581      0.234412         0.008
582      0.234412        0.0085
583      0.234412        0.0081
584      0.234412        0.0091
585      0.234412        0.0109
586      0.234412        0.0103
587      0.234412        0.0089
588      0.234412        0.0071
589      0.234412        0.0094
590      0.234412        0.0067
591      0.234412        0.0079
592      0.234412        0.0105
593      0.234412          0.01
594      0.234412        0.0082
595      0.234412        0.0091
596      0.234412        0.0107
597      0.234412        0.0114
598      0.234412        0.0092
599      0.234412        0.0118
600      0.234412        0.0088
601      0.234412        0.0083
602      0.234412        0.0111
603      0.234412        0.0081
604      0.234412        0.0085
605      0.234412          0.01
606      0.234412        0.0102
607      0.234412        0.0106
608      0.234412        0.0109
609      0.234412        0.0101
610      0.234412        0.0088
611      0.234412          0.01
612      0.234412        0.0075
613      0.234412        0.0076
614      0.234412        0.0081
615      0.234412        0.0078
616      0.234412         0.008
617      0.234412        0.0071
618      0.234412        0.0084
619      0.234412        0.0079
620      0.234412         0.009
621      0.234412        0.0105
622      0.234412        0.0079
623      0.234412        0.0072
624      0.234412        0.0113
625      0.234412         0.012
626      0.234412        0.0101
627      0.234412        0.0106
628      0.234412         0.009
629      0.234412        0.0103
630      0.234412        0.0104
631      0.234412        0.0115
632      0.234412        0.0095
633      0.234412        0.0099
634      0.234412        0.0093
635      0.234412        0.0088
636      0.234412        0.0093
637      0.234412        0.0091
638      0.234412        0.0088
639      0.234412         0.011
640      0.234412        0.0105
641      0.234412        0.0078
642      0.234412        0.0071
643      0.234412        0.0083
644      0.234412        0.0079
645      0.234412        0.0077
646      0.234412        0.0092
647      0.234412         0.009
648      0.234412        0.0092
649      0.234412        0.0097
650      0.234412        0.0083
651      0.234412        0.0083
652      0.234412         0.008
653      0.234412        0.0085
654      0.234412        0.0075
655      0.234412        0.0078
656      0.234412        0.0086
657      0.234412        0.0086
658      0.234412        0.0107
659      0.234412        0.0096
660      0.234412        0.0101
661      0.234412        0.0091
662      0.234412        0.0083
663      0.234412        0.0088
664      0.234412        0.0068
665      0.234412        0.0083
666      0.234412        0.0094
667      0.234412        0.0079
668      0.234412        0.0091
669      0.234412         0.009
670      0.234412        0.0098
671      0.234412        0.0082
672      0.234412        0.0107
673      0.234412        0.0096
674      0.234412        0.0112
675      0.234412        0.0088
676      0.234412        0.0072
677      0.234412         0.009
678      0.234412        0.0089
679      0.234412        0.0062
680      0.234412        0.0099
681      0.234412        0.0084
682      0.234412        0.0084
683      0.234412        0.0095
684      0.234412        0.0088
685      0.234412        0.0101
686      0.234412         0.011
687      0.234412        0.0087
688      0.234412        0.0098
689      0.234412        0.0097
690      0.234412        0.0123
691      0.234412        0.0107
692      0.234412        0.0128
693      0.234412        0.0122
694      0.234412        0.0098
695      0.234412         0.011
696      0.234412        0.0074
697      0.234412        0.0075
698      0.234412        0.0099
699      0.234412        0.0078
700      0.234412        0.0073
701      0.234412        0.0105
702      0.234412        0.0102
703      0.234412        0.0108
704      0.234412        0.0105
705      0.234412        0.0092
706      0.234412        0.0094
707      0.234412        0.0092
708      0.234412        0.0111
709      0.234412        0.0085
710      0.234412        0.0073
711      0.234412        0.0103
712      0.234412        0.0087
713      0.234412        0.0093
714      0.234412        0.0098
715      0.234412        0.0125
716      0.234412        0.0112
717      0.234412        0.0102
718      0.234412        0.0078
719      0.234412        0.0096
720      0.234412        0.0078
721      0.234412        0.0102
722      0.234412        0.0073
723      0.234412        0.0118
724      0.234412        0.0086
725      0.234412        0.0094
726      0.234412        0.0086
727      0.234412        0.0088
728      0.234412        0.0086
729      0.234412        0.0091
730      0.234412         0.008
731      0.234412        0.0101
732      0.234412         0.006
733      0.234412        0.0104
734      0.234412        0.0089
735      0.234412        0.0095
736      0.234412        0.0096
737      0.234412        0.0099
738      0.234412        0.0091
739      0.234412          0.01
740      0.234412        0.0084
741      0.234412        0.0108
742      0.234412        0.0078
743      0.234412         0.007
744      0.234412        0.0106
745      0.234412        0.0091
746      0.234412        0.0087
747      0.234412        0.0104
748      0.234412        0.0109
749      0.234412        0.0102
750      0.234412        0.0107
751      0.234412        0.0098
752      0.234412        0.0088
753      0.234412        0.0077
754      0.234412        0.0103
755      0.234412        0.0091
756      0.234412        0.0097
757      0.234412        0.0075
758      0.234412        0.0066
759      0.234412        0.0096
760      0.234412        0.0062
761      0.234412        0.0068
762      0.234412        0.0071
763      0.234412        0.0075
764      0.234412        0.0089
765      0.234412        0.0109
766      0.234412        0.0085
767      0.234412        0.0087
768      0.234412        0.0071
769      0.234412        0.0074
770      0.234412        0.0091
771      0.234412        0.0076
772      0.234412        0.0081
773      0.234412        0.0086
774      0.234412        0.0092
775      0.234412        0.0071
776      0.234412        0.0068
777      0.234412        0.0087
778      0.234412        0.0087
779      0.234412        0.0085
780      0.234412        0.0093
781      0.234412        0.0087
782      0.234412        0.0106
783      0.234412        0.0068
784      0.234412        0.0084
785      0.234412        0.0081
786      0.234412        0.0084
787      0.234412        0.0088
788      0.234412        0.0077
789      0.234412        0.0053
790      0.234412        0.0095
791      0.234412        0.0087
792      0.234412        0.0084
793      0.234412        0.0096
794      0.234412        0.0066
795      0.234412        0.0091
796      0.234412        0.0097
797      0.234412         0.008
798      0.234412        0.0085
799      0.234412         0.009
800      0.234412        0.0084
801      0.234412        0.0084
802      0.234412        0.0083
803      0.234412         0.008
804      0.234412        0.0084
805      0.234412        0.0105
806      0.234412        0.0076
807      0.234412        0.0107
808      0.234412        0.0105
809      0.234412        0.0104
810      0.234412        0.0095
811      0.234412         0.007
812      0.234412        0.0077
813      0.234412        0.0076
814      0.234412        0.0064
815      0.234412        0.0087
816      0.234412        0.0061
817      0.234412        0.0097
818      0.234412         0.009
819      0.234412        0.0073
820      0.234412        0.0088
821      0.234412        0.0112
822      0.234412         0.009
823      0.234412        0.0094
824      0.234412        0.0091
825      0.234412         0.009
826      0.234412        0.0102
827      0.234412        0.0095
828      0.234412        0.0083
829      0.234412        0.0096
830      0.234412        0.0098
831      0.234412        0.0081
832      0.234412        0.0087
833      0.234412        0.0096
834      0.234412        0.0073
835      0.234412        0.0086
836      0.234412        0.0071
837      0.234412        0.0099
838      0.234412        0.0091
839      0.234412        0.0085
840      0.234412        0.0078
841      0.234412        0.0067
842      0.234412        0.0085
843      0.234412        0.0099
844      0.234412        0.0118
845      0.234412        0.0082
846      0.234412        0.0104
847      0.234412         0.008
848      0.234412        0.0088
849      0.234412        0.0077
850      0.234412        0.0099
851      0.234412        0.0091
852      0.234412        0.0081
853      0.234412        0.0092
854      0.234412        0.0108
855      0.234412        0.0104
856      0.234412        0.0097
857      0.234412        0.0093
858      0.234412        0.0076
859      0.234412         0.007
860      0.234412        0.0081
861      0.234412        0.0093
862      0.234412        0.0122
863      0.234412        0.0073
864      0.234412        0.0069
865      0.234412        0.0084
866      0.234412        0.0094
867      0.234412         0.008
868      0.234412        0.0082
869      0.234412        0.0106
870      0.234412        0.0066
871      0.234412        0.0093
872      0.234412        0.0092
873      0.234412        0.0116
874      0.234412        0.0098
875      0.234412        0.0093
876      0.234412        0.0083
877      0.234412        0.0087
878      0.234412        0.0095
879      0.234412        0.0088
880      0.234412        0.0092
881      0.234412        0.0098
882      0.234412        0.0078
883      0.234412        0.0097
884      0.234412        0.0105
885      0.234412        0.0078
886      0.234412        0.0075
887      0.234412        0.0106
888      0.234412        0.0082
889      0.234412        0.0093
890      0.234412        0.0098
891      0.234412        0.0071
892      0.234412          0.01
893      0.234412        0.0078
894      0.234412        0.0095
895      0.234412        0.0102
896      0.234412        0.0089
897      0.234412        0.0079
898      0.234412         0.008
899      0.234412        0.0079
900      0.234412        0.0089
901      0.234412        0.0094
902      0.234412        0.0088
903      0.234412        0.0114
904      0.234412        0.0108
905      0.234412        0.0086
906      0.234412        0.0079
907      0.234412         0.008
908      0.234412        0.0084
909      0.234412        0.0113
910      0.234412        0.0091
911      0.234412        0.0087
912      0.234412        0.0093
913      0.234412        0.0099
914      0.234412        0.0088
915      0.234412        0.0077
916      0.234412         0.009
917      0.234412        0.0091
918      0.234412        0.0119
919      0.234412         0.008
920      0.234412        0.0074
921      0.234412        0.0074
922      0.234412          0.01
923      0.234412        0.0081
924      0.234412        0.0111
925      0.234412        0.0101
926      0.234412        0.0084
927      0.234412        0.0086
928      0.234412        0.0076
929      0.234412        0.0121
930      0.234412        0.0086
931      0.234412         0.009
932      0.234412        0.0091
933      0.234412        0.0088
934      0.234412        0.0109
935      0.234412        0.0083
936      0.234412         0.009
937      0.234412        0.0082
938      0.234412        0.0087
939      0.234412        0.0111
940      0.234412         0.011
941      0.234412        0.0087
942      0.234412        0.0094
943      0.234412        0.0076
944      0.234412        0.0085
945      0.234412        0.0091
946      0.234412         0.008
947      0.234412        0.0085
948      0.234412         0.009
949      0.234412        0.0071
950      0.234412        0.0082
951      0.234412        0.0073
952      0.234412        0.0081
953      0.234412        0.0084
954      0.234412        0.0084
955      0.234412        0.0089
956      0.234412        0.0073
957      0.234412        0.0083
958      0.234412        0.0093
959      0.234412        0.0081
960      0.234412        0.0079
961      0.234412         0.008
962      0.234412        0.0102
963      0.234412        0.0093
964      0.234412        0.0091
965      0.234412        0.0092
966      0.234412        0.0088
967      0.234412        0.0078
968      0.234412        0.0073
969      0.234412        0.0096
970      0.234412        0.0068
971      0.234412        0.0093
972      0.234412        0.0094
973      0.234412        0.0073
974      0.234412        0.0074
975      0.234412        0.0093
976      0.234412        0.0093
977      0.234412        0.0102
978      0.234412        0.0088
979      0.234412        0.0085
980      0.234412        0.0107
981      0.234412        0.0098
982      0.234412        0.0088
983      0.234412        0.0107
984      0.234412        0.0106
985      0.234412        0.0091
986      0.234412         0.008
987      0.234412        0.0087
988      0.234412          0.01
989      0.234412        0.0068
990      0.234412        0.0087
991      0.234412        0.0103
992      0.234412        0.0098
993      0.234412        0.0092
994      0.234412        0.0098
995      0.234412        0.0077
996      0.234412        0.0075
997      0.234412        0.0074
998      0.234412          0.01
999      0.234412        0.0091
