#BLOCK   PARTNER   MY_BETA PART_BETA   DELTA_BDELTA_E  ACCEPTED
0         2   2.59099   4.26599    -1.675    18.962         0
1         4   2.59099   1.57735   1.01364  -13.4242         0
2         2   2.59099   4.26599    -1.675  -3.99414         1
3         4   2.59099   1.57735   1.01364  -9.64922         0
4         2   2.59099   4.26599    -1.675  -1.26704         1
5         4   2.59099   1.57735   1.01364  -9.16428         0
6         2   2.59099   4.26599    -1.675    15.885         0
7         4   2.59099   1.57735   1.01364  -12.9849         0
8         2   2.59099   4.26599    -1.675   4.98146         0
9         4   2.59099   1.57735   1.01364  -9.21993         0
10         2   2.59099   4.26599    -1.675    4.9611         0
11         4   2.59099   1.57735   1.01364  -14.5086         0
12         2   2.59099   4.26599    -1.675   6.71532         0
13         4   2.59099   1.57735   1.01364  -26.4031         0
14         2   2.59099   4.26599    -1.675  -3.08856         1
15         4   2.59099   1.57735   1.01364  -14.8161         0
16         2   2.59099   4.26599    -1.675   14.2801         0
17         4   2.59099   1.57735   1.01364  -18.6422         0
18         2   2.59099   4.26599    -1.675   19.5298         0
19         4   2.59099   1.57735   1.01364  -25.7078         0
20         2   2.59099   4.26599    -1.675   6.88773         0
21         4   2.59099   1.57735   1.01364  -28.9239         0
22         2   2.59099   4.26599    -1.675   5.76211         0
23         4   2.59099   1.57735   1.01364  -24.5191         0
24         2   2.59099   4.26599    -1.675   2.68508         0
25         4   2.59099   1.57735   1.01364  -31.1404         0
26         2   2.59099   4.26599    -1.675  -5.00358         1
27         4   2.59099   1.57735   1.01364   -30.316         0
28         2   2.59099   4.26599    -1.675   24.9975         0
29         4   2.59099   1.57735   1.01364  -21.5071         0
30         2   2.59099   4.26599    -1.675   30.1545         0
31         4   2.59099   1.57735   1.01364  -19.6182         0
32         2   2.59099   4.26599    -1.675   20.0774         0
33         4   2.59099   1.57735   1.01364  -17.4879         0
34         2   2.59099   4.26599    -1.675   24.2879         0
35         4   2.59099   1.57735   1.01364  -9.29539         0
36         2   2.59099   4.26599    -1.675   20.9506         0
37         4   2.59099   1.57735   1.01364  -30.4833         0
38         2   2.59099   4.26599    -1.675   15.4583         0
39         4   2.59099   1.57735   1.01364  -31.6383         0
40         2   2.59099   4.26599    -1.675   16.3611         0
41         4   2.59099   1.57735   1.01364  -24.9426         0
42         2   2.59099   4.26599    -1.675   27.1048         0
43         4   2.59099   1.57735   1.01364  -27.2387         0
44         2   2.59099   4.26599    -1.675   17.0807         0
45         4   2.59099   1.57735   1.01364   -16.717         0
46         2   2.59099   4.26599    -1.675   21.1193         0
47         4   2.59099   1.57735   1.01364  -18.5064         0
48         2   2.59099   4.26599    -1.675   13.4064         0
49         4   2.59099   1.57735   1.01364  -37.2329         0
50         2   2.59099   4.26599    -1.675   13.4468         0
51         4   2.59099   1.57735   1.01364  -26.5182         0
52         2   2.59099   4.26599    -1.675   17.3022         0
53         4   2.59099   1.57735   1.01364  -27.4574         0
54         2   2.59099   4.26599    -1.675   16.0062         0
55         4   2.59099   1.57735   1.01364     -26.9         0
56         2   2.59099   4.26599    -1.675   20.9603         0
57         4   2.59099   1.57735   1.01364  -36.4539         0
58         2   2.59099   4.26599    -1.675   21.3032         0
59         4   2.59099   1.57735   1.01364   -21.557         0
60         2   2.59099   4.26599    -1.675   10.7913         0
61         4   2.59099   1.57735   1.01364   -24.899         0
62         2   2.59099   4.26599    -1.675   23.4735         0
63         4   2.59099   1.57735   1.01364  -30.5919         0
64         2   2.59099   4.26599    -1.675   19.1161         0
65         4   2.59099   1.57735   1.01364  -26.4992         0
66         2   2.59099   4.26599    -1.675   13.6185         0
67         4   2.59099   1.57735   1.01364  -24.5838         0
68         2   2.59099   4.26599    -1.675   17.7418         0
69         4   2.59099   1.57735   1.01364  -17.7194         0
70         2   2.59099   4.26599    -1.675    11.315         0
71         4   2.59099   1.57735   1.01364   -27.617         0
72         2   2.59099   4.26599    -1.675   17.9588         0
73         4   2.59099   1.57735   1.01364  -22.0603         0
74         2   2.59099   4.26599    -1.675   18.9671         0
75         4   2.59099   1.57735   1.01364  -34.0513         0
76         2   2.59099   4.26599    -1.675   11.5771         0
77         4   2.59099   1.57735   1.01364  -37.1379         0
78         2   2.59099   4.26599    -1.675   2.69425         0
79         4   2.59099   1.57735   1.01364  -28.1977         0
80         2   2.59099   4.26599    -1.675   14.3908         0
81         4   2.59099   1.57735   1.01364  -20.7863         0
82         2   2.59099   4.26599    -1.675   14.5239         0
83         4   2.59099   1.57735   1.01364  -29.2022         0
84         2   2.59099   4.26599    -1.675   11.6786         0
85         4   2.59099   1.57735   1.01364  -23.7648         0
86         2   2.59099   4.26599    -1.675   14.7239         0
87         4   2.59099   1.57735   1.01364  -17.1021         0
88         2   2.59099   4.26599    -1.675   19.6228         0
89         4   2.59099   1.57735   1.01364  -27.4692         0
90         2   2.59099   4.26599    -1.675   7.34299         0
91         4   2.59099   1.57735   1.01364  -32.1633         0
92         2   2.59099   4.26599    -1.675   10.8551         0
93         4   2.59099   1.57735   1.01364  -31.9779         0
94         2   2.59099   4.26599    -1.675    18.417         0
95         4   2.59099   1.57735   1.01364  -31.2498         0
96         2   2.59099   4.26599    -1.675   10.3864         0
97         4   2.59099   1.57735   1.01364  -42.1494         0
98         2   2.59099   4.26599    -1.675    16.443         0
99         4   2.59099   1.57735   1.01364   -20.481         0
100         2   2.59099   4.26599    -1.675   20.7652         0
101         4   2.59099   1.57735   1.01364  -25.9789         0
102         2   2.59099   4.26599    -1.675   10.2349         0
103         4   2.59099   1.57735   1.01364  -22.8393         0
104         2   2.59099   4.26599    -1.675   15.4865         0
105         4   2.59099   1.57735   1.01364  -27.5692         0
106         2   2.59099   4.26599    -1.675   15.3243         0
107         4   2.59099   1.57735   1.01364  -22.8783         0
108         2   2.59099   4.26599    -1.675   20.5688         0
109         4   2.59099   1.57735   1.01364  -24.1278         0
110         2   2.59099   4.26599    -1.675   15.4392         0
111         4   2.59099   1.57735   1.01364  -35.7919         0
112         2   2.59099   4.26599    -1.675   15.6337         0
113         4   2.59099   1.57735   1.01364  -29.1843         0
114         2   2.59099   4.26599    -1.675   11.7731         0
115         4   2.59099   1.57735   1.01364  -28.0949         0
116         2   2.59099   4.26599    -1.675   4.38835         0
117         4   2.59099   1.57735   1.01364  -39.5378         0
118         2   2.59099   4.26599    -1.675   14.5485         0
119         4   2.59099   1.57735   1.01364  -19.8567         0
120         2   2.59099   4.26599    -1.675   13.7136         0
121         4   2.59099   1.57735   1.01364  -20.0112         0
122         2   2.59099   4.26599    -1.675   19.9688         0
123         4   2.59099   1.57735   1.01364  -41.3317         0
124         2   2.59099   4.26599    -1.675   11.4467         0
125         4   2.59099   1.57735   1.01364  -31.1575         0
126         2   2.59099   4.26599    -1.675   16.9524         0
127         4   2.59099   1.57735   1.01364  -25.4796         0
128         2   2.59099   4.26599    -1.675   14.0292         0
129         4   2.59099   1.57735   1.01364  -30.5316         0
130         2   2.59099   4.26599    -1.675   23.1554         0
131         4   2.59099   1.57735   1.01364  -13.5363         0
132         2   2.59099   4.26599    -1.675   17.7795         0
133         4   2.59099   1.57735   1.01364  -28.2521         0
134         2   2.59099   4.26599    -1.675   18.9614         0
135         4   2.59099   1.57735   1.01364  -30.2197         0
136         2   2.59099   4.26599    -1.675   21.4803         0
137         4   2.59099   1.57735   1.01364  -38.0023         0
138         2   2.59099   4.26599    -1.675   13.5265         0
139         4   2.59099   1.57735   1.01364  -43.2932         0
140         2   2.59099   4.26599    -1.675   20.5538         0
141         4   2.59099   1.57735   1.01364  -28.9978         0
142         2   2.59099   4.26599    -1.675   18.8129         0
143         4   2.59099   1.57735   1.01364  -34.0881         0
144         2   2.59099   4.26599    -1.675   13.3153         0
145         4   2.59099   1.57735   1.01364  -27.1316         0
146         2   2.59099   4.26599    -1.675   23.0332         0
147         4   2.59099   1.57735   1.01364  -15.0939         0
148         2   2.59099   4.26599    -1.675   11.4531         0
149         4   2.59099   1.57735   1.01364  -32.5378         0
150         2   2.59099   4.26599    -1.675    11.796         0
151         4   2.59099   1.57735   1.01364  -19.0639         0
152         2   2.59099   4.26599    -1.675    16.432         0
153         4   2.59099   1.57735   1.01364  -34.0332         0
154         2   2.59099   4.26599    -1.675   9.57638         0
155         4   2.59099   1.57735   1.01364  -21.6117         0
156         2   2.59099   4.26599    -1.675   19.3093         0
157         4   2.59099   1.57735   1.01364  -27.9865         0
158         2   2.59099   4.26599    -1.675   11.4522         0
159         4   2.59099   1.57735   1.01364  -22.2371         0
160         2   2.59099   4.26599    -1.675   17.5191         0
161         4   2.59099   1.57735   1.01364  -31.4046         0
162         2   2.59099   4.26599    -1.675   15.8974         0
163         4   2.59099   1.57735   1.01364  -36.5919         0
164         2   2.59099   4.26599    -1.675    7.2178         0
165         4   2.59099   1.57735   1.01364  -26.5875         0
166         2   2.59099   4.26599    -1.675   15.7986         0
167         4   2.59099   1.57735   1.01364  -23.9685         0
168         2   2.59099   4.26599    -1.675   13.1556         0
169         4   2.59099   1.57735   1.01364  -38.6094         0
170         2   2.59099   4.26599    -1.675   11.3798         0
171         4   2.59099   1.57735   1.01364   -34.239         0
172         2   2.59099   4.26599    -1.675   12.2707         0
173         4   2.59099   1.57735   1.01364  -31.1669         0
174         2   2.59099   4.26599    -1.675   13.7555         0
175         4   2.59099   1.57735   1.01364  -29.3716         0
176         2   2.59099   4.26599    -1.675   10.1567         0
177         4   2.59099   1.57735   1.01364  -32.5028         0
178         2   2.59099   4.26599    -1.675   10.1005         0
179         4   2.59099   1.57735   1.01364  -34.2401         0
180         2   2.59099   4.26599    -1.675   10.9638         0
181         4   2.59099   1.57735   1.01364  -17.6556         0
182         2   2.59099   4.26599    -1.675   12.7279         0
183         4   2.59099   1.57735   1.01364  -15.1879         0
184         2   2.59099   4.26599    -1.675   23.5319         0
185         4   2.59099   1.57735   1.01364  -26.2166         0
186         2   2.59099   4.26599    -1.675   10.1471         0
187         4   2.59099   1.57735   1.01364  -39.8075         0
188         2   2.59099   4.26599    -1.675   6.68481         0
189         4   2.59099   1.57735   1.01364  -21.4311         0
190         2   2.59099   4.26599    -1.675   10.3069         0
191         4   2.59099   1.57735   1.01364  -36.6339         0
192         2   2.59099   4.26599    -1.675    8.0813         0
193         4   2.59099   1.57735   1.01364  -17.4224         0
194         2   2.59099   4.26599    -1.675   14.0258         0
195         4   2.59099   1.57735   1.01364  -23.7141         0
196         2   2.59099   4.26599    -1.675   15.9865         0
197         4   2.59099   1.57735   1.01364  -26.0545         0
198         2   2.59099   4.26599    -1.675    21.102         0
199         4   2.59099   1.57735   1.01364   -33.548         0
200         2   2.59099   4.26599    -1.675   26.5929         0
201         4   2.59099   1.57735   1.01364  -18.7505         0
202         2   2.59099   4.26599    -1.675   27.0255         0
203         4   2.59099   1.57735   1.01364   -30.123         0
204         2   2.59099   4.26599    -1.675    4.4209         0
205         4   2.59099   1.57735   1.01364  -26.6665         0
206         2   2.59099   4.26599    -1.675   21.8423         0
207         4   2.59099   1.57735   1.01364  -27.6589         0
208         2   2.59099   4.26599    -1.675    7.8439         0
209         4   2.59099   1.57735   1.01364  -35.0301         0
210         2   2.59099   4.26599    -1.675   13.0293         0
211         4   2.59099   1.57735   1.01364  -40.2432         0
212         2   2.59099   4.26599    -1.675   12.4086         0
213         4   2.59099   1.57735   1.01364  -39.1303         0
214         2   2.59099   4.26599    -1.675   9.53859         0
215         4   2.59099   1.57735   1.01364  -39.5042         0
216         2   2.59099   4.26599    -1.675   14.1841         0
217         4   2.59099   1.57735   1.01364  -37.2126         0
218         2   2.59099   4.26599    -1.675   13.2991         0
219         4   2.59099   1.57735   1.01364  -30.0336         0
220         2   2.59099   4.26599    -1.675   6.40774         0
221         4   2.59099   1.57735   1.01364  -35.8495         0
222         2   2.59099   4.26599    -1.675   12.7408         0
223         4   2.59099   1.57735   1.01364  -38.9293         0
224         2   2.59099   4.26599    -1.675   10.2734         0
225         4   2.59099   1.57735   1.01364  -33.0875         0
226         2   2.59099   4.26599    -1.675   14.1466         0
227         4   2.59099   1.57735   1.01364  -19.4373         0
228         2   2.59099   4.26599    -1.675    17.764         0
229         4   2.59099   1.57735   1.01364  -34.5532         0
230         2   2.59099   4.26599    -1.675   15.8909         0
231         4   2.59099   1.57735   1.01364  -19.6382         0
232         2   2.59099   4.26599    -1.675   20.8893         0
233         4   2.59099   1.57735   1.01364  -37.2948         0
234         2   2.59099   4.26599    -1.675   12.9489         0
235         4   2.59099   1.57735   1.01364  -21.1704         0
236         2   2.59099   4.26599    -1.675   15.3042         0
237         4   2.59099   1.57735   1.01364  -22.0901         0
238         2   2.59099   4.26599    -1.675     12.98         0
239         4   2.59099   1.57735   1.01364  -34.1899         0
240         2   2.59099   4.26599    -1.675   9.91271         0
241         4   2.59099   1.57735   1.01364  -14.3677         0
242         2   2.59099   4.26599    -1.675   11.6785         0
243         4   2.59099   1.57735   1.01364  -32.3307         0
244         2   2.59099   4.26599    -1.675    15.837         0
245         4   2.59099   1.57735   1.01364  -32.2424         0
246         2   2.59099   4.26599    -1.675     10.31         0
247         4   2.59099   1.57735   1.01364  -31.3621         0
248         2   2.59099   4.26599    -1.675   17.0692         0
249         4   2.59099   1.57735   1.01364  -34.8396         0
250         2   2.59099   4.26599    -1.675   14.8481         0
251         4   2.59099   1.57735   1.01364  -26.6607         0
252         2   2.59099   4.26599    -1.675   15.4899         0
253         4   2.59099   1.57735   1.01364  -25.9953         0
254         2   2.59099   4.26599    -1.675    22.609         0
255         4   2.59099   1.57735   1.01364  -22.8168         0
256         2   2.59099   4.26599    -1.675   17.1806         0
257         4   2.59099   1.57735   1.01364  -12.1914         0
258         2   2.59099   4.26599    -1.675   18.5266         0
259         4   2.59099   1.57735   1.01364  -28.0053         0
260         2   2.59099   4.26599    -1.675    24.729         0
261         4   2.59099   1.57735   1.01364  -28.9219         0
262         2   2.59099   4.26599    -1.675    13.021         0
263         4   2.59099   1.57735   1.01364  -17.2844         0
264         2   2.59099   4.26599    -1.675   10.6201         0
265         4   2.59099   1.57735   1.01364  -41.4484         0
266         2   2.59099   4.26599    -1.675   10.1117         0
267         4   2.59099   1.57735   1.01364  -39.5935         0
268         2   2.59099   4.26599    -1.675   15.6964         0
269         4   2.59099   1.57735   1.01364  -15.9195         0
270         2   2.59099   4.26599    -1.675   6.83957         0
271         4   2.59099   1.57735   1.01364   -34.638         0
272         2   2.59099   4.26599    -1.675     11.39         0
273         4   2.59099   1.57735   1.01364  -27.0544         0
274         2   2.59099   4.26599    -1.675   14.1658         0
275         4   2.59099   1.57735   1.01364  -31.9561         0
276         2   2.59099   4.26599    -1.675   9.53652         0
277         4   2.59099   1.57735   1.01364  -7.47163         0
278         2   2.59099   4.26599    -1.675   10.5281         0
279         4   2.59099   1.57735   1.01364   -25.475         0
280         2   2.59099   4.26599    -1.675   19.4466         0
281         4   2.59099   1.57735   1.01364  -35.4453         0
282         2   2.59099   4.26599    -1.675   10.8012         0
283         4   2.59099   1.57735   1.01364  -26.6198         0
284         2   2.59099   4.26599    -1.675   13.1773         0
285         4   2.59099   1.57735   1.01364  -38.9528         0
286         2   2.59099   4.26599    -1.675   17.8051         0
287         4   2.59099   1.57735   1.01364  -15.5814         0
288         2   2.59099   4.26599    -1.675   5.38236         0
289         4   2.59099   1.57735   1.01364  -17.7764         0
290         2   2.59099   4.26599    -1.675   18.2038         0
291         4   2.59099   1.57735   1.01364  -18.6201         0
292         2   2.59099   4.26599    -1.675   25.0885         0
293         4   2.59099   1.57735   1.01364  -14.0658         0
294         2   2.59099   4.26599    -1.675   15.8707         0
295         4   2.59099   1.57735   1.01364  -42.3381         0
296         2   2.59099   4.26599    -1.675   15.4538         0
297         4   2.59099   1.57735   1.01364  -20.5725         0
298         2   2.59099   4.26599    -1.675   13.4285         0
299         4   2.59099   1.57735   1.01364  -21.4455         0
300         2   2.59099   4.26599    -1.675   12.5922         0
301         4   2.59099   1.57735   1.01364  -37.7409         0
302         2   2.59099   4.26599    -1.675   6.08724         0
303         4   2.59099   1.57735   1.01364  -21.2959         0
304         2   2.59099   4.26599    -1.675   8.91068         0
305         4   2.59099   1.57735   1.01364  -18.2118         0
306         2   2.59099   4.26599    -1.675   1.71946         0
307         4   2.59099   1.57735   1.01364   -20.571         0
308         2   2.59099   4.26599    -1.675   16.3636         0
309         4   2.59099   1.57735   1.01364   -12.606         0
310         2   2.59099   4.26599    -1.675   9.02632         0
311         4   2.59099   1.57735   1.01364  -24.9346         0
312         2   2.59099   4.26599    -1.675   15.1248         0
313         4   2.59099   1.57735   1.01364  -27.1934         0
314         2   2.59099   4.26599    -1.675   5.76939         0
315         4   2.59099   1.57735   1.01364  -18.9443         0
316         2   2.59099   4.26599    -1.675   6.99465         0
317         4   2.59099   1.57735   1.01364   -29.009         0
318         2   2.59099   4.26599    -1.675   6.77192         0
319         4   2.59099   1.57735   1.01364  -31.1692         0
320         2   2.59099   4.26599    -1.675   6.76699         0
321         4   2.59099   1.57735   1.01364  -32.8528         0
322         2   2.59099   4.26599    -1.675   22.1238         0
323         4   2.59099   1.57735   1.01364  -23.2479         0
324         2   2.59099   4.26599    -1.675   9.88452         0
325         4   2.59099   1.57735   1.01364  -25.1495         0
326         2   2.59099   4.26599    -1.675   10.9617         0
327         4   2.59099   1.57735   1.01364   -26.944         0
328         2   2.59099   4.26599    -1.675   9.99813         0
329         4   2.59099   1.57735   1.01364  -32.1263         0
330         2   2.59099   4.26599    -1.675   9.51351         0
331         4   2.59099   1.57735   1.01364   -32.548         0
332         2   2.59099   4.26599    -1.675   12.5909         0
333         4   2.59099   1.57735   1.01364  -36.5641         0
334         2   2.59099   4.26599    -1.675   6.05699         0
335         4   2.59099   1.57735   1.01364  -39.6392         0
336         2   2.59099   4.26599    -1.675   9.11475         0
337         4   2.59099   1.57735   1.01364  -38.8634         0
338         2   2.59099   4.26599    -1.675    13.318         0
339         4   2.59099   1.57735   1.01364  -55.7113         0
340         2   2.59099   4.26599    -1.675   6.85291         0
341         4   2.59099   1.57735   1.01364  -42.7419         0
342         2   2.59099   4.26599    -1.675   7.04769         0
343         4   2.59099   1.57735   1.01364  -48.9161         0
344         2   2.59099   4.26599    -1.675   15.7824         0
345         4   2.59099   1.57735   1.01364  -23.5379         0
346         2   2.59099   4.26599    -1.675   6.45243         0
347         4   2.59099   1.57735   1.01364  -26.6031         0
348         2   2.59099   4.26599    -1.675   5.44778         0
349         4   2.59099   1.57735   1.01364  -21.0117         0
350         2   2.59099   4.26599    -1.675   15.5272         0
351         4   2.59099   1.57735   1.01364  -12.9684         0
352         2   2.59099   4.26599    -1.675   9.01826         0
353         4   2.59099   1.57735   1.01364  -26.8879         0
354         2   2.59099   4.26599    -1.675   10.3704         0
355         4   2.59099   1.57735   1.01364  -32.1265         0
356         2   2.59099   4.26599    -1.675    8.6908         0
357         4   2.59099   1.57735   1.01364  -39.1054         0
358         2   2.59099   4.26599    -1.675   9.64747         0
359         4   2.59099   1.57735   1.01364  -39.2089         0
360         2   2.59099   4.26599    -1.675   4.35435         0
361         4   2.59099   1.57735   1.01364  -25.2405         0
362         2   2.59099   4.26599    -1.675   17.9444         0
363         4   2.59099   1.57735   1.01364  -29.7721         0
364         2   2.59099   4.26599    -1.675   8.67769         0
365         4   2.59099   1.57735   1.01364  -33.2672         0
366         2   2.59099   4.26599    -1.675   9.15189         0
367         4   2.59099   1.57735   1.01364  -34.4929         0
368         2   2.59099   4.26599    -1.675   14.1898         0
369         4   2.59099   1.57735   1.01364  -15.8241         0
370         2   2.59099   4.26599    -1.675   7.81745         0
371         4   2.59099   1.57735   1.01364  -43.8728         0
372         2   2.59099   4.26599    -1.675   8.10933         0
373         4   2.59099   1.57735   1.01364  -37.1557         0
374         2   2.59099   4.26599    -1.675   6.81258         0
375         4   2.59099   1.57735   1.01364  -21.5584         0
376         2   2.59099   4.26599    -1.675   11.0478         0
377         4   2.59099   1.57735   1.01364  -38.6729         0
378         2   2.59099   4.26599    -1.675   7.05914         0
379         4   2.59099   1.57735   1.01364  -45.7901         0
380         2   2.59099   4.26599    -1.675   8.61804         0
381         4   2.59099   1.57735   1.01364  -32.5227         0
382         2   2.59099   4.26599    -1.675   9.28255         0
383         4   2.59099   1.57735   1.01364  -28.7633         0
384         2   2.59099   4.26599    -1.675   8.86167         0
385         4   2.59099   1.57735   1.01364  -26.5097         0
386         2   2.59099   4.26599    -1.675   1.07894         0
387         4   2.59099   1.57735   1.01364  -48.0763         0
388         2   2.59099   4.26599    -1.675   17.0567         0
389         4   2.59099   1.57735   1.01364  -25.3652         0
390         2   2.59099   4.26599    -1.675   14.2826         0
391         4   2.59099   1.57735   1.01364  -30.0735         0
392         2   2.59099   4.26599    -1.675   11.6087         0
393         4   2.59099   1.57735   1.01364  -28.9021         0
394         2   2.59099   4.26599    -1.675   7.12012         0
395         4   2.59099   1.57735   1.01364  -29.2535         0
396         2   2.59099   4.26599    -1.675   9.20146         0
397         4   2.59099   1.57735   1.01364  -27.8164         0
398         2   2.59099   4.26599    -1.675   13.0847         0
399         4   2.59099   1.57735   1.01364  -21.1876         0
400         2   2.59099   4.26599    -1.675   19.8388         0
401         4   2.59099   1.57735   1.01364  -25.1263         0
402         2   2.59099   4.26599    -1.675   19.5907         0
403         4   2.59099   1.57735   1.01364  -32.5313         0
404         2   2.59099   4.26599    -1.675   18.4282         0
405         4   2.59099   1.57735   1.01364  -33.0912         0
406         2   2.59099   4.26599    -1.675   19.3966         0
407         4   2.59099   1.57735   1.01364  -25.1017         0
408         2   2.59099   4.26599    -1.675   18.7799         0
409         4   2.59099   1.57735   1.01364  -41.8611         0
410         2   2.59099   4.26599    -1.675   13.9539         0
411         4   2.59099   1.57735   1.01364  -26.0443         0
412         2   2.59099   4.26599    -1.675   7.91668         0
413         4   2.59099   1.57735   1.01364  -29.1852         0
414         2   2.59099   4.26599    -1.675   18.2008         0
415         4   2.59099   1.57735   1.01364  -25.8994         0
416         2   2.59099   4.26599    -1.675   15.0649         0
417         4   2.59099   1.57735   1.01364  -43.3847         0
418         2   2.59099   4.26599    -1.675   17.5198         0
419         4   2.59099   1.57735   1.01364  -27.0313         0
420         2   2.59099   4.26599    -1.675   15.1697         0
421         4   2.59099   1.57735   1.01364  -28.0425         0
422         2   2.59099   4.26599    -1.675   17.7684         0
423         4   2.59099   1.57735   1.01364  -30.3864         0
424         2   2.59099   4.26599    -1.675   20.7916         0
425         4   2.59099   1.57735   1.01364  -30.4442         0
426         2   2.59099   4.26599    -1.675   11.8468         0
427         4   2.59099   1.57735   1.01364  -19.3398         0
428         2   2.59099   4.26599    -1.675   9.02819         0
429         4   2.59099   1.57735   1.01364  -28.6326         0
430         2   2.59099   4.26599    -1.675   15.7792         0
431         4   2.59099   1.57735   1.01364  -23.3682         0
432         2   2.59099   4.26599    -1.675   9.43915         0
433         4   2.59099   1.57735   1.01364  -36.0887         0
434         2   2.59099   4.26599    -1.675   10.2412         0
435         4   2.59099   1.57735   1.01364  -34.4136         0
436         2   2.59099   4.26599    -1.675   9.91558         0
437         4   2.59099   1.57735   1.01364  -28.4665         0
438         2   2.59099   4.26599    -1.675   8.06568         0
439         4   2.59099   1.57735   1.01364  -40.3376         0
440         2   2.59099   4.26599    -1.675   13.5188         0
441         4   2.59099   1.57735   1.01364  -26.3206         0
442         2   2.59099   4.26599    -1.675   14.5094         0
443         4   2.59099   1.57735   1.01364  -27.3373         0
444         2   2.59099   4.26599    -1.675   14.3882         0
445         4   2.59099   1.57735   1.01364  -34.3053         0
446         2   2.59099   4.26599    -1.675   15.8416         0
447         4   2.59099   1.57735   1.01364  -23.6199         0
448         2   2.59099   4.26599    -1.675   13.2727         0
449         4   2.59099   1.57735   1.01364  -21.4162         0
450         2   2.59099   4.26599    -1.675   16.3967         0
451         4   2.59099   1.57735   1.01364  -22.2063         0
452         2   2.59099   4.26599    -1.675   11.4917         0
453         4   2.59099   1.57735   1.01364  -37.0659         0
454         2   2.59099   4.26599    -1.675   10.9027         0
455         4   2.59099   1.57735   1.01364  -18.3655         0
456         2   2.59099   4.26599    -1.675   16.6418         0
457         4   2.59099   1.57735   1.01364  -28.5837         0
458         2   2.59099   4.26599    -1.675   12.9362         0
459         4   2.59099   1.57735   1.01364  -34.3492         0
460         2   2.59099   4.26599    -1.675   15.6296         0
461         4   2.59099   1.57735   1.01364  -35.8988         0
462         2   2.59099   4.26599    -1.675   22.1947         0
463         4   2.59099   1.57735   1.01364  -19.8867         0
464         2   2.59099   4.26599    -1.675   20.5606         0
465         4   2.59099   1.57735   1.01364   -35.502         0
466         2   2.59099   4.26599    -1.675   18.8314         0
467         4   2.59099   1.57735   1.01364  -28.9756         0
468         2   2.59099   4.26599    -1.675   19.3338         0
469         4   2.59099   1.57735   1.01364  -26.7511         0
470         2   2.59099   4.26599    -1.675   16.1834         0
471         4   2.59099   1.57735   1.01364  -44.6539         0
472         2   2.59099   4.26599    -1.675   25.8844         0
473         4   2.59099   1.57735   1.01364  -19.8008         0
474         2   2.59099   4.26599    -1.675   18.3812         0
475         4   2.59099   1.57735   1.01364  -21.3175         0
476         2   2.59099   4.26599    -1.675   19.9679         0
477         4   2.59099   1.57735   1.01364  -36.0986         0
478         2   2.59099   4.26599    -1.675   15.3011         0
479         4   2.59099   1.57735   1.01364   -37.765         0
480         2   2.59099   4.26599    -1.675   13.7378         0
481         4   2.59099   1.57735   1.01364  -34.4261         0
482         2   2.59099   4.26599    -1.675   18.1934         0
483         4   2.59099   1.57735   1.01364  -32.7277         0
484         2   2.59099   4.26599    -1.675   13.2378         0
485         4   2.59099   1.57735   1.01364  -31.4229         0
486         2   2.59099   4.26599    -1.675   14.1912         0
487         4   2.59099   1.57735   1.01364  -45.6709         0
488         2   2.59099   4.26599    -1.675   11.7497         0
489         4   2.59099   1.57735   1.01364  -30.1293         0
490         2   2.59099   4.26599    -1.675   12.7712         0
491         4   2.59099   1.57735   1.01364  -27.3489         0
492         2   2.59099   4.26599    -1.675   15.2748         0
493         4   2.59099   1.57735   1.01364  -16.5251         0
494         2   2.59099   4.26599    -1.675   18.0598         0
495         4   2.59099   1.57735   1.01364  -17.4982         0
496         2   2.59099   4.26599    -1.675   18.2149         0
497         4   2.59099   1.57735   1.01364   -33.553         0
498         2   2.59099   4.26599    -1.675   15.3795         0
499         4   2.59099   1.57735   1.01364  -29.6034         0
500         2   2.59099   4.26599    -1.675   13.3769         0
501         4   2.59099   1.57735   1.01364  -36.3781         0
502         2   2.59099   4.26599    -1.675   12.2673         0
503         4   2.59099   1.57735   1.01364  -31.5836         0
504         2   2.59099   4.26599    -1.675   19.8537         0
505         4   2.59099   1.57735   1.01364  -20.3395         0
506         2   2.59099   4.26599    -1.675    22.049         0
507         4   2.59099   1.57735   1.01364  -18.8786         0
508         2   2.59099   4.26599    -1.675   15.1325         0
509         4   2.59099   1.57735   1.01364  -23.8571         0
510         2   2.59099   4.26599    -1.675    13.676         0
511         4   2.59099   1.57735   1.01364  -18.6896         0
512         2   2.59099   4.26599    -1.675   15.2818         0
513         4   2.59099   1.57735   1.01364  -29.4118         0
514         2   2.59099   4.26599    -1.675   12.9209         0
515         4   2.59099   1.57735   1.01364  -34.0562         0
516         2   2.59099   4.26599    -1.675   11.4498         0
517         4   2.59099   1.57735   1.01364  -37.9504         0
518         2   2.59099   4.26599    -1.675   20.1339         0
519         4   2.59099   1.57735   1.01364  -9.43339         0
520         2   2.59099   4.26599    -1.675   22.6508         0
521         4   2.59099   1.57735   1.01364  -15.7802         0
522         2   2.59099   4.26599    -1.675   21.8556         0
523         4   2.59099   1.57735   1.01364  -26.3502         0
524         2   2.59099   4.26599    -1.675   15.2641         0
525         4   2.59099   1.57735   1.01364  -22.0137         0
526         2   2.59099   4.26599    -1.675   9.77786         0
527         4   2.59099   1.57735   1.01364  -27.6244         0
528         2   2.59099   4.26599    -1.675   12.7249         0
529         4   2.59099   1.57735   1.01364  -36.7633         0
530         2   2.59099   4.26599    -1.675   4.55139         0
531         4   2.59099   1.57735   1.01364  -20.3313         0
532         2   2.59099   4.26599    -1.675    15.119         0
533         4   2.59099   1.57735   1.01364  -38.0659         0
534         2   2.59099   4.26599    -1.675   8.67557         0
535         4   2.59099   1.57735   1.01364  -17.4133         0
536         2   2.59099   4.26599    -1.675   11.7527         0
537         4   2.59099   1.57735   1.01364  -33.6113         0
538         2   2.59099   4.26599    -1.675   8.30697         0
539         4   2.59099   1.57735   1.01364  -35.9305         0
540         2   2.59099   4.26599    -1.675   10.8616         0
541         4   2.59099   1.57735   1.01364  -23.0381         0
542         2   2.59099   4.26599    -1.675   7.76764         0
543         4   2.59099   1.57735   1.01364  -28.9421         0
544         2   2.59099   4.26599    -1.675   17.4095         0
545         4   2.59099   1.57735   1.01364  -31.2371         0
546         2   2.59099   4.26599    -1.675    11.814         0
547         4   2.59099   1.57735   1.01364  -21.1182         0
548         2   2.59099   4.26599    -1.675   7.42081         0
549         4   2.59099   1.57735   1.01364  -25.5453         0
550         2   2.59099   4.26599    -1.675   15.5607         0
551         4   2.59099   1.57735   1.01364  -23.0427         0
552         2   2.59099   4.26599    -1.675   11.3842         0
553         4   2.59099   1.57735   1.01364  -29.7768         0
554         2   2.59099   4.26599    -1.675   11.0237         0
555         4   2.59099   1.57735   1.01364  -44.5001         0
556         2   2.59099   4.26599    -1.675   15.9013         0
557         4   2.59099   1.57735   1.01364  -36.9402         0
558         2   2.59099   4.26599    -1.675   18.3294         0
559         4   2.59099   1.57735   1.01364  -34.4195         0
560         2   2.59099   4.26599    -1.675   6.93568         0
561         4   2.59099   1.57735   1.01364  -44.2829         0
562         2   2.59099   4.26599    -1.675   16.6008         0
563         4   2.59099   1.57735   1.01364  -28.5416         0
564         2   2.59099   4.26599    -1.675   14.3719         0
565         4   2.59099   1.57735   1.01364  -30.7093         0
566         2   2.59099   4.26599    -1.675    12.502         0
567         4   2.59099   1.57735   1.01364  -25.0106         0
568         2   2.59099   4.26599    -1.675    10.406         0
569         4   2.59099   1.57735   1.01364    -34.84         0
570         2   2.59099   4.26599    -1.675    9.4827         0
571         4   2.59099   1.57735   1.01364  -42.2168         0
572         2   2.59099   4.26599    -1.675   11.0636         0
573         4   2.59099   1.57735   1.01364  -33.3474         0
574         2   2.59099   4.26599    -1.675   6.73986         0
575         4   2.59099   1.57735   1.01364  -21.0675         0
576         2   2.59099   4.26599    -1.675   12.0825         0
577         4   2.59099   1.57735   1.01364    -28.53         0
578         2   2.59099   4.26599    -1.675   11.5592         0
579         4   2.59099   1.57735   1.01364  -28.0452         0
580         2   2.59099   4.26599    -1.675    19.323         0
581         4   2.59099   1.57735   1.01364  -35.1785         0
582         2   2.59099   4.26599    -1.675   7.27712         0
583         4   2.59099   1.57735   1.01364  -27.5685         0
584         2   2.59099   4.26599    -1.675   10.0957         0
585         4   2.59099   1.57735   1.01364  -27.8497         0
586         2   2.59099   4.26599    -1.675   11.4145         0
587         4   2.59099   1.57735   1.01364  -21.4784         0
588         2   2.59099   4.26599    -1.675   18.8021         0
589         4   2.59099   1.57735   1.01364  -15.5206         0
590         2   2.59099   4.26599    -1.675   19.1697         0
591         4   2.59099   1.57735   1.01364  -23.5489         0
592         2   2.59099   4.26599    -1.675   8.60979         0
593         4   2.59099   1.57735   1.01364  -36.8607         0
594         2   2.59099   4.26599    -1.675   13.9709         0
595         4   2.59099   1.57735   1.01364  -27.6575         0
596         2   2.59099   4.26599    -1.675   9.86859         0
597         4   2.59099   1.57735   1.01364  -14.2577         0
598         2   2.59099   4.26599    -1.675   8.72339         0
599         4   2.59099   1.57735   1.01364  -19.4979         0
600         2   2.59099   4.26599    -1.675   5.67275         0
601         4   2.59099   1.57735   1.01364   -24.633         0
602         2   2.59099   4.26599    -1.675   25.8185         0
603         4   2.59099   1.57735   1.01364  -13.8496         0
604         2   2.59099   4.26599    -1.675   15.8123         0
605         4   2.59099   1.57735   1.01364  -35.4341         0
606         2   2.59099   4.26599    -1.675   16.6321         0
607         4   2.59099   1.57735   1.01364  -21.1318         0
608         2   2.59099   4.26599    -1.675   12.1971         0
609         4   2.59099   1.57735   1.01364  -26.3369         0
610         2   2.59099   4.26599    -1.675   14.3236         0
611         4   2.59099   1.57735   1.01364  -26.4655         0
612         2   2.59099   4.26599    -1.675   26.2553         0
613         4   2.59099   1.57735   1.01364  -34.0974         0
614         2   2.59099   4.26599    -1.675   25.0177         0
615         4   2.59099   1.57735   1.01364  -33.7844         0
616         2   2.59099   4.26599    -1.675   26.9567         0
617         4   2.59099   1.57735   1.01364  -15.3567         0
618         2   2.59099   4.26599    -1.675   23.0113         0
619         4   2.59099   1.57735   1.01364  -24.1022         0
620         2   2.59099   4.26599    -1.675   12.6288         0
621         4   2.59099   1.57735   1.01364  -23.0408         0
622         2   2.59099   4.26599    -1.675   14.4334         0
623         4   2.59099   1.57735   1.01364  -31.0472         0
624         2   2.59099   4.26599    -1.675   11.6042         0
625         4   2.59099   1.57735   1.01364  -20.6547         0
626         2   2.59099   4.26599    -1.675   6.84068         0
627         4   2.59099   1.57735   1.01364   -33.931         0
628         2   2.59099   4.26599    -1.675   11.8901         0
629         4   2.59099   1.57735   1.01364  -31.8069         0
630         2   2.59099   4.26599    -1.675   14.1748         0
631         4   2.59099   1.57735   1.01364  -31.0327         0
632         2   2.59099   4.26599    -1.675   18.2925         0
633         4   2.59099   1.57735   1.01364  -23.5996         0
634         2   2.59099   4.26599    -1.675   18.7531         0
635         4   2.59099   1.57735   1.01364  -11.6601         0
636         2   2.59099   4.26599    -1.675   16.8607         0
637         4   2.59099   1.57735   1.01364  -27.9383         0
638         2   2.59099   4.26599    -1.675   14.8945         0
639         4   2.59099   1.57735   1.01364  -22.5955         0
640         2   2.59099   4.26599    -1.675   8.80796         0
641         4   2.59099   1.57735   1.01364  -28.4462         0
642         2   2.59099   4.26599    -1.675   14.1696         0
643         4   2.59099   1.57735   1.01364   -23.599         0
644         2   2.59099   4.26599    -1.675   13.9653         0
645         4   2.59099   1.57735   1.01364   -35.026         0
646         2   2.59099   4.26599    -1.675   11.4602         0
647         4   2.59099   1.57735   1.01364  -37.2727         0
648         2   2.59099   4.26599    -1.675   13.9964         0
649         4   2.59099   1.57735   1.01364  -32.6811         0
650         2   2.59099   4.26599    -1.675   16.4318         0
651         4   2.59099   1.57735   1.01364  -26.3783         0
652         2   2.59099   4.26599    -1.675   14.0779         0
653         4   2.59099   1.57735   1.01364  -28.2316         0
654         2   2.59099   4.26599    -1.675   20.4136         0
655         4   2.59099   1.57735   1.01364  -23.0774         0
656         2   2.59099   4.26599    -1.675   19.0872         0
657         4   2.59099   1.57735   1.01364  -34.9073         0
658         2   2.59099   4.26599    -1.675   16.0505         0
659         4   2.59099   1.57735   1.01364  -17.3324         0
660         2   2.59099   4.26599    -1.675   16.0865         0
661         4   2.59099   1.57735   1.01364   -27.285         0
662         2   2.59099   4.26599    -1.675   23.7507         0
663         4   2.59099   1.57735   1.01364  -27.8823         0
664         2   2.59099   4.26599    -1.675   13.6014         0
665         4   2.59099   1.57735   1.01364  -26.3619         0
666         2   2.59099   4.26599    -1.675   13.8799         0
667         4   2.59099   1.57735   1.01364  -22.8042         0
668         2   2.59099   4.26599    -1.675   17.7605         0
669         4   2.59099   1.57735   1.01364  -31.5766         0
670         2   2.59099   4.26599    -1.675   15.1951         0
671         4   2.59099   1.57735   1.01364  -32.8455         0
672         2   2.59099   4.26599    -1.675   17.9096         0
673         4   2.59099   1.57735   1.01364  -24.4777         0
674         2   2.59099   4.26599    -1.675   20.6434         0
675         4   2.59099   1.57735   1.01364  -30.7402         0
676         2   2.59099   4.26599    -1.675   15.0579         0
677         4   2.59099   1.57735   1.01364  -26.4576         0
678         2   2.59099   4.26599    -1.675   17.8069         0
679         4   2.59099   1.57735   1.01364  -31.1046         0
680         2   2.59099   4.26599    -1.675   9.33221         0
681         4   2.59099   1.57735   1.01364  -41.0414         0
682         2   2.59099   4.26599    -1.675   20.6085         0
683         4   2.59099   1.57735   1.01364  -32.0114         0
684         2   2.59099   4.26599    -1.675   20.0118         0
685         4   2.59099   1.57735   1.01364  -37.0478         0
686         2   2.59099   4.26599    -1.675   14.9803         0
687         4   2.59099   1.57735   1.01364  -47.8578         0
688         2   2.59099   4.26599    -1.675   12.5911         0
689         4   2.59099   1.57735   1.01364  -27.5649         0
690         2   2.59099   4.26599    -1.675   8.18733         0
691         4   2.59099   1.57735   1.01364  -26.8127         0
692         2   2.59099   4.26599    -1.675   13.9949         0
693         4   2.59099   1.57735   1.01364   -23.746         0
694         2   2.59099   4.26599    -1.675   6.35399         0
695         4   2.59099   1.57735   1.01364  -33.4275         0
696         2   2.59099   4.26599    -1.675   21.1923         0
697         4   2.59099   1.57735   1.01364  -8.51879         0
698         2   2.59099   4.26599    -1.675   24.1358         0
699         4   2.59099   1.57735   1.01364  -18.1291         0
700         2   2.59099   4.26599    -1.675    16.611         0
701         4   2.59099   1.57735   1.01364  -20.4093         0
702         2   2.59099   4.26599    -1.675   18.9699         0
703         4   2.59099   1.57735   1.01364  -14.2246         0
704         2   2.59099   4.26599    -1.675   10.0127         0
705         4   2.59099   1.57735   1.01364  -24.9955         0
706         2   2.59099   4.26599    -1.675   18.2676         0
707         4   2.59099   1.57735   1.01364  -22.1819         0
708         2   2.59099   4.26599    -1.675   18.5306         0
709         4   2.59099   1.57735   1.01364  -30.1943         0
710         2   2.59099   4.26599    -1.675   21.2031         0
711         4   2.59099   1.57735   1.01364  -19.6809         0
712         2   2.59099   4.26599    -1.675   20.5722         0
713         4   2.59099   1.57735   1.01364  -33.4048         0
714         2   2.59099   4.26599    -1.675   4.91615         0
715         4   2.59099   1.57735   1.01364    -33.65         0
716         2   2.59099   4.26599    -1.675   7.25925         0
717         4   2.59099   1.57735   1.01364  -25.6967         0
718         2   2.59099   4.26599    -1.675    15.433         0
719         4   2.59099   1.57735   1.01364  -27.6738         0
720         2   2.59099   4.26599    -1.675    25.711         0
721         4   2.59099   1.57735   1.01364  -25.7697         0
722         2   2.59099   4.26599    -1.675    20.525         0
723         4   2.59099   1.57735   1.01364  -38.8392         0
724         2   2.59099   4.26599    -1.675    4.2761         0
725         4   2.59099   1.57735   1.01364   -28.783         0
726         2   2.59099   4.26599    -1.675   11.5176         0
727         4   2.59099   1.57735   1.01364   -38.372         0
728         2   2.59099   4.26599    -1.675   12.8363         0
729         4   2.59099   1.57735   1.01364  -23.4908         0
730         2   2.59099   4.26599    -1.675   26.1914         0
731         4   2.59099   1.57735   1.01364  -23.9769         0
732         2   2.59099   4.26599    -1.675   12.1913         0
733         4   2.59099   1.57735   1.01364  -29.0492         0
734         2   2.59099   4.26599    -1.675   12.0717         0
735         4   2.59099   1.57735   1.01364  -37.7873         0
736         2   2.59099   4.26599    -1.675   11.8403         0
737         4   2.59099   1.57735   1.01364  -35.8637         0
738         2   2.59099   4.26599    -1.675   10.0667         0
739         4   2.59099   1.57735   1.01364  -43.2887         0
740         2   2.59099   4.26599    -1.675   10.1531         0
741         4   2.59099   1.57735   1.01364  -22.3904         0
742         2   2.59099   4.26599    -1.675   13.4514         0
743         4   2.59099   1.57735   1.01364  -39.7685         0
744         2   2.59099   4.26599    -1.675   15.1889         0
745         4   2.59099   1.57735   1.01364  -49.0253         0
746         2   2.59099   4.26599    -1.675    14.634         0
747         4   2.59099   1.57735   1.01364  -27.7203         0
748         2   2.59099   4.26599    -1.675   14.2066         0
749         4   2.59099   1.57735   1.01364  -28.5495         0
750         2   2.59099   4.26599    -1.675   15.0288         0
751         4   2.59099   1.57735   1.01364  -18.5757         0
752         2   2.59099   4.26599    -1.675   20.7887         0
753         4   2.59099   1.57735   1.01364  -20.5091         0
754         2   2.59099   4.26599    -1.675   17.9826         0
755         4   2.59099   1.57735   1.01364  -21.2898         0
756         2   2.59099   4.26599    -1.675   22.0026         0
757         4   2.59099   1.57735   1.01364  -33.7433         0
758         2   2.59099   4.26599    -1.675   23.3355         0
759         4   2.59099   1.57735   1.01364   -34.522         0
760         2   2.59099   4.26599    -1.675   21.7473         0
761         4   2.59099   1.57735   1.01364  -30.5258         0
762         2   2.59099   4.26599    -1.675   21.4919         0
763         4   2.59099   1.57735   1.01364  -42.0761         0
764         2   2.59099   4.26599    -1.675   13.0759         0
765         4   2.59099   1.57735   1.01364  -23.1545         0
766         2   2.59099   4.26599    -1.675   17.8844         0
767         4   2.59099   1.57735   1.01364  -24.8441         0
768         2   2.59099   4.26599    -1.675   18.8912         0
769         4   2.59099   1.57735   1.01364  -9.89629         0
770         2   2.59099   4.26599    -1.675   24.4547         0
771         4   2.59099   1.57735   1.01364  -23.5595         0
772         2   2.59099   4.26599    -1.675   31.0125         0
773         4   2.59099   1.57735   1.01364  -9.06247         0
774         2   2.59099   4.26599    -1.675   20.6446         0
775         4   2.59099   1.57735   1.01364  -23.1733         0
776         2   2.59099   4.26599    -1.675   25.2535         0
777         4   2.59099   1.57735   1.01364  -30.9036         0
778         2   2.59099   4.26599    -1.675   14.5938         0
779         4   2.59099   1.57735   1.01364  -50.7864         0
780         2   2.59099   4.26599    -1.675   17.7901         0
781         4   2.59099   1.57735   1.01364  -25.3919         0
782         2   2.59099   4.26599    -1.675    16.989         0
783         4   2.59099   1.57735   1.01364  -35.0648         0
784         2   2.59099   4.26599    -1.675   17.2208         0
785         4   2.59099   1.57735   1.01364  -27.0018         0
786         2   2.59099   4.26599    -1.675   18.6837         0
787         4   2.59099   1.57735   1.01364  -19.1274         0
788         2   2.59099   4.26599    -1.675    28.042         0
789         4   2.59099   1.57735   1.01364  -11.2989         0
790         2   2.59099   4.26599    -1.675   14.9385         0
791         4   2.59099   1.57735   1.01364  -20.5176         0
792         2   2.59099   4.26599    -1.675   20.1856         0
793         4   2.59099   1.57735   1.01364  -20.0423         0
794         2   2.59099   4.26599    -1.675   15.9516         0
795         4   2.59099   1.57735   1.01364  -27.2827         0
796         2   2.59099   4.26599    -1.675     12.82         0
797         4   2.59099   1.57735   1.01364   -23.103         0
798         2   2.59099   4.26599    -1.675   21.2548         0
799         4   2.59099   1.57735   1.01364   -35.204         0
800         2   2.59099   4.26599    -1.675   18.4019         0
801         4   2.59099   1.57735   1.01364  -42.5841         0
802         2   2.59099   4.26599    -1.675   16.7405         0
803         4   2.59099   1.57735   1.01364  -34.4183         0
804         2   2.59099   4.26599    -1.675   21.4725         0
805         4   2.59099   1.57735   1.01364   -32.052         0
806         2   2.59099   4.26599    -1.675   22.1565         0
807         4   2.59099   1.57735   1.01364  -37.3572         0
808         2   2.59099   4.26599    -1.675   13.3033         0
809         4   2.59099   1.57735   1.01364  -21.7279         0
810         2   2.59099   4.26599    -1.675   18.8325         0
811         4   2.59099   1.57735   1.01364  -27.8683         0
812         2   2.59099   4.26599    -1.675   29.0093         0
813         4   2.59099   1.57735   1.01364  -30.0404         0
814         2   2.59099   4.26599    -1.675   26.5903         0
815         4   2.59099   1.57735   1.01364  -26.2946         0
816         2   2.59099   4.26599    -1.675   21.2482         0
817         4   2.59099   1.57735   1.01364  -35.0689         0
818         2   2.59099   4.26599    -1.675   24.3118         0
819         4   2.59099   1.57735   1.01364  -25.3377         0
820         2   2.59099   4.26599    -1.675   15.5827         0
821         4   2.59099   1.57735   1.01364   -32.781         0
822         2   2.59099   4.26599    -1.675   18.3854         0
823         4   2.59099   1.57735   1.01364  -29.0832         0
824         2   2.59099   4.26599    -1.675    12.358         0
825         4   2.59099   1.57735   1.01364  -24.3976         0
826         2   2.59099   4.26599    -1.675    21.717         0
827         4   2.59099   1.57735   1.01364  -22.6775         0
828         2   2.59099   4.26599    -1.675   20.4222         0
829         4   2.59099   1.57735   1.01364  -26.3778         0
830         2   2.59099   4.26599    -1.675   15.4855         0
831         4   2.59099   1.57735   1.01364   -26.575         0
832         2   2.59099   4.26599    -1.675   19.0266         0
833         4   2.59099   1.57735   1.01364  -21.2345         0
834         2   2.59099   4.26599    -1.675   24.7552         0
835         4   2.59099   1.57735   1.01364  -28.8806         0
836         2   2.59099   4.26599    -1.675    14.701         0
837         4   2.59099   1.57735   1.01364  -27.3334         0
838         2   2.59099   4.26599    -1.675   19.1578         0
839         4   2.59099   1.57735   1.01364  -25.9535         0
840         2   2.59099   4.26599    -1.675   16.7304         0
841         4   2.59099   1.57735   1.01364  -35.4704         0
842         2   2.59099   4.26599    -1.675   12.7189         0
843         4   2.59099   1.57735   1.01364  -48.3521         0
844         2   2.59099   4.26599    -1.675   24.9044         0
845         4   2.59099   1.57735   1.01364  -20.2333         0
846         2   2.59099   4.26599    -1.675   14.0623         0
847         4   2.59099   1.57735   1.01364  -25.4389         0
848         2   2.59099   4.26599    -1.675   18.5655         0
849         4   2.59099   1.57735   1.01364  -27.0181         0
850         2   2.59099   4.26599    -1.675   20.4546         0
851         4   2.59099   1.57735   1.01364  -22.4967         0
852         2   2.59099   4.26599    -1.675   18.3937         0
853         4   2.59099   1.57735   1.01364  -22.9979         0
854         2   2.59099   4.26599    -1.675   8.85093         0
855         4   2.59099   1.57735   1.01364  -30.9291         0
856         2   2.59099   4.26599    -1.675   12.4084         0
857         4   2.59099   1.57735   1.01364  -20.5927         0
858         2   2.59099   4.26599    -1.675   18.6587         0
859         4   2.59099   1.57735   1.01364  -34.6622         0
860         2   2.59099   4.26599    -1.675   22.1585         0
861         4   2.59099   1.57735   1.01364   -26.637         0
862         2   2.59099   4.26599    -1.675   21.2244         0
863         4   2.59099   1.57735   1.01364  -24.0776         0
864         2   2.59099   4.26599    -1.675   23.8387         0
865         4   2.59099   1.57735   1.01364  -24.8882         0
866         2   2.59099   4.26599    -1.675   19.4075         0
867         4   2.59099   1.57735   1.01364  -24.2759         0
868         2   2.59099   4.26599    -1.675   17.6634         0
869         4   2.59099   1.57735   1.01364  -35.8146         0
870         2   2.59099   4.26599    -1.675   20.5836         0
871         4   2.59099   1.57735   1.01364  -35.5994         0
872         2   2.59099   4.26599    -1.675   17.5182         0
873         4   2.59099   1.57735   1.01364  -30.9844         0
874         2   2.59099   4.26599    -1.675   13.1884         0
875         4   2.59099   1.57735   1.01364  -17.3556         0
876         2   2.59099   4.26599    -1.675   20.1487         0
877         4   2.59099   1.57735   1.01364   -37.917         0
878         2   2.59099   4.26599    -1.675   21.8932         0
879         4   2.59099   1.57735   1.01364  -22.9368         0
880         2   2.59099   4.26599    -1.675   13.7267         0
881         4   2.59099   1.57735   1.01364  -30.9931         0
882         2   2.59099   4.26599    -1.675   21.1087         0
883         4   2.59099   1.57735   1.01364  -33.0485         0
884         2   2.59099   4.26599    -1.675   15.9638         0
885         4   2.59099   1.57735   1.01364  -23.0698         0
886         2   2.59099   4.26599    -1.675    16.218         0
887         4   2.59099   1.57735   1.01364  -32.5381         0
888         2   2.59099   4.26599    -1.675   24.7462         0
889         4   2.59099   1.57735   1.01364  -16.6605         0
890         2   2.59099   4.26599    -1.675   21.2619         0
891         4   2.59099   1.57735   1.01364   -30.132         0
892         2   2.59099   4.26599    -1.675   19.1308         0
893         4   2.59099   1.57735   1.01364  -30.5309         0
894         2   2.59099   4.26599    -1.675   28.1011         0
895         4   2.59099   1.57735   1.01364  -23.3259         0
896         2   2.59099   4.26599    -1.675   25.1508         0
897         4   2.59099   1.57735   1.01364  -32.7318         0
898         2   2.59099   4.26599    -1.675   27.8985         0
899         4   2.59099   1.57735   1.01364  -31.4403         0
900         2   2.59099   4.26599    -1.675   28.8944         0
901         4   2.59099   1.57735   1.01364   -30.927         0
902         2   2.59099   4.26599    -1.675   26.2123         0
903         4   2.59099   1.57735   1.01364  -14.4458         0
904         2   2.59099   4.26599    -1.675   23.8464         0
905         4   2.59099   1.57735   1.01364   -19.216         0
906         2   2.59099   4.26599    -1.675   21.9123         0
907         4   2.59099   1.57735   1.01364  -23.3132         0
908         2   2.59099   4.26599    -1.675   20.0924         0
909         4   2.59099   1.57735   1.01364  -20.9108         0
910         2   2.59099   4.26599    -1.675   18.6704         0
911         4   2.59099   1.57735   1.01364  -18.9077         0
912         2   2.59099   4.26599    -1.675   19.2707         0
913         4   2.59099   1.57735   1.01364  -42.7153         0
914         2   2.59099   4.26599    -1.675   15.5127         0
915         4   2.59099   1.57735   1.01364  -18.5455         0
916         2   2.59099   4.26599    -1.675   14.9319         0
917         4   2.59099   1.57735   1.01364  -36.7165         0
918         2   2.59099   4.26599    -1.675   15.5285         0
919         4   2.59099   1.57735   1.01364  -29.5006         0
920         2   2.59099   4.26599    -1.675   21.3528         0
921         4   2.59099   1.57735   1.01364  -35.9726         0
922         2   2.59099   4.26599    -1.675   18.8946         0
923         4   2.59099   1.57735   1.01364  -28.4174         0
924         2   2.59099   4.26599    -1.675   17.5777         0
925         4   2.59099   1.57735   1.01364   -10.777         0
926         2   2.59099   4.26599    -1.675    25.958         0
927         4   2.59099   1.57735   1.01364  -22.9228         0
928         2   2.59099   4.26599    -1.675   16.7004         0
929         4   2.59099   1.57735   1.01364  -20.4942         0
930         2   2.59099   4.26599    -1.675   22.4069         0
931         4   2.59099   1.57735   1.01364  -31.9695         0
932         2   2.59099   4.26599    -1.675   16.2704         0
933         4   2.59099   1.57735   1.01364  -31.3984         0
934         2   2.59099   4.26599    -1.675   22.2752         0
935         4   2.59099   1.57735   1.01364  -17.0069         0
936         2   2.59099   4.26599    -1.675   14.8971         0
937         4   2.59099   1.57735   1.01364  -27.4709         0
938         2   2.59099   4.26599    -1.675   12.0908         0
939         4   2.59099   1.57735   1.01364  -24.4258         0
940         2   2.59099   4.26599    -1.675   15.0892         0
941         4   2.59099   1.57735   1.01364  -24.1455         0
942         2   2.59099   4.26599    -1.675   26.5573         0
943         4   2.59099   1.57735   1.01364  -41.3083         0
944         2   2.59099   4.26599    -1.675   21.3346         0
945         4   2.59099   1.57735   1.01364   -11.669         0
946         2   2.59099   4.26599    -1.675   21.0694         0
947         4   2.59099   1.57735   1.01364  -12.1519         0
948         2   2.59099   4.26599    -1.675   25.3336         0
949         4   2.59099   1.57735   1.01364  -27.3455         0
950         2   2.59099   4.26599    -1.675   18.3807         0
951         4   2.59099   1.57735   1.01364  -30.7784         0
952         2   2.59099   4.26599    -1.675   25.5931         0
953         4   2.59099   1.57735   1.01364  -42.7389         0
954         2   2.59099   4.26599    -1.675   25.9144         0
955         4   2.59099   1.57735   1.01364  -30.5077         0
956         2   2.59099   4.26599    -1.675    15.824         0
957         4   2.59099   1.57735   1.01364  -31.2761         0
958         2   2.59099   4.26599    -1.675   18.5447         0
959         4   2.59099   1.57735   1.01364  -31.4428         0
960         2   2.59099   4.26599    -1.675   17.0147         0
961         4   2.59099   1.57735   1.01364  -26.2883         0
962         2   2.59099   4.26599    -1.675   18.3134         0
963         4   2.59099   1.57735   1.01364  -32.4158         0
964         2   2.59099   4.26599    -1.675   24.3907         0
965         4   2.59099   1.57735   1.01364  -37.8058         0
966         2   2.59099   4.26599    -1.675   25.5776         0
967         4   2.59099   1.57735   1.01364  -21.1416         0
968         2   2.59099   4.26599    -1.675   27.6551         0
969         4   2.59099   1.57735   1.01364  -16.9952         0
970         2   2.59099   4.26599    -1.675   20.5083         0
971         4   2.59099   1.57735   1.01364  -35.2657         0
972         2   2.59099   4.26599    -1.675   15.3491         0
973         4   2.59099   1.57735   1.01364   -47.507         0
974         2   2.59099   4.26599    -1.675   18.6823         0
975         4   2.59099   1.57735   1.01364  -25.9967         0
976         2   2.59099   4.26599    -1.675    11.681         0
977         4   2.59099   1.57735   1.01364  -28.2719         0
978         2   2.59099   4.26599    -1.675   20.1182         0
979         4   2.59099   1.57735   1.01364    -39.25         0
980         2   2.59099   4.26599    -1.675   17.1352         0
981         4   2.59099   1.57735   1.01364  -36.6412         0
982         2   2.59099   4.26599    -1.675   15.9615         0
983         4   2.59099   1.57735   1.01364  -34.8981         0
984         2   2.59099   4.26599    -1.675   15.6701         0
985         4   2.59099   1.57735   1.01364  -28.3776         0
986         2   2.59099   4.26599    -1.675   20.4586         0
987         4   2.59099   1.57735   1.01364  -36.4709         0
988         2   2.59099   4.26599    -1.675   16.8961         0
989         4   2.59099   1.57735   1.01364  -38.2268         0
990         2   2.59099   4.26599    -1.675   6.10548         0
991         4   2.59099   1.57735   1.01364  -33.7887         0
992         2   2.59099   4.26599    -1.675   9.76323         0
993         4   2.59099   1.57735   1.01364   -32.941         0
994         2   2.59099   4.26599    -1.675   21.1566         0
995         4   2.59099   1.57735   1.01364  -28.7752         0
996         2   2.59099   4.26599    -1.675   30.2987         0
997         4   2.59099   1.57735   1.01364  -39.3629         0
998         2   2.59099   4.26599    -1.675   19.3814         0
999         4   2.59099   1.57735   1.01364  -31.6854         0
