#BLOCK   PARTNER   MY_BETA PART_BETA   DELTA_BDELTA_E  ACCEPTED
0         5   1.57735   1.10206  0.475288  -15.2534         0
1         3   1.57735   2.59099  -1.01364   13.4242         0
2         5   1.57735   1.10206  0.475288  -27.9549         0
3         3   1.57735   2.59099  -1.01364   9.64922         0
4         5   1.57735   1.10206  0.475288  -23.6462         0
5         3   1.57735   2.59099  -1.01364   9.16428         0
6         5   1.57735   1.10206  0.475288  -29.2835         0
7         3   1.57735   2.59099  -1.01364   12.9849         0
8         5   1.57735   1.10206  0.475288  -45.5202         0
9         3   1.57735   2.59099  -1.01364   9.21993         0
10         5   1.57735   1.10206  0.475288  -28.7712         0
11         3   1.57735   2.59099  -1.01364   14.5086         0
12         5   1.57735   1.10206  0.475288  -24.2048         0
13         3   1.57735   2.59099  -1.01364   26.4031         0
14         5   1.57735   1.10206  0.475288  -25.3559         0
15         3   1.57735   2.59099  -1.01364   14.8161         0
16         5   1.57735   1.10206  0.475288  -34.4486         0
17         3   1.57735   2.59099  -1.01364   18.6422         0
18         5   1.57735   1.10206  0.475288  -41.7046         0
19         3   1.57735   2.59099  -1.01364   25.7078         0
20         5   1.57735   1.10206  0.475288  -25.1198         0
21         3   1.57735   2.59099  -1.01364   28.9239         0
22         5   1.57735   1.10206  0.475288  -39.0456         0
23         3   1.57735   2.59099  -1.01364   24.5191         0
24         5   1.57735   1.10206  0.475288   -28.759         0
25         3   1.57735   2.59099  -1.01364   31.1404         0
26         5   1.57735   1.10206  0.475288  -31.3145         0
27         3   1.57735   2.59099  -1.01364    30.316         0
28         5   1.57735   1.10206  0.475288  -47.4416         0
29         3   1.57735   2.59099  -1.01364   21.5071         0
30         5   1.57735   1.10206  0.475288  -32.2811         0
31         3   1.57735   2.59099  -1.01364   19.6182         0
32         5   1.57735   1.10206  0.475288  -37.9095         0
33         3   1.57735   2.59099  -1.01364   17.4879         0
34         5   1.57735   1.10206  0.475288  -32.5931         0
35         3   1.57735   2.59099  -1.01364   9.29539         0
36         5   1.57735   1.10206  0.475288  -27.6049         0
37         3   1.57735   2.59099  -1.01364   30.4833         0
38         5   1.57735   1.10206  0.475288  -33.6894         0
39         3   1.57735   2.59099  -1.01364   31.6383         0
40         5   1.57735   1.10206  0.475288  -31.4056         0
41         3   1.57735   2.59099  -1.01364   24.9426         0
42         5   1.57735   1.10206  0.475288  -20.5763         0
43         3   1.57735   2.59099  -1.01364   27.2387         0
44         5   1.57735   1.10206  0.475288  -20.6056         0
45         3   1.57735   2.59099  -1.01364    16.717         0
46         5   1.57735   1.10206  0.475288  -34.5956         0
47         3   1.57735   2.59099  -1.01364   18.5064         0
48         5   1.57735   1.10206  0.475288  -26.5673         0
49         3   1.57735   2.59099  -1.01364   37.2329         0
50         5   1.57735   1.10206  0.475288  -46.2753         0
51         3   1.57735   2.59099  -1.01364   26.5182         0
52         5   1.57735   1.10206  0.475288  -32.2571         0
53         3   1.57735   2.59099  -1.01364   27.4574         0
54         5   1.57735   1.10206  0.475288   -24.924         0
55         3   1.57735   2.59099  -1.01364      26.9         0
56         5   1.57735   1.10206  0.475288  -34.7829         0
57         3   1.57735   2.59099  -1.01364   36.4539         0
58         5   1.57735   1.10206  0.475288  -35.1597         0
59         3   1.57735   2.59099  -1.01364    21.557         0
60         5   1.57735   1.10206  0.475288  -24.8199         0
61         3   1.57735   2.59099  -1.01364    24.899         0
62         5   1.57735   1.10206  0.475288  -32.1286         0
63         3   1.57735   2.59099  -1.01364   30.5919         0
64         5   1.57735   1.10206  0.475288  -45.8705         0
65         3   1.57735   2.59099  -1.01364   26.4992         0
66         5   1.57735   1.10206  0.475288  -54.6345         0
67         3   1.57735   2.59099  -1.01364   24.5838         0
68         5   1.57735   1.10206  0.475288  -25.8859         0
69         3   1.57735   2.59099  -1.01364   17.7194         0
70         5   1.57735   1.10206  0.475288  -17.9764         0
71         3   1.57735   2.59099  -1.01364    27.617         0
72         5   1.57735   1.10206  0.475288  -33.0037         0
73         3   1.57735   2.59099  -1.01364   22.0603         0
74         5   1.57735   1.10206  0.475288  -24.9146         0
75         3   1.57735   2.59099  -1.01364   34.0513         0
76         5   1.57735   1.10206  0.475288  -27.3913         0
77         3   1.57735   2.59099  -1.01364   37.1379         0
78         5   1.57735   1.10206  0.475288  -25.1977         0
79         3   1.57735   2.59099  -1.01364   28.1977         0
80         5   1.57735   1.10206  0.475288  -14.8389         0
81         3   1.57735   2.59099  -1.01364   20.7863         0
82         5   1.57735   1.10206  0.475288  -52.8796         0
83         3   1.57735   2.59099  -1.01364   29.2022         0
84         5   1.57735   1.10206  0.475288  -46.1782         0
85         3   1.57735   2.59099  -1.01364   23.7648         0
86         5   1.57735   1.10206  0.475288  -33.8856         0
87         3   1.57735   2.59099  -1.01364   17.1021         0
88         5   1.57735   1.10206  0.475288  -39.7486         0
89         3   1.57735   2.59099  -1.01364   27.4692         0
90         5   1.57735   1.10206  0.475288  -50.0594         0
91         3   1.57735   2.59099  -1.01364   32.1633         0
92         5   1.57735   1.10206  0.475288  -25.8838         0
93         3   1.57735   2.59099  -1.01364   31.9779         0
94         5   1.57735   1.10206  0.475288  -33.9392         0
95         3   1.57735   2.59099  -1.01364   31.2498         0
96         5   1.57735   1.10206  0.475288  -8.23622         0
97         3   1.57735   2.59099  -1.01364   42.1494         0
98         5   1.57735   1.10206  0.475288    -31.13         0
99         3   1.57735   2.59099  -1.01364    20.481         0
100         5   1.57735   1.10206  0.475288  -55.8492         0
101         3   1.57735   2.59099  -1.01364   25.9789         0
102         5   1.57735   1.10206  0.475288  -50.8137         0
103         3   1.57735   2.59099  -1.01364   22.8393         0
104         5   1.57735   1.10206  0.475288  -34.2214         0
105         3   1.57735   2.59099  -1.01364   27.5692         0
106         5   1.57735   1.10206  0.475288  -54.5057         0
107         3   1.57735   2.59099  -1.01364   22.8783         0
108         5   1.57735   1.10206  0.475288  -33.8577         0
109         3   1.57735   2.59099  -1.01364   24.1278         0
110         5   1.57735   1.10206  0.475288   -40.245         0
111         3   1.57735   2.59099  -1.01364   35.7919         0
112         5   1.57735   1.10206  0.475288   -42.974         0
113         3   1.57735   2.59099  -1.01364   29.1843         0
114         5   1.57735   1.10206  0.475288  -27.7969         0
115         3   1.57735   2.59099  -1.01364   28.0949         0
116         5   1.57735   1.10206  0.475288   -24.526         0
117         3   1.57735   2.59099  -1.01364   39.5378         0
118         5   1.57735   1.10206  0.475288  -31.2685         0
119         3   1.57735   2.59099  -1.01364   19.8567         0
120         5   1.57735   1.10206  0.475288  -28.3224         0
121         3   1.57735   2.59099  -1.01364   20.0112         0
122         5   1.57735   1.10206  0.475288  -37.2775         0
123         3   1.57735   2.59099  -1.01364   41.3317         0
124         5   1.57735   1.10206  0.475288  -38.7117         0
125         3   1.57735   2.59099  -1.01364   31.1575         0
126         5   1.57735   1.10206  0.475288  -11.5919         0
127         3   1.57735   2.59099  -1.01364   25.4796         0
128         5   1.57735   1.10206  0.475288  -4.97161         1
129         3   1.57735   2.59099  -1.01364   30.5316         0
130         5   1.57735   1.10206  0.475288  -24.1309         0
131         3   1.57735   2.59099  -1.01364   13.5363         0
132         5   1.57735   1.10206  0.475288  -45.6082         0
133         3   1.57735   2.59099  -1.01364   28.2521         0
134         5   1.57735   1.10206  0.475288  -40.7294         0
135         3   1.57735   2.59099  -1.01364   30.2197         0
136         5   1.57735   1.10206  0.475288   -30.961         0
137         3   1.57735   2.59099  -1.01364   38.0023         0
138         5   1.57735   1.10206  0.475288  -31.5798         0
139         3   1.57735   2.59099  -1.01364   43.2932         0
140         5   1.57735   1.10206  0.475288  -29.0013         0
141         3   1.57735   2.59099  -1.01364   28.9978         0
142         5   1.57735   1.10206  0.475288  -47.6062         0
143         3   1.57735   2.59099  -1.01364   34.0881         0
144         5   1.57735   1.10206  0.475288  -47.8534         0
145         3   1.57735   2.59099  -1.01364   27.1316         0
146         5   1.57735   1.10206  0.475288  -46.5207         0
147         3   1.57735   2.59099  -1.01364   15.0939         0
148         5   1.57735   1.10206  0.475288  -23.0508         0
149         3   1.57735   2.59099  -1.01364   32.5378         0
150         5   1.57735   1.10206  0.475288  -35.6796         0
151         3   1.57735   2.59099  -1.01364   19.0639         0
152         5   1.57735   1.10206  0.475288  -43.2613         0
153         3   1.57735   2.59099  -1.01364   34.0332         0
154         5   1.57735   1.10206  0.475288  -28.4105         0
155         3   1.57735   2.59099  -1.01364   21.6117         0
156         5   1.57735   1.10206  0.475288  -39.1311         0
157         3   1.57735   2.59099  -1.01364   27.9865         0
158         5   1.57735   1.10206  0.475288  -46.4977         0
159         3   1.57735   2.59099  -1.01364   22.2371         0
160         5   1.57735   1.10206  0.475288  -18.9888         0
161         3   1.57735   2.59099  -1.01364   31.4046         0
162         5   1.57735   1.10206  0.475288  -44.7831         0
163         3   1.57735   2.59099  -1.01364   36.5919         0
164         5   1.57735   1.10206  0.475288  -11.1943         0
165         3   1.57735   2.59099  -1.01364   26.5875         0
166         5   1.57735   1.10206  0.475288  -32.5554         0
167         3   1.57735   2.59099  -1.01364   23.9685         0
168         5   1.57735   1.10206  0.475288  -36.5887         0
169         3   1.57735   2.59099  -1.01364   38.6094         0
170         5   1.57735   1.10206  0.475288  -14.2018         0
171         3   1.57735   2.59099  -1.01364    34.239         0
172         5   1.57735   1.10206  0.475288  -46.7407         0
173         3   1.57735   2.59099  -1.01364   31.1669         0
174         5   1.57735   1.10206  0.475288  -42.9732         0
175         3   1.57735   2.59099  -1.01364   29.3716         0
176         5   1.57735   1.10206  0.475288  -34.2389         0
177         3   1.57735   2.59099  -1.01364   32.5028         0
178         5   1.57735   1.10206  0.475288  -22.9029         0
179         3   1.57735   2.59099  -1.01364   34.2401         0
180         5   1.57735   1.10206  0.475288  -13.0267         0
181         3   1.57735   2.59099  -1.01364   17.6556         0
182         5   1.57735   1.10206  0.475288   -31.146         0
183         3   1.57735   2.59099  -1.01364   15.1879         0
184         5   1.57735   1.10206  0.475288  -46.7299         0
185         3   1.57735   2.59099  -1.01364   26.2166         0
186         5   1.57735   1.10206  0.475288   -24.798         0
187         3   1.57735   2.59099  -1.01364   39.8075         0
188         5   1.57735   1.10206  0.475288  -30.5998         0
189         3   1.57735   2.59099  -1.01364   21.4311         0
190         5   1.57735   1.10206  0.475288  -42.4784         0
191         3   1.57735   2.59099  -1.01364   36.6339         0
192         5   1.57735   1.10206  0.475288  -42.1367         0
193         3   1.57735   2.59099  -1.01364   17.4224         0
194         5   1.57735   1.10206  0.475288  -36.9554         0
195         3   1.57735   2.59099  -1.01364   23.7141         0
196         5   1.57735   1.10206  0.475288    -14.69         0
197         3   1.57735   2.59099  -1.01364   26.0545         0
198         5   1.57735   1.10206  0.475288  -30.1764         0
199         3   1.57735   2.59099  -1.01364    33.548         0
200         5   1.57735   1.10206  0.475288  -39.2621         0
201         3   1.57735   2.59099  -1.01364   18.7505         0
202         5   1.57735   1.10206  0.475288  -43.9085         0
203         3   1.57735   2.59099  -1.01364    30.123         0
204         5   1.57735   1.10206  0.475288  -29.2748         0
205         3   1.57735   2.59099  -1.01364   26.6665         0
206         5   1.57735   1.10206  0.475288  -39.9861         0
207         3   1.57735   2.59099  -1.01364   27.6589         0
208         5   1.57735   1.10206  0.475288  -21.4569         0
209         3   1.57735   2.59099  -1.01364   35.0301         0
210         5   1.57735   1.10206  0.475288  -23.0839         0
211         3   1.57735   2.59099  -1.01364   40.2432         0
212         5   1.57735   1.10206  0.475288  -33.2039         0
213         3   1.57735   2.59099  -1.01364   39.1303         0
214         5   1.57735   1.10206  0.475288  -35.2876         0
215         3   1.57735   2.59099  -1.01364   39.5042         0
216         5   1.57735   1.10206  0.475288  -34.8838         0
217         3   1.57735   2.59099  -1.01364   37.2126         0
218         5   1.57735   1.10206  0.475288  -42.7124         0
219         3   1.57735   2.59099  -1.01364   30.0336         0
220         5   1.57735   1.10206  0.475288  -39.6821         0
221         3   1.57735   2.59099  -1.01364   35.8495         0
222         5   1.57735   1.10206  0.475288  -45.0773         0
223         3   1.57735   2.59099  -1.01364   38.9293         0
224         5   1.57735   1.10206  0.475288  -33.1496         0
225         3   1.57735   2.59099  -1.01364   33.0875         0
226         5   1.57735   1.10206  0.475288  -30.1839         0
227         3   1.57735   2.59099  -1.01364   19.4373         0
228         5   1.57735   1.10206  0.475288  -29.7393         0
229         3   1.57735   2.59099  -1.01364   34.5532         0
230         5   1.57735   1.10206  0.475288  -20.0948         0
231         3   1.57735   2.59099  -1.01364   19.6382         0
232         5   1.57735   1.10206  0.475288  -43.3438         0
233         3   1.57735   2.59099  -1.01364   37.2948         0
234         5   1.57735   1.10206  0.475288  -63.3129         0
235         3   1.57735   2.59099  -1.01364   21.1704         0
236         5   1.57735   1.10206  0.475288  -62.2325         0
237         3   1.57735   2.59099  -1.01364   22.0901         0
238         5   1.57735   1.10206  0.475288  -17.0099         0
239         3   1.57735   2.59099  -1.01364   34.1899         0
240         5   1.57735   1.10206  0.475288  -44.6788         0
241         3   1.57735   2.59099  -1.01364   14.3677         0
242         5   1.57735   1.10206  0.475288  -35.6717         0
243         3   1.57735   2.59099  -1.01364   32.3307         0
244         5   1.57735   1.10206  0.475288  -28.9239         0
245         3   1.57735   2.59099  -1.01364   32.2424         0
246         5   1.57735   1.10206  0.475288  -29.9037         0
247         3   1.57735   2.59099  -1.01364   31.3621         0
248         5   1.57735   1.10206  0.475288  -40.0091         0
249         3   1.57735   2.59099  -1.01364   34.8396         0
250         5   1.57735   1.10206  0.475288  -26.3924         0
251         3   1.57735   2.59099  -1.01364   26.6607         0
252         5   1.57735   1.10206  0.475288  -25.4505         0
253         3   1.57735   2.59099  -1.01364   25.9953         0
254         5   1.57735   1.10206  0.475288  -43.8579         0
255         3   1.57735   2.59099  -1.01364   22.8168         0
256         5   1.57735   1.10206  0.475288  -48.9613         0
257         3   1.57735   2.59099  -1.01364   12.1914         0
258         5   1.57735   1.10206  0.475288  -40.7377         0
259         3   1.57735   2.59099  -1.01364   28.0053         0
260         5   1.57735   1.10206  0.475288  -50.0537         0
261         3   1.57735   2.59099  -1.01364   28.9219         0
262         5   1.57735   1.10206  0.475288  -61.1838         0
263         3   1.57735   2.59099  -1.01364   17.2844         0
264         5   1.57735   1.10206  0.475288  -51.2114         0
265         3   1.57735   2.59099  -1.01364   41.4484         0
266         5   1.57735   1.10206  0.475288  -23.9833         0
267         3   1.57735   2.59099  -1.01364   39.5935         0
268         5   1.57735   1.10206  0.475288  -21.4176         0
269         3   1.57735   2.59099  -1.01364   15.9195         0
270         5   1.57735   1.10206  0.475288  -34.8818         0
271         3   1.57735   2.59099  -1.01364    34.638         0
272         5   1.57735   1.10206  0.475288  -30.0382         0
273         3   1.57735   2.59099  -1.01364   27.0544         0
274         5   1.57735   1.10206  0.475288  -42.0968         0
275         3   1.57735   2.59099  -1.01364   31.9561         0
276         5   1.57735   1.10206  0.475288  -51.2814         0
277         3   1.57735   2.59099  -1.01364   7.47163         0
278         5   1.57735   1.10206  0.475288  -40.4496         0
279         3   1.57735   2.59099  -1.01364    25.475         0
280         5   1.57735   1.10206  0.475288  -36.8134         0
281         3   1.57735   2.59099  -1.01364   35.4453         0
282         5   1.57735   1.10206  0.475288  -63.0525         0
283         3   1.57735   2.59099  -1.01364   26.6198         0
284         5   1.57735   1.10206  0.475288  -50.3009         0
285         3   1.57735   2.59099  -1.01364   38.9528         0
286         5   1.57735   1.10206  0.475288  -37.3053         0
287         3   1.57735   2.59099  -1.01364   15.5814         0
288         5   1.57735   1.10206  0.475288  -44.5424         0
289         3   1.57735   2.59099  -1.01364   17.7764         0
290         5   1.57735   1.10206  0.475288  -45.7346         0
291         3   1.57735   2.59099  -1.01364   18.6201         0
292         5   1.57735   1.10206  0.475288  -42.7029         0
293         3   1.57735   2.59099  -1.01364   14.0658         0
294         5   1.57735   1.10206  0.475288  -33.3162         0
295         3   1.57735   2.59099  -1.01364   42.3381         0
296         5   1.57735   1.10206  0.475288  -23.3377         0
297         3   1.57735   2.59099  -1.01364   20.5725         0
298         5   1.57735   1.10206  0.475288   -25.588         0
299         3   1.57735   2.59099  -1.01364   21.4455         0
300         5   1.57735   1.10206  0.475288    -30.66         0
301         3   1.57735   2.59099  -1.01364   37.7409         0
302         5   1.57735   1.10206  0.475288  -31.1431         0
303         3   1.57735   2.59099  -1.01364   21.2959         0
304         5   1.57735   1.10206  0.475288  -36.6214         0
305         3   1.57735   2.59099  -1.01364   18.2118         0
306         5   1.57735   1.10206  0.475288  -40.0485         0
307         3   1.57735   2.59099  -1.01364    20.571         0
308         5   1.57735   1.10206  0.475288  -25.9628         0
309         3   1.57735   2.59099  -1.01364    12.606         0
310         5   1.57735   1.10206  0.475288  -8.24541         0
311         3   1.57735   2.59099  -1.01364   24.9346         0
312         5   1.57735   1.10206  0.475288  -41.0139         0
313         3   1.57735   2.59099  -1.01364   27.1934         0
314         5   1.57735   1.10206  0.475288  -29.1438         0
315         3   1.57735   2.59099  -1.01364   18.9443         0
316         5   1.57735   1.10206  0.475288  -29.5149         0
317         3   1.57735   2.59099  -1.01364    29.009         0
318         5   1.57735   1.10206  0.475288  -45.5339         0
319         3   1.57735   2.59099  -1.01364   31.1692         0
320         5   1.57735   1.10206  0.475288  -35.5424         0
321         3   1.57735   2.59099  -1.01364   32.8528         0
322         5   1.57735   1.10206  0.475288  -30.2599         0
323         3   1.57735   2.59099  -1.01364   23.2479         0
324         5   1.57735   1.10206  0.475288  -11.9253         0
325         3   1.57735   2.59099  -1.01364   25.1495         0
326         5   1.57735   1.10206  0.475288  -42.7992         0
327         3   1.57735   2.59099  -1.01364    26.944         0
328         5   1.57735   1.10206  0.475288  -30.5773         0
329         3   1.57735   2.59099  -1.01364   32.1263         0
330         5   1.57735   1.10206  0.475288  -22.3796         0
331         3   1.57735   2.59099  -1.01364    32.548         0
332         5   1.57735   1.10206  0.475288  -17.1298         0
333         3   1.57735   2.59099  -1.01364   36.5641         0
334         5   1.57735   1.10206  0.475288  -20.5923         0
335         3   1.57735   2.59099  -1.01364   39.6392         0
336         5   1.57735   1.10206  0.475288  -51.0352         0
337         3   1.57735   2.59099  -1.01364   38.8634         0
338         5   1.57735   1.10206  0.475288  -26.3947         0
339         3   1.57735   2.59099  -1.01364   55.7113         0
340         5   1.57735   1.10206  0.475288  -29.0133         0
341         3   1.57735   2.59099  -1.01364   42.7419         0
342         5   1.57735   1.10206  0.475288  -35.2834         0
343         3   1.57735   2.59099  -1.01364   48.9161         0
344         5   1.57735   1.10206  0.475288  -46.6407         0
345         3   1.57735   2.59099  -1.01364   23.5379         0
346         5   1.57735   1.10206  0.475288  -43.8374         0
347         3   1.57735   2.59099  -1.01364   26.6031         0
348         5   1.57735   1.10206  0.475288   -53.181         0
349         3   1.57735   2.59099  -1.01364   21.0117         0
350         5   1.57735   1.10206  0.475288  -25.2875         0
351         3   1.57735   2.59099  -1.01364   12.9684         0
352         5   1.57735   1.10206  0.475288  -42.1305         0
353         3   1.57735   2.59099  -1.01364   26.8879         0
354         5   1.57735   1.10206  0.475288  -17.6953         0
355         3   1.57735   2.59099  -1.01364   32.1265         0
356         5   1.57735   1.10206  0.475288  -25.3595         0
357         3   1.57735   2.59099  -1.01364   39.1054         0
358         5   1.57735   1.10206  0.475288  -39.3274         0
359         3   1.57735   2.59099  -1.01364   39.2089         0
360         5   1.57735   1.10206  0.475288  -32.2739         0
361         3   1.57735   2.59099  -1.01364   25.2405         0
362         5   1.57735   1.10206  0.475288  -43.5896         0
363         3   1.57735   2.59099  -1.01364   29.7721         0
364         5   1.57735   1.10206  0.475288  -43.1982         0
365         3   1.57735   2.59099  -1.01364   33.2672         0
366         5   1.57735   1.10206  0.475288  -44.9556         0
367         3   1.57735   2.59099  -1.01364   34.4929         0
368         5   1.57735   1.10206  0.475288  -48.1462         0
369         3   1.57735   2.59099  -1.01364   15.8241         0
370         5   1.57735   1.10206  0.475288  -24.4772         0
371         3   1.57735   2.59099  -1.01364   43.8728         0
372         5   1.57735   1.10206  0.475288  -24.4558         0
373         3   1.57735   2.59099  -1.01364   37.1557         0
374         5   1.57735   1.10206  0.475288  -47.1251         0
375         3   1.57735   2.59099  -1.01364   21.5584         0
376         5   1.57735   1.10206  0.475288  -23.7163         0
377         3   1.57735   2.59099  -1.01364   38.6729         0
378         5   1.57735   1.10206  0.475288  -43.3842         0
379         3   1.57735   2.59099  -1.01364   45.7901         0
380         5   1.57735   1.10206  0.475288  -23.5919         0
381         3   1.57735   2.59099  -1.01364   32.5227         0
382         5   1.57735   1.10206  0.475288  -36.2984         0
383         3   1.57735   2.59099  -1.01364   28.7633         0
384         5   1.57735   1.10206  0.475288  -49.4685         0
385         3   1.57735   2.59099  -1.01364   26.5097         0
386         5   1.57735   1.10206  0.475288  -26.6216         0
387         3   1.57735   2.59099  -1.01364   48.0763         0
388         5   1.57735   1.10206  0.475288  -39.1703         0
389         3   1.57735   2.59099  -1.01364   25.3652         0
390         5   1.57735   1.10206  0.475288  -48.2835         0
391         3   1.57735   2.59099  -1.01364   30.0735         0
392         5   1.57735   1.10206  0.475288   -40.883         0
393         3   1.57735   2.59099  -1.01364   28.9021         0
394         5   1.57735   1.10206  0.475288   -32.501         0
395         3   1.57735   2.59099  -1.01364   29.2535         0
396         5   1.57735   1.10206  0.475288  -34.0484         0
397         3   1.57735   2.59099  -1.01364   27.8164         0
398         5   1.57735   1.10206  0.475288  -23.6039         0
399         3   1.57735   2.59099  -1.01364   21.1876         0
400         5   1.57735   1.10206  0.475288  -58.6733         0
401         3   1.57735   2.59099  -1.01364   25.1263         0
402         5   1.57735   1.10206  0.475288   -30.792         0
403         3   1.57735   2.59099  -1.01364   32.5313         0
404         5   1.57735   1.10206  0.475288  -11.5972         0
405         3   1.57735   2.59099  -1.01364   33.0912         0
406         5   1.57735   1.10206  0.475288  -35.0052         0
407         3   1.57735   2.59099  -1.01364   25.1017         0
408         5   1.57735   1.10206  0.475288  -10.9506         0
409         3   1.57735   2.59099  -1.01364   41.8611         0
410         5   1.57735   1.10206  0.475288  -23.5456         0
411         3   1.57735   2.59099  -1.01364   26.0443         0
412         5   1.57735   1.10206  0.475288  -42.4233         0
413         3   1.57735   2.59099  -1.01364   29.1852         0
414         5   1.57735   1.10206  0.475288  -38.6039         0
415         3   1.57735   2.59099  -1.01364   25.8994         0
416         5   1.57735   1.10206  0.475288  -29.1844         0
417         3   1.57735   2.59099  -1.01364   43.3847         0
418         5   1.57735   1.10206  0.475288  -40.2316         0
419         3   1.57735   2.59099  -1.01364   27.0313         0
420         5   1.57735   1.10206  0.475288  -27.1893         0
421         3   1.57735   2.59099  -1.01364   28.0425         0
422         5   1.57735   1.10206  0.475288  -25.7516         0
423         3   1.57735   2.59099  -1.01364   30.3864         0
424         5   1.57735   1.10206  0.475288  -24.6721         0
425         3   1.57735   2.59099  -1.01364   30.4442         0
426         5   1.57735   1.10206  0.475288  -44.1323         0
427         3   1.57735   2.59099  -1.01364   19.3398         0
428         5   1.57735   1.10206  0.475288  -40.7654         0
429         3   1.57735   2.59099  -1.01364   28.6326         0
430         5   1.57735   1.10206  0.475288  -35.8168         0
431         3   1.57735   2.59099  -1.01364   23.3682         0
432         5   1.57735   1.10206  0.475288  -53.9013         0
433         3   1.57735   2.59099  -1.01364   36.0887         0
434         5   1.57735   1.10206  0.475288  -33.2568         0
435         3   1.57735   2.59099  -1.01364   34.4136         0
436         5   1.57735   1.10206  0.475288  -19.7627         0
437         3   1.57735   2.59099  -1.01364   28.4665         0
438         5   1.57735   1.10206  0.475288   -31.002         0
439         3   1.57735   2.59099  -1.01364   40.3376         0
440         5   1.57735   1.10206  0.475288  -26.5089         0
441         3   1.57735   2.59099  -1.01364   26.3206         0
442         5   1.57735   1.10206  0.475288  -42.9395         0
443         3   1.57735   2.59099  -1.01364   27.3373         0
444         5   1.57735   1.10206  0.475288  -36.5803         0
445         3   1.57735   2.59099  -1.01364   34.3053         0
446         5   1.57735   1.10206  0.475288  -34.3724         0
447         3   1.57735   2.59099  -1.01364   23.6199         0
448         5   1.57735   1.10206  0.475288    -10.08         0
449         3   1.57735   2.59099  -1.01364   21.4162         0
450         5   1.57735   1.10206  0.475288  -29.7568         0
451         3   1.57735   2.59099  -1.01364   22.2063         0
452         5   1.57735   1.10206  0.475288  -39.7462         0
453         3   1.57735   2.59099  -1.01364   37.0659         0
454         5   1.57735   1.10206  0.475288  -40.0943         0
455         3   1.57735   2.59099  -1.01364   18.3655         0
456         5   1.57735   1.10206  0.475288  -33.3785         0
457         3   1.57735   2.59099  -1.01364   28.5837         0
458         5   1.57735   1.10206  0.475288  -38.2651         0
459         3   1.57735   2.59099  -1.01364   34.3492         0
460         5   1.57735   1.10206  0.475288  -44.1189         0
461         3   1.57735   2.59099  -1.01364   35.8988         0
462         5   1.57735   1.10206  0.475288  -55.8731         0
463         3   1.57735   2.59099  -1.01364   19.8867         0
464         5   1.57735   1.10206  0.475288  -33.8346         0
465         3   1.57735   2.59099  -1.01364    35.502         0
466         5   1.57735   1.10206  0.475288  -42.2281         0
467         3   1.57735   2.59099  -1.01364   28.9756         0
468         5   1.57735   1.10206  0.475288  -12.6855         0
469         3   1.57735   2.59099  -1.01364   26.7511         0
470         5   1.57735   1.10206  0.475288  -42.7115         0
471         3   1.57735   2.59099  -1.01364   44.6539         0
472         5   1.57735   1.10206  0.475288  -19.0744         0
473         3   1.57735   2.59099  -1.01364   19.8008         0
474         5   1.57735   1.10206  0.475288  -49.9278         0
475         3   1.57735   2.59099  -1.01364   21.3175         0
476         5   1.57735   1.10206  0.475288  -29.2013         0
477         3   1.57735   2.59099  -1.01364   36.0986         0
478         5   1.57735   1.10206  0.475288  -30.7057         0
479         3   1.57735   2.59099  -1.01364    37.765         0
480         5   1.57735   1.10206  0.475288  -18.4078         0
481         3   1.57735   2.59099  -1.01364   34.4261         0
482         5   1.57735   1.10206  0.475288  -25.0976         0
483         3   1.57735   2.59099  -1.01364   32.7277         0
484         5   1.57735   1.10206  0.475288  -20.2474         0
485         3   1.57735   2.59099  -1.01364   31.4229         0
486         5   1.57735   1.10206  0.475288  -27.6986         0
487         3   1.57735   2.59099  -1.01364   45.6709         0
488         5   1.57735   1.10206  0.475288  -57.9759         0
489         3   1.57735   2.59099  -1.01364   30.1293         0
490         5   1.57735   1.10206  0.475288  -15.0156         0
491         3   1.57735   2.59099  -1.01364   27.3489         0
492         5   1.57735   1.10206  0.475288  -40.9114         0
493         3   1.57735   2.59099  -1.01364   16.5251         0
494         5   1.57735   1.10206  0.475288  -22.4561         0
495         3   1.57735   2.59099  -1.01364   17.4982         0
496         5   1.57735   1.10206  0.475288  -23.2839         0
497         3   1.57735   2.59099  -1.01364    33.553         0
498         5   1.57735   1.10206  0.475288  -48.1943         0
499         3   1.57735   2.59099  -1.01364   29.6034         0
500         5   1.57735   1.10206  0.475288  -48.1502         0
501         3   1.57735   2.59099  -1.01364   36.3781         0
502         5   1.57735   1.10206  0.475288  -29.6196         0
503         3   1.57735   2.59099  -1.01364   31.5836         0
504         5   1.57735   1.10206  0.475288  -28.4191         0
505         3   1.57735   2.59099  -1.01364   20.3395         0
506         5   1.57735   1.10206  0.475288  -17.7189         0
507         3   1.57735   2.59099  -1.01364   18.8786         0
508         5   1.57735   1.10206  0.475288  -30.9212         0
509         3   1.57735   2.59099  -1.01364   23.8571         0
510         5   1.57735   1.10206  0.475288  -38.9857         0
511         3   1.57735   2.59099  -1.01364   18.6896         0
512         5   1.57735   1.10206  0.475288  -45.2789         0
513         3   1.57735   2.59099  -1.01364   29.4118         0
514         5   1.57735   1.10206  0.475288  -26.5993         0
515         3   1.57735   2.59099  -1.01364   34.0562         0
516         5   1.57735   1.10206  0.475288  -23.7146         0
517         3   1.57735   2.59099  -1.01364   37.9504         0
518         5   1.57735   1.10206  0.475288   -45.407         0
519         3   1.57735   2.59099  -1.01364   9.43339         0
520         5   1.57735   1.10206  0.475288  -36.7842         0
521         3   1.57735   2.59099  -1.01364   15.7802         0
522         5   1.57735   1.10206  0.475288  -42.8586         0
523         3   1.57735   2.59099  -1.01364   26.3502         0
524         5   1.57735   1.10206  0.475288  -35.8082         0
525         3   1.57735   2.59099  -1.01364   22.0137         0
526         5   1.57735   1.10206  0.475288  -53.8937         0
527         3   1.57735   2.59099  -1.01364   27.6244         0
528         5   1.57735   1.10206  0.475288  -59.4897         0
529         3   1.57735   2.59099  -1.01364   36.7633         0
530         5   1.57735   1.10206  0.475288   -38.908         0
531         3   1.57735   2.59099  -1.01364   20.3313         0
532         5   1.57735   1.10206  0.475288  -35.9618         0
533         3   1.57735   2.59099  -1.01364   38.0659         0
534         5   1.57735   1.10206  0.475288  -32.4388         0
535         3   1.57735   2.59099  -1.01364   17.4133         0
536         5   1.57735   1.10206  0.475288  -38.8098         0
537         3   1.57735   2.59099  -1.01364   33.6113         0
538         5   1.57735   1.10206  0.475288  -24.6684         0
539         3   1.57735   2.59099  -1.01364   35.9305         0
540         5   1.57735   1.10206  0.475288  -47.9388         0
541         3   1.57735   2.59099  -1.01364   23.0381         0
542         5   1.57735   1.10206  0.475288  -31.6815         0
543         3   1.57735   2.59099  -1.01364   28.9421         0
544         5   1.57735   1.10206  0.475288  -31.7552         0
545         3   1.57735   2.59099  -1.01364   31.2371         0
546         5   1.57735   1.10206  0.475288  -51.1268         0
547         3   1.57735   2.59099  -1.01364   21.1182         0
548         5   1.57735   1.10206  0.475288  -21.0469         0
549         3   1.57735   2.59099  -1.01364   25.5453         0
550         5   1.57735   1.10206  0.475288  -26.2356         0
551         3   1.57735   2.59099  -1.01364   23.0427         0
552         5   1.57735   1.10206  0.475288  -9.03981         0
553         3   1.57735   2.59099  -1.01364   29.7768         0
554         5   1.57735   1.10206  0.475288  -47.7081         0
555         3   1.57735   2.59099  -1.01364   44.5001         0
556         5   1.57735   1.10206  0.475288  -23.6105         0
557         3   1.57735   2.59099  -1.01364   36.9402         0
558         5   1.57735   1.10206  0.475288  -41.7305         0
559         3   1.57735   2.59099  -1.01364   34.4195         0
560         5   1.57735   1.10206  0.475288  -38.1558         0
561         3   1.57735   2.59099  -1.01364   44.2829         0
562         5   1.57735   1.10206  0.475288  -30.4952         0
563         3   1.57735   2.59099  -1.01364   28.5416         0
564         5   1.57735   1.10206  0.475288  -38.3218         0
565         3   1.57735   2.59099  -1.01364   30.7093         0
566         5   1.57735   1.10206  0.475288  -32.4399         0
567         3   1.57735   2.59099  -1.01364   25.0106         0
568         5   1.57735   1.10206  0.475288  -14.9615         0
569         3   1.57735   2.59099  -1.01364     34.84         0
570         5   1.57735   1.10206  0.475288  -23.2969         0
571         3   1.57735   2.59099  -1.01364   42.2168         0
572         5   1.57735   1.10206  0.475288  -19.2499         0
573         3   1.57735   2.59099  -1.01364   33.3474         0
574         5   1.57735   1.10206  0.475288  -24.5474         0
575         3   1.57735   2.59099  -1.01364   21.0675         0
576         5   1.57735   1.10206  0.475288   -19.132         0
577         3   1.57735   2.59099  -1.01364     28.53         0
578         5   1.57735   1.10206  0.475288   -11.203         0
579         3   1.57735   2.59099  -1.01364   28.0452         0
580         5   1.57735   1.10206  0.475288  -30.8672         0
581         3   1.57735   2.59099  -1.01364   35.1785         0
582         5   1.57735   1.10206  0.475288  -39.5324         0
583         3   1.57735   2.59099  -1.01364   27.5685         0
584         5   1.57735   1.10206  0.475288  -31.2575         0
585         3   1.57735   2.59099  -1.01364   27.8497         0
586         5   1.57735   1.10206  0.475288   -27.038         0
587         3   1.57735   2.59099  -1.01364   21.4784         0
588         5   1.57735   1.10206  0.475288  -57.2015         0
589         3   1.57735   2.59099  -1.01364   15.5206         0
590         5   1.57735   1.10206  0.475288  -35.2175         0
591         3   1.57735   2.59099  -1.01364   23.5489         0
592         5   1.57735   1.10206  0.475288  -26.2645         0
593         3   1.57735   2.59099  -1.01364   36.8607         0
594         5   1.57735   1.10206  0.475288   -31.213         0
595         3   1.57735   2.59099  -1.01364   27.6575         0
596         5   1.57735   1.10206  0.475288   -28.233         0
597         3   1.57735   2.59099  -1.01364   14.2577         0
598         5   1.57735   1.10206  0.475288  -41.3058         0
599         3   1.57735   2.59099  -1.01364   19.4979         0
600         5   1.57735   1.10206  0.475288  -25.4291         0
601         3   1.57735   2.59099  -1.01364    24.633         0
602         5   1.57735   1.10206  0.475288  -47.1728         0
603         3   1.57735   2.59099  -1.01364   13.8496         0
604         5   1.57735   1.10206  0.475288  -38.2541         0
605         3   1.57735   2.59099  -1.01364   35.4341         0
606         5   1.57735   1.10206  0.475288  -13.5293         0
607         3   1.57735   2.59099  -1.01364   21.1318         0
608         5   1.57735   1.10206  0.475288  -41.5908         0
609         3   1.57735   2.59099  -1.01364   26.3369         0
610         5   1.57735   1.10206  0.475288  -14.1261         0
611         3   1.57735   2.59099  -1.01364   26.4655         0
612         5   1.57735   1.10206  0.475288  -14.5258         0
613         3   1.57735   2.59099  -1.01364   34.0974         0
614         5   1.57735   1.10206  0.475288  -23.8341         0
615         3   1.57735   2.59099  -1.01364   33.7844         0
616         5   1.57735   1.10206  0.475288  -40.8978         0
617         3   1.57735   2.59099  -1.01364   15.3567         0
618         5   1.57735   1.10206  0.475288  -48.2684         0
619         3   1.57735   2.59099  -1.01364   24.1022         0
620         5   1.57735   1.10206  0.475288  -37.2648         0
621         3   1.57735   2.59099  -1.01364   23.0408         0
622         5   1.57735   1.10206  0.475288  -32.3689         0
623         3   1.57735   2.59099  -1.01364   31.0472         0
624         5   1.57735   1.10206  0.475288  -19.7635         0
625         3   1.57735   2.59099  -1.01364   20.6547         0
626         5   1.57735   1.10206  0.475288  -23.4142         0
627         3   1.57735   2.59099  -1.01364    33.931         0
628         5   1.57735   1.10206  0.475288  -14.4757         0
629         3   1.57735   2.59099  -1.01364   31.8069         0
630         5   1.57735   1.10206  0.475288  -50.8711         0
631         3   1.57735   2.59099  -1.01364   31.0327         0
632         5   1.57735   1.10206  0.475288  -32.3815         0
633         3   1.57735   2.59099  -1.01364   23.5996         0
634         5   1.57735   1.10206  0.475288  -52.8309         0
635         3   1.57735   2.59099  -1.01364   11.6601         0
636         5   1.57735   1.10206  0.475288    -29.23         0
637         3   1.57735   2.59099  -1.01364   27.9383         0
638         5   1.57735   1.10206  0.475288  -30.2512         0
639         3   1.57735   2.59099  -1.01364   22.5955         0
640         5   1.57735   1.10206  0.475288  -30.5088         0
641         3   1.57735   2.59099  -1.01364   28.4462         0
642         5   1.57735   1.10206  0.475288   -38.565         0
643         3   1.57735   2.59099  -1.01364    23.599         0
644         5   1.57735   1.10206  0.475288  -21.2131         0
645         3   1.57735   2.59099  -1.01364    35.026         0
646         5   1.57735   1.10206  0.475288    -40.33         0
647         3   1.57735   2.59099  -1.01364   37.2727         0
648         5   1.57735   1.10206  0.475288  -34.8654         0
649         3   1.57735   2.59099  -1.01364   32.6811         0
650         5   1.57735   1.10206  0.475288  -46.6552         0
651         3   1.57735   2.59099  -1.01364   26.3783         0
652         5   1.57735   1.10206  0.475288  -27.8304         0
653         3   1.57735   2.59099  -1.01364   28.2316         0
654         5   1.57735   1.10206  0.475288  -31.5986         0
655         3   1.57735   2.59099  -1.01364   23.0774         0
656         5   1.57735   1.10206  0.475288  -20.6875         0
657         3   1.57735   2.59099  -1.01364   34.9073         0
658         5   1.57735   1.10206  0.475288  -20.3418         0
659         3   1.57735   2.59099  -1.01364   17.3324         0
660         5   1.57735   1.10206  0.475288  -21.2868         0
661         3   1.57735   2.59099  -1.01364    27.285         0
662         5   1.57735   1.10206  0.475288  -27.8343         0
663         3   1.57735   2.59099  -1.01364   27.8823         0
664         5   1.57735   1.10206  0.475288  -18.6108         0
665         3   1.57735   2.59099  -1.01364   26.3619         0
666         5   1.57735   1.10206  0.475288  -29.6602         0
667         3   1.57735   2.59099  -1.01364   22.8042         0
668         5   1.57735   1.10206  0.475288  -34.3186         0
669         3   1.57735   2.59099  -1.01364   31.5766         0
670         5   1.57735   1.10206  0.475288  -38.3074         0
671         3   1.57735   2.59099  -1.01364   32.8455         0
672         5   1.57735   1.10206  0.475288  -33.5695         0
673         3   1.57735   2.59099  -1.01364   24.4777         0
674         5   1.57735   1.10206  0.475288  -39.7708         0
675         3   1.57735   2.59099  -1.01364   30.7402         0
676         5   1.57735   1.10206  0.475288  -16.9688         0
677         3   1.57735   2.59099  -1.01364   26.4576         0
678         5   1.57735   1.10206  0.475288  -15.8336         0
679         3   1.57735   2.59099  -1.01364   31.1046         0
680         5   1.57735   1.10206  0.475288  -41.4059         0
681         3   1.57735   2.59099  -1.01364   41.0414         0
682         5   1.57735   1.10206  0.475288  -32.9495         0
683         3   1.57735   2.59099  -1.01364   32.0114         0
684         5   1.57735   1.10206  0.475288  -38.4717         0
685         3   1.57735   2.59099  -1.01364   37.0478         0
686         5   1.57735   1.10206  0.475288  -23.5427         0
687         3   1.57735   2.59099  -1.01364   47.8578         0
688         5   1.57735   1.10206  0.475288  -13.1011         0
689         3   1.57735   2.59099  -1.01364   27.5649         0
690         5   1.57735   1.10206  0.475288  -8.60114         0
691         3   1.57735   2.59099  -1.01364   26.8127         0
692         5   1.57735   1.10206  0.475288  -27.4102         0
693         3   1.57735   2.59099  -1.01364    23.746         0
694         5   1.57735   1.10206  0.475288   -36.573         0
695         3   1.57735   2.59099  -1.01364   33.4275         0
696         5   1.57735   1.10206  0.475288  -17.5274         0
697         3   1.57735   2.59099  -1.01364   8.51879         0
698         5   1.57735   1.10206  0.475288  -50.6261         0
699         3   1.57735   2.59099  -1.01364   18.1291         0
700         5   1.57735   1.10206  0.475288  -8.29179         0
701         3   1.57735   2.59099  -1.01364   20.4093         0
702         5   1.57735   1.10206  0.475288  -40.3814         0
703         3   1.57735   2.59099  -1.01364   14.2246         0
704         5   1.57735   1.10206  0.475288  -41.1146         0
705         3   1.57735   2.59099  -1.01364   24.9955         0
706         5   1.57735   1.10206  0.475288  -31.9637         0
707         3   1.57735   2.59099  -1.01364   22.1819         0
708         5   1.57735   1.10206  0.475288  -22.5685         0
709         3   1.57735   2.59099  -1.01364   30.1943         0
710         5   1.57735   1.10206  0.475288  -26.4543         0
711         3   1.57735   2.59099  -1.01364   19.6809         0
712         5   1.57735   1.10206  0.475288  -52.3317         0
713         3   1.57735   2.59099  -1.01364   33.4048         0
714         5   1.57735   1.10206  0.475288  -20.2785         0
715         3   1.57735   2.59099  -1.01364     33.65         0
716         5   1.57735   1.10206  0.475288  -17.3678         0
717         3   1.57735   2.59099  -1.01364   25.6967         0
718         5   1.57735   1.10206  0.475288  -42.4465         0
719         3   1.57735   2.59099  -1.01364   27.6738         0
720         5   1.57735   1.10206  0.475288  -54.8667         0
721         3   1.57735   2.59099  -1.01364   25.7697         0
722         5   1.57735   1.10206  0.475288   -25.602         0
723         3   1.57735   2.59099  -1.01364   38.8392         0
724         5   1.57735   1.10206  0.475288  -28.5194         0
725         3   1.57735   2.59099  -1.01364    28.783         0
726         5   1.57735   1.10206  0.475288   -36.487         0
727         3   1.57735   2.59099  -1.01364    38.372         0
728         5   1.57735   1.10206  0.475288  -23.9154         0
729         3   1.57735   2.59099  -1.01364   23.4908         0
730         5   1.57735   1.10206  0.475288  -37.2248         0
731         3   1.57735   2.59099  -1.01364   23.9769         0
732         5   1.57735   1.10206  0.475288  -35.7296         0
733         3   1.57735   2.59099  -1.01364   29.0492         0
734         5   1.57735   1.10206  0.475288  -30.4545         0
735         3   1.57735   2.59099  -1.01364   37.7873         0
736         5   1.57735   1.10206  0.475288  -26.2959         0
737         3   1.57735   2.59099  -1.01364   35.8637         0
738         5   1.57735   1.10206  0.475288  -34.2762         0
739         3   1.57735   2.59099  -1.01364   43.2887         0
740         5   1.57735   1.10206  0.475288  -36.6904         0
741         3   1.57735   2.59099  -1.01364   22.3904         0
742         5   1.57735   1.10206  0.475288  -21.2073         0
743         3   1.57735   2.59099  -1.01364   39.7685         0
744         5   1.57735   1.10206  0.475288  -32.2923         0
745         3   1.57735   2.59099  -1.01364   49.0253         0
746         5   1.57735   1.10206  0.475288  -67.8716         0
747         3   1.57735   2.59099  -1.01364   27.7203         0
748         5   1.57735   1.10206  0.475288  -15.3243         0
749         3   1.57735   2.59099  -1.01364   28.5495         0
750         5   1.57735   1.10206  0.475288  -22.1161         0
751         3   1.57735   2.59099  -1.01364   18.5757         0
752         5   1.57735   1.10206  0.475288  -42.4165         0
753         3   1.57735   2.59099  -1.01364   20.5091         0
754         5   1.57735   1.10206  0.475288  -62.4363         0
755         3   1.57735   2.59099  -1.01364   21.2898         0
756         5   1.57735   1.10206  0.475288  -41.0601         0
757         3   1.57735   2.59099  -1.01364   33.7433         0
758         5   1.57735   1.10206  0.475288  -36.0864         0
759         3   1.57735   2.59099  -1.01364    34.522         0
760         5   1.57735   1.10206  0.475288  -27.7925         0
761         3   1.57735   2.59099  -1.01364   30.5258         0
762         5   1.57735   1.10206  0.475288  -22.4035         0
763         3   1.57735   2.59099  -1.01364   42.0761         0
764         5   1.57735   1.10206  0.475288  -53.6197         0
765         3   1.57735   2.59099  -1.01364   23.1545         0
766         5   1.57735   1.10206  0.475288  -34.5294         0
767         3   1.57735   2.59099  -1.01364   24.8441         0
768         5   1.57735   1.10206  0.475288  -33.9389         0
769         3   1.57735   2.59099  -1.01364   9.89629         0
770         5   1.57735   1.10206  0.475288  -46.0818         0
771         3   1.57735   2.59099  -1.01364   23.5595         0
772         5   1.57735   1.10206  0.475288  -29.0209         0
773         3   1.57735   2.59099  -1.01364   9.06247         0
774         5   1.57735   1.10206  0.475288  -47.8595         0
775         3   1.57735   2.59099  -1.01364   23.1733         0
776         5   1.57735   1.10206  0.475288    -38.91         0
777         3   1.57735   2.59099  -1.01364   30.9036         0
778         5   1.57735   1.10206  0.475288  -43.5919         0
779         3   1.57735   2.59099  -1.01364   50.7864         0
780         5   1.57735   1.10206  0.475288  -27.6272         0
781         3   1.57735   2.59099  -1.01364   25.3919         0
782         5   1.57735   1.10206  0.475288  -26.0608         0
783         3   1.57735   2.59099  -1.01364   35.0648         0
784         5   1.57735   1.10206  0.475288  -13.8952         0
785         3   1.57735   2.59099  -1.01364   27.0018         0
786         5   1.57735   1.10206  0.475288  -34.3051         0
787         3   1.57735   2.59099  -1.01364   19.1274         0
788         5   1.57735   1.10206  0.475288  -36.7079         0
789         3   1.57735   2.59099  -1.01364   11.2989         0
790         5   1.57735   1.10206  0.475288  -41.3485         0
791         3   1.57735   2.59099  -1.01364   20.5176         0
792         5   1.57735   1.10206  0.475288   -40.562         0
793         3   1.57735   2.59099  -1.01364   20.0423         0
794         5   1.57735   1.10206  0.475288  -31.9953         0
795         3   1.57735   2.59099  -1.01364   27.2827         0
796         5   1.57735   1.10206  0.475288  -27.9603         0
797         3   1.57735   2.59099  -1.01364    23.103         0
798         5   1.57735   1.10206  0.475288  -48.3111         0
799         3   1.57735   2.59099  -1.01364    35.204         0
800         5   1.57735   1.10206  0.475288  -25.4882         0
801         3   1.57735   2.59099  -1.01364   42.5841         0
802         5   1.57735   1.10206  0.475288  -24.0087         0
803         3   1.57735   2.59099  -1.01364   34.4183         0
804         5   1.57735   1.10206  0.475288  -38.0498         0
805         3   1.57735   2.59099  -1.01364    32.052         0
806         5   1.57735   1.10206  0.475288   -16.425         0
807         3   1.57735   2.59099  -1.01364   37.3572         0
808         5   1.57735   1.10206  0.475288   -21.787         0
809         3   1.57735   2.59099  -1.01364   21.7279         0
810         5   1.57735   1.10206  0.475288  -33.9176         0
811         3   1.57735   2.59099  -1.01364   27.8683         0
812         5   1.57735   1.10206  0.475288  -34.4285         0
813         3   1.57735   2.59099  -1.01364   30.0404         0
814         5   1.57735   1.10206  0.475288  -24.2578         0
815         3   1.57735   2.59099  -1.01364   26.2946         0
816         5   1.57735   1.10206  0.475288  -22.0318         0
817         3   1.57735   2.59099  -1.01364   35.0689         0
818         5   1.57735   1.10206  0.475288  -44.3979         0
819         3   1.57735   2.59099  -1.01364   25.3377         0
820         5   1.57735   1.10206  0.475288  -56.0504         0
821         3   1.57735   2.59099  -1.01364    32.781         0
822         5   1.57735   1.10206  0.475288   -21.425         0
823         3   1.57735   2.59099  -1.01364   29.0832         0
824         5   1.57735   1.10206  0.475288  -46.7777         0
825         3   1.57735   2.59099  -1.01364   24.3976         0
826         5   1.57735   1.10206  0.475288  -22.2619         0
827         3   1.57735   2.59099  -1.01364   22.6775         0
828         5   1.57735   1.10206  0.475288  -33.9688         0
829         3   1.57735   2.59099  -1.01364   26.3778         0
830         5   1.57735   1.10206  0.475288  -55.2384         0
831         3   1.57735   2.59099  -1.01364    26.575         0
832         5   1.57735   1.10206  0.475288  -39.5716         0
833         3   1.57735   2.59099  -1.01364   21.2345         0
834         5   1.57735   1.10206  0.475288  -35.5431         0
835         3   1.57735   2.59099  -1.01364   28.8806         0
836         5   1.57735   1.10206  0.475288  -37.6517         0
837         3   1.57735   2.59099  -1.01364   27.3334         0
838         5   1.57735   1.10206  0.475288  -29.7095         0
839         3   1.57735   2.59099  -1.01364   25.9535         0
840         5   1.57735   1.10206  0.475288   -39.133         0
841         3   1.57735   2.59099  -1.01364   35.4704         0
842         5   1.57735   1.10206  0.475288   -22.445         0
843         3   1.57735   2.59099  -1.01364   48.3521         0
844         5   1.57735   1.10206  0.475288  -32.5447         0
845         3   1.57735   2.59099  -1.01364   20.2333         0
846         5   1.57735   1.10206  0.475288  -38.2686         0
847         3   1.57735   2.59099  -1.01364   25.4389         0
848         5   1.57735   1.10206  0.475288  -33.3444         0
849         3   1.57735   2.59099  -1.01364   27.0181         0
850         5   1.57735   1.10206  0.475288  -53.9825         0
851         3   1.57735   2.59099  -1.01364   22.4967         0
852         5   1.57735   1.10206  0.475288  -37.5441         0
853         3   1.57735   2.59099  -1.01364   22.9979         0
854         5   1.57735   1.10206  0.475288  -29.2785         0
855         3   1.57735   2.59099  -1.01364   30.9291         0
856         5   1.57735   1.10206  0.475288   -14.919         0
857         3   1.57735   2.59099  -1.01364   20.5927         0
858         5   1.57735   1.10206  0.475288   -21.175         0
859         3   1.57735   2.59099  -1.01364   34.6622         0
860         5   1.57735   1.10206  0.475288  -41.7328         0
861         3   1.57735   2.59099  -1.01364    26.637         0
862         5   1.57735   1.10206  0.475288  -53.1981         0
863         3   1.57735   2.59099  -1.01364   24.0776         0
864         5   1.57735   1.10206  0.475288  -32.1614         0
865         3   1.57735   2.59099  -1.01364   24.8882         0
866         5   1.57735   1.10206  0.475288  -38.2087         0
867         3   1.57735   2.59099  -1.01364   24.2759         0
868         5   1.57735   1.10206  0.475288  -27.4325         0
869         3   1.57735   2.59099  -1.01364   35.8146         0
870         5   1.57735   1.10206  0.475288  -24.4039         0
871         3   1.57735   2.59099  -1.01364   35.5994         0
872         5   1.57735   1.10206  0.475288  -32.1043         0
873         3   1.57735   2.59099  -1.01364   30.9844         0
874         5   1.57735   1.10206  0.475288  -48.6689         0
875         3   1.57735   2.59099  -1.01364   17.3556         0
876         5   1.57735   1.10206  0.475288  -51.2616         0
877         3   1.57735   2.59099  -1.01364    37.917         0
878         5   1.57735   1.10206  0.475288  -44.7485         0
879         3   1.57735   2.59099  -1.01364   22.9368         0
880         5   1.57735   1.10206  0.475288  -30.5566         0
881         3   1.57735   2.59099  -1.01364   30.9931         0
882         5   1.57735   1.10206  0.475288  -14.1454         0
883         3   1.57735   2.59099  -1.01364   33.0485         0
884         5   1.57735   1.10206  0.475288  -41.7636         0
885         3   1.57735   2.59099  -1.01364   23.0698         0
886         5   1.57735   1.10206  0.475288  -26.3419         0
887         3   1.57735   2.59099  -1.01364   32.5381         0
888         5   1.57735   1.10206  0.475288  -23.2514         0
889         3   1.57735   2.59099  -1.01364   16.6605         0
890         5   1.57735   1.10206  0.475288  -9.44454         0
891         3   1.57735   2.59099  -1.01364    30.132         0
892         5   1.57735   1.10206  0.475288  -25.8052         0
893         3   1.57735   2.59099  -1.01364   30.5309         0
894         5   1.57735   1.10206  0.475288  -35.3043         0
895         3   1.57735   2.59099  -1.01364   23.3259         0
896         5   1.57735   1.10206  0.475288  -54.7892         0
897         3   1.57735   2.59099  -1.01364   32.7318         0
898         5   1.57735   1.10206  0.475288  -43.4167         0
899         3   1.57735   2.59099  -1.01364   31.4403         0
900         5   1.57735   1.10206  0.475288  -39.5004         0
901         3   1.57735   2.59099  -1.01364    30.927         0
902         5   1.57735   1.10206  0.475288  -38.2905         0
903         3   1.57735   2.59099  -1.01364   14.4458         0
904         5   1.57735   1.10206  0.475288  -53.4812         0
905         3   1.57735   2.59099  -1.01364    19.216         0
906         5   1.57735   1.10206  0.475288  -11.7519         0
907         3   1.57735   2.59099  -1.01364   23.3132         0
908         5   1.57735   1.10206  0.475288  -26.2672         0
909         3   1.57735   2.59099  -1.01364   20.9108         0
910         5   1.57735   1.10206  0.475288   -31.639         0
911         3   1.57735   2.59099  -1.01364   18.9077         0
912         5   1.57735   1.10206  0.475288  -33.1424         0
913         3   1.57735   2.59099  -1.01364   42.7153         0
914         5   1.57735   1.10206  0.475288  -42.7199         0
915         3   1.57735   2.59099  -1.01364   18.5455         0
916         5   1.57735   1.10206  0.475288  -38.4036         0
917         3   1.57735   2.59099  -1.01364   36.7165         0
918         5   1.57735   1.10206  0.475288  -33.7404         0
919         3   1.57735   2.59099  -1.01364   29.5006         0
920         5   1.57735   1.10206  0.475288  -41.1157         0
921         3   1.57735   2.59099  -1.01364   35.9726         0
922         5   1.57735   1.10206  0.475288  -34.0319         0
923         3   1.57735   2.59099  -1.01364   28.4174         0
924         5   1.57735   1.10206  0.475288  -34.2129         0
925         3   1.57735   2.59099  -1.01364    10.777         0
926         5   1.57735   1.10206  0.475288  -34.7368         0
927         3   1.57735   2.59099  -1.01364   22.9228         0
928         5   1.57735   1.10206  0.475288  -37.6263         0
929         3   1.57735   2.59099  -1.01364   20.4942         0
930         5   1.57735   1.10206  0.475288  -24.0467         0
931         3   1.57735   2.59099  -1.01364   31.9695         0
932         5   1.57735   1.10206  0.475288  -40.5304         0
933         3   1.57735   2.59099  -1.01364   31.3984         0
934         5   1.57735   1.10206  0.475288   -31.922         0
935         3   1.57735   2.59099  -1.01364   17.0069         0
936         5   1.57735   1.10206  0.475288   -23.618         0
937         3   1.57735   2.59099  -1.01364   27.4709         0
938         5   1.57735   1.10206  0.475288  -16.9757         0
939         3   1.57735   2.59099  -1.01364   24.4258         0
940         5   1.57735   1.10206  0.475288  -34.4617         0
941         3   1.57735   2.59099  -1.01364   24.1455         0
942         5   1.57735   1.10206  0.475288   -51.334         0
943         3   1.57735   2.59099  -1.01364   41.3083         0
944         5   1.57735   1.10206  0.475288  -60.0453         0
945         3   1.57735   2.59099  -1.01364    11.669         0
946         5   1.57735   1.10206  0.475288  -46.1352         0
947         3   1.57735   2.59099  -1.01364   12.1519         0
948         5   1.57735   1.10206  0.475288  -39.7045         0
949         3   1.57735   2.59099  -1.01364   27.3455         0
950         5   1.57735   1.10206  0.475288  -12.6074         0
951         3   1.57735   2.59099  -1.01364   30.7784         0
952         5   1.57735   1.10206  0.475288  -27.8316         0
953         3   1.57735   2.59099  -1.01364   42.7389         0
954         5   1.57735   1.10206  0.475288  -41.9269         0
955         3   1.57735   2.59099  -1.01364   30.5077         0
956         5   1.57735   1.10206  0.475288  -32.5479         0
957         3   1.57735   2.59099  -1.01364   31.2761         0
958         5   1.57735   1.10206  0.475288  -28.6618         0
959         3   1.57735   2.59099  -1.01364   31.4428         0
960         5   1.57735   1.10206  0.475288  -24.5538         0
961         3   1.57735   2.59099  -1.01364   26.2883         0
962         5   1.57735   1.10206  0.475288  -34.0872         0
963         3   1.57735   2.59099  -1.01364   32.4158         0
964         5   1.57735   1.10206  0.475288  -20.2044         0
965         3   1.57735   2.59099  -1.01364   37.8058         0
966         5   1.57735   1.10206  0.475288  -38.6322         0
967         3   1.57735   2.59099  -1.01364   21.1416         0
968         5   1.57735   1.10206  0.475288  -15.3487         0
969         3   1.57735   2.59099  -1.01364   16.9952         0
970         5   1.57735   1.10206  0.475288  -18.7354         0
971         3   1.57735   2.59099  -1.01364   35.2657         0
972         5   1.57735   1.10206  0.475288   -17.718         0
973         3   1.57735   2.59099  -1.01364    47.507         0
974         5   1.57735   1.10206  0.475288  -50.5921         0
975         3   1.57735   2.59099  -1.01364   25.9967         0
976         5   1.57735   1.10206  0.475288  -12.9216         0
977         3   1.57735   2.59099  -1.01364   28.2719         0
978         5   1.57735   1.10206  0.475288  -31.3657         0
979         3   1.57735   2.59099  -1.01364     39.25         0
980         5   1.57735   1.10206  0.475288  -16.5926         0
981         3   1.57735   2.59099  -1.01364   36.6412         0
982         5   1.57735   1.10206  0.475288  -18.5714         0
983         3   1.57735   2.59099  -1.01364   34.8981         0
984         5   1.57735   1.10206  0.475288   -38.306         0
985         3   1.57735   2.59099  -1.01364   28.3776         0
986         5   1.57735   1.10206  0.475288  -28.5374         0
987         3   1.57735   2.59099  -1.01364   36.4709         0
988         5   1.57735   1.10206  0.475288  -45.3239         0
989         3   1.57735   2.59099  -1.01364   38.2268         0
990         5   1.57735   1.10206  0.475288  -27.4945         0
991         3   1.57735   2.59099  -1.01364   33.7887         0
992         5   1.57735   1.10206  0.475288  -34.6105         0
993         3   1.57735   2.59099  -1.01364    32.941         0
994         5   1.57735   1.10206  0.475288  -19.0577         0
995         3   1.57735   2.59099  -1.01364   28.7752         0
996         5   1.57735   1.10206  0.475288  -31.0991         0
997         3   1.57735   2.59099  -1.01364   39.3629         0
998         5   1.57735   1.10206  0.475288  -21.9616         0
999         3   1.57735   2.59099  -1.01364   31.6854         0
