#BLOCK   PARTNER   MY_BETA PART_BETA   DELTA_BDELTA_E  ACCEPTED
0         3   4.26599   2.59099     1.675   -18.962         0
1         1   4.26599   6.70544  -2.43946   -6.5017         1
2         3   4.26599   2.59099     1.675   3.99414         1
3         1   4.26599   6.70544  -2.43946  -10.4964         1
4         3   4.26599   2.59099     1.675   1.26704         1
5         1   4.26599   6.70544  -2.43946   6.46857         0
6         3   4.26599   2.59099     1.675   -15.885         0
7         1   4.26599   6.70544  -2.43946  -5.13863         1
8         3   4.26599   2.59099     1.675  -4.98146         0
9         1   4.26599   6.70544  -2.43946   11.9195         0
10         3   4.26599   2.59099     1.675   -4.9611         0
11         1   4.26599   6.70544  -2.43946   6.50358         0
12         3   4.26599   2.59099     1.675  -6.71532         0
13         1   4.26599   6.70544  -2.43946   4.40151         0
14         3   4.26599   2.59099     1.675   3.08856         1
15         1   4.26599   6.70544  -2.43946   4.04677         0
16         3   4.26599   2.59099     1.675  -14.2801         0
17         1   4.26599   6.70544  -2.43946   2.55094         0
18         3   4.26599   2.59099     1.675  -19.5298         0
19         1   4.26599   6.70544  -2.43946   0.51892         1
20         3   4.26599   2.59099     1.675  -6.88773         0
21         1   4.26599   6.70544  -2.43946   9.65948         0
22         3   4.26599   2.59099     1.675  -5.76211         0
23         1   4.26599   6.70544  -2.43946   11.0971         0
24         3   4.26599   2.59099     1.675  -2.68508         0
25         1   4.26599   6.70544  -2.43946   10.6972         0
26         3   4.26599   2.59099     1.675   5.00358         1
27         1   4.26599   6.70544  -2.43946   1.03103         0
28         3   4.26599   2.59099     1.675  -24.9975         0
29         1   4.26599   6.70544  -2.43946  -4.51629         1
30         3   4.26599   2.59099     1.675  -30.1545         0
31         1   4.26599   6.70544  -2.43946    4.0764         0
32         3   4.26599   2.59099     1.675  -20.0774         0
33         1   4.26599   6.70544  -2.43946   5.42696         0
34         3   4.26599   2.59099     1.675  -24.2879         0
35         1   4.26599   6.70544  -2.43946   6.04539         0
36         3   4.26599   2.59099     1.675  -20.9506         0
37         1   4.26599   6.70544  -2.43946   3.71445         0
38         3   4.26599   2.59099     1.675  -15.4583         0
39         1   4.26599   6.70544  -2.43946   11.2615         0
40         3   4.26599   2.59099     1.675  -16.3611         0
41         1   4.26599   6.70544  -2.43946   6.74441         0
42         3   4.26599   2.59099     1.675  -27.1048         0
43         1   4.26599   6.70544  -2.43946   7.27401         0
44         3   4.26599   2.59099     1.675  -17.0807         0
45         1   4.26599   6.70544  -2.43946   8.13337         0
46         3   4.26599   2.59099     1.675  -21.1193         0
47         1   4.26599   6.70544  -2.43946   10.0403         0
48         3   4.26599   2.59099     1.675  -13.4064         0
49         1   4.26599   6.70544  -2.43946   7.60101         0
50         3   4.26599   2.59099     1.675  -13.4468         0
51         1   4.26599   6.70544  -2.43946   5.38027         0
52         3   4.26599   2.59099     1.675  -17.3022         0
53         1   4.26599   6.70544  -2.43946   6.40433         0
54         3   4.26599   2.59099     1.675  -16.0062         0
55         1   4.26599   6.70544  -2.43946   6.27566         0
56         3   4.26599   2.59099     1.675  -20.9603         0
57         1   4.26599   6.70544  -2.43946   5.62461         0
58         3   4.26599   2.59099     1.675  -21.3032         0
59         1   4.26599   6.70544  -2.43946   8.11932         0
60         3   4.26599   2.59099     1.675  -10.7913         0
61         1   4.26599   6.70544  -2.43946   7.22432         0
62         3   4.26599   2.59099     1.675  -23.4735         0
63         1   4.26599   6.70544  -2.43946   6.41241         0
64         3   4.26599   2.59099     1.675  -19.1161         0
65         1   4.26599   6.70544  -2.43946   9.37602         0
66         3   4.26599   2.59099     1.675  -13.6185         0
67         1   4.26599   6.70544  -2.43946   7.93285         0
68         3   4.26599   2.59099     1.675  -17.7418         0
69         1   4.26599   6.70544  -2.43946   8.81309         0
70         3   4.26599   2.59099     1.675   -11.315         0
71         1   4.26599   6.70544  -2.43946   8.73101         0
72         3   4.26599   2.59099     1.675  -17.9588         0
73         1   4.26599   6.70544  -2.43946   10.2097         0
74         3   4.26599   2.59099     1.675  -18.9671         0
75         1   4.26599   6.70544  -2.43946   10.4357         0
76         3   4.26599   2.59099     1.675  -11.5771         0
77         1   4.26599   6.70544  -2.43946   14.2693         0
78         3   4.26599   2.59099     1.675  -2.69425         0
79         1   4.26599   6.70544  -2.43946   5.71332         0
80         3   4.26599   2.59099     1.675  -14.3908         0
81         1   4.26599   6.70544  -2.43946   8.14884         0
82         3   4.26599   2.59099     1.675  -14.5239         0
83         1   4.26599   6.70544  -2.43946   9.81723         0
84         3   4.26599   2.59099     1.675  -11.6786         0
85         1   4.26599   6.70544  -2.43946   12.1352         0
86         3   4.26599   2.59099     1.675  -14.7239         0
87         1   4.26599   6.70544  -2.43946   5.96913         0
88         3   4.26599   2.59099     1.675  -19.6228         0
89         1   4.26599   6.70544  -2.43946   7.81202         0
90         3   4.26599   2.59099     1.675  -7.34299         0
91         1   4.26599   6.70544  -2.43946   7.77459         0
92         3   4.26599   2.59099     1.675  -10.8551         0
93         1   4.26599   6.70544  -2.43946    5.5608         0
94         3   4.26599   2.59099     1.675   -18.417         0
95         1   4.26599   6.70544  -2.43946   8.59046         0
96         3   4.26599   2.59099     1.675  -10.3864         0
97         1   4.26599   6.70544  -2.43946   5.50035         0
98         3   4.26599   2.59099     1.675   -16.443         0
99         1   4.26599   6.70544  -2.43946      3.37         0
100         3   4.26599   2.59099     1.675  -20.7652         0
101         1   4.26599   6.70544  -2.43946   6.32633         0
102         3   4.26599   2.59099     1.675  -10.2349         0
103         1   4.26599   6.70544  -2.43946   4.37086         0
104         3   4.26599   2.59099     1.675  -15.4865         0
105         1   4.26599   6.70544  -2.43946   5.25729         0
106         3   4.26599   2.59099     1.675  -15.3243         0
107         1   4.26599   6.70544  -2.43946   5.02929         0
108         3   4.26599   2.59099     1.675  -20.5688         0
109         1   4.26599   6.70544  -2.43946   1.74185         0
110         3   4.26599   2.59099     1.675  -15.4392         0
111         1   4.26599   6.70544  -2.43946   4.73572         0
112         3   4.26599   2.59099     1.675  -15.6337         0
113         1   4.26599   6.70544  -2.43946   4.65773         0
114         3   4.26599   2.59099     1.675  -11.7731         0
115         1   4.26599   6.70544  -2.43946   6.99979         0
116         3   4.26599   2.59099     1.675  -4.38835         0
117         1   4.26599   6.70544  -2.43946   6.58714         0
118         3   4.26599   2.59099     1.675  -14.5485         0
119         1   4.26599   6.70544  -2.43946   4.20139         0
120         3   4.26599   2.59099     1.675  -13.7136         0
121         1   4.26599   6.70544  -2.43946   3.01131         0
122         3   4.26599   2.59099     1.675  -19.9688         0
123         1   4.26599   6.70544  -2.43946   4.91548         0
124         3   4.26599   2.59099     1.675  -11.4467         0
125         1   4.26599   6.70544  -2.43946   6.22004         0
126         3   4.26599   2.59099     1.675  -16.9524         0
127         1   4.26599   6.70544  -2.43946   1.89807         0
128         3   4.26599   2.59099     1.675  -14.0292         0
129         1   4.26599   6.70544  -2.43946   5.13226         0
130         3   4.26599   2.59099     1.675  -23.1554         0
131         1   4.26599   6.70544  -2.43946   6.28376         0
132         3   4.26599   2.59099     1.675  -17.7795         0
133         1   4.26599   6.70544  -2.43946    5.7935         0
134         3   4.26599   2.59099     1.675  -18.9614         0
135         1   4.26599   6.70544  -2.43946   2.90051         0
136         3   4.26599   2.59099     1.675  -21.4803         0
137         1   4.26599   6.70544  -2.43946   2.09347         0
138         3   4.26599   2.59099     1.675  -13.5265         0
139         1   4.26599   6.70544  -2.43946   3.79945         0
140         3   4.26599   2.59099     1.675  -20.5538         0
141         1   4.26599   6.70544  -2.43946   5.87816         0
142         3   4.26599   2.59099     1.675  -18.8129         0
143         1   4.26599   6.70544  -2.43946   2.72064         0
144         3   4.26599   2.59099     1.675  -13.3153         0
145         1   4.26599   6.70544  -2.43946   3.80958         0
146         3   4.26599   2.59099     1.675  -23.0332         0
147         1   4.26599   6.70544  -2.43946   3.60329         0
148         3   4.26599   2.59099     1.675  -11.4531         0
149         1   4.26599   6.70544  -2.43946   5.19144         0
150         3   4.26599   2.59099     1.675   -11.796         0
151         1   4.26599   6.70544  -2.43946   5.93589         0
152         3   4.26599   2.59099     1.675   -16.432         0
153         1   4.26599   6.70544  -2.43946   6.98269         0
154         3   4.26599   2.59099     1.675  -9.57638         0
155         1   4.26599   6.70544  -2.43946   4.02093         0
156         3   4.26599   2.59099     1.675  -19.3093         0
157         1   4.26599   6.70544  -2.43946 -0.401167         1
158         3   4.26599   2.59099     1.675  -11.4522         0
159         1   4.26599   6.70544  -2.43946    5.5673         0
160         3   4.26599   2.59099     1.675  -17.5191         0
161         1   4.26599   6.70544  -2.43946   7.91443         0
162         3   4.26599   2.59099     1.675  -15.8974         0
163         1   4.26599   6.70544  -2.43946   9.36778         0
164         3   4.26599   2.59099     1.675   -7.2178         0
165         1   4.26599   6.70544  -2.43946   9.52735         0
166         3   4.26599   2.59099     1.675  -15.7986         0
167         1   4.26599   6.70544  -2.43946   1.98855         0
168         3   4.26599   2.59099     1.675  -13.1556         0
169         1   4.26599   6.70544  -2.43946   5.76693         0
170         3   4.26599   2.59099     1.675  -11.3798         0
171         1   4.26599   6.70544  -2.43946   9.71197         0
172         3   4.26599   2.59099     1.675  -12.2707         0
173         1   4.26599   6.70544  -2.43946   3.38303         0
174         3   4.26599   2.59099     1.675  -13.7555         0
175         1   4.26599   6.70544  -2.43946   2.92935         0
176         3   4.26599   2.59099     1.675  -10.1567         0
177         1   4.26599   6.70544  -2.43946     7.493         0
178         3   4.26599   2.59099     1.675  -10.1005         0
179         1   4.26599   6.70544  -2.43946   8.20646         0
180         3   4.26599   2.59099     1.675  -10.9638         0
181         1   4.26599   6.70544  -2.43946   8.55076         0
182         3   4.26599   2.59099     1.675  -12.7279         0
183         1   4.26599   6.70544  -2.43946   6.04363         0
184         3   4.26599   2.59099     1.675  -23.5319         0
185         1   4.26599   6.70544  -2.43946   12.5342         0
186         3   4.26599   2.59099     1.675  -10.1471         0
187         1   4.26599   6.70544  -2.43946   11.2052         0
188         3   4.26599   2.59099     1.675  -6.68481         0
189         1   4.26599   6.70544  -2.43946   8.54774         0
190         3   4.26599   2.59099     1.675  -10.3069         0
191         1   4.26599   6.70544  -2.43946   14.1216         0
192         3   4.26599   2.59099     1.675   -8.0813         0
193         1   4.26599   6.70544  -2.43946   11.0295         0
194         3   4.26599   2.59099     1.675  -14.0258         0
195         1   4.26599   6.70544  -2.43946   12.2996         0
196         3   4.26599   2.59099     1.675  -15.9865         0
197         1   4.26599   6.70544  -2.43946   7.97515         0
198         3   4.26599   2.59099     1.675   -21.102         0
199         1   4.26599   6.70544  -2.43946   3.28999         0
200         3   4.26599   2.59099     1.675  -26.5929         0
201         1   4.26599   6.70544  -2.43946   7.68155         0
202         3   4.26599   2.59099     1.675  -27.0255         0
203         1   4.26599   6.70544  -2.43946   9.53017         0
204         3   4.26599   2.59099     1.675   -4.4209         0
205         1   4.26599   6.70544  -2.43946   8.77844         0
206         3   4.26599   2.59099     1.675  -21.8423         0
207         1   4.26599   6.70544  -2.43946    6.2961         0
208         3   4.26599   2.59099     1.675   -7.8439         0
209         1   4.26599   6.70544  -2.43946   5.24599         0
210         3   4.26599   2.59099     1.675  -13.0293         0
211         1   4.26599   6.70544  -2.43946   6.44244         0
212         3   4.26599   2.59099     1.675  -12.4086         0
213         1   4.26599   6.70544  -2.43946   10.1563         0
214         3   4.26599   2.59099     1.675  -9.53859         0
215         1   4.26599   6.70544  -2.43946   7.49887         0
216         3   4.26599   2.59099     1.675  -14.1841         0
217         1   4.26599   6.70544  -2.43946   10.7424         0
218         3   4.26599   2.59099     1.675  -13.2991         0
219         1   4.26599   6.70544  -2.43946   8.00785         0
220         3   4.26599   2.59099     1.675  -6.40774         0
221         1   4.26599   6.70544  -2.43946   6.69795         0
222         3   4.26599   2.59099     1.675  -12.7408         0
223         1   4.26599   6.70544  -2.43946   8.49394         0
224         3   4.26599   2.59099     1.675  -10.2734         0
225         1   4.26599   6.70544  -2.43946   8.04068         0
226         3   4.26599   2.59099     1.675  -14.1466         0
227         1   4.26599   6.70544  -2.43946   7.42021         0
228         3   4.26599   2.59099     1.675   -17.764         0
229         1   4.26599   6.70544  -2.43946   10.4649         0
230         3   4.26599   2.59099     1.675  -15.8909         0
231         1   4.26599   6.70544  -2.43946   7.63942         0
232         3   4.26599   2.59099     1.675  -20.8893         0
233         1   4.26599   6.70544  -2.43946   8.16063         0
234         3   4.26599   2.59099     1.675  -12.9489         0
235         1   4.26599   6.70544  -2.43946    3.4329         0
236         3   4.26599   2.59099     1.675  -15.3042         0
237         1   4.26599   6.70544  -2.43946   7.65992         0
238         3   4.26599   2.59099     1.675    -12.98         0
239         1   4.26599   6.70544  -2.43946   8.04374         0
240         3   4.26599   2.59099     1.675  -9.91271         0
241         1   4.26599   6.70544  -2.43946   7.08419         0
242         3   4.26599   2.59099     1.675  -11.6785         0
243         1   4.26599   6.70544  -2.43946   4.95448         0
244         3   4.26599   2.59099     1.675   -15.837         0
245         1   4.26599   6.70544  -2.43946   6.28621         0
246         3   4.26599   2.59099     1.675    -10.31         0
247         1   4.26599   6.70544  -2.43946   6.17657         0
248         3   4.26599   2.59099     1.675  -17.0692         0
249         1   4.26599   6.70544  -2.43946   4.32215         0
250         3   4.26599   2.59099     1.675  -14.8481         0
251         1   4.26599   6.70544  -2.43946   5.28384         0
252         3   4.26599   2.59099     1.675  -15.4899         0
253         1   4.26599   6.70544  -2.43946   3.29397         0
254         3   4.26599   2.59099     1.675   -22.609         0
255         1   4.26599   6.70544  -2.43946      9.55         0
256         3   4.26599   2.59099     1.675  -17.1806         0
257         1   4.26599   6.70544  -2.43946   1.51804         0
258         3   4.26599   2.59099     1.675  -18.5266         0
259         1   4.26599   6.70544  -2.43946   7.11132         0
260         3   4.26599   2.59099     1.675   -24.729         0
261         1   4.26599   6.70544  -2.43946   3.85721         0
262         3   4.26599   2.59099     1.675   -13.021         0
263         1   4.26599   6.70544  -2.43946   7.21143         0
264         3   4.26599   2.59099     1.675  -10.6201         0
265         1   4.26599   6.70544  -2.43946   6.63213         0
266         3   4.26599   2.59099     1.675  -10.1117         0
267         1   4.26599   6.70544  -2.43946   6.99523         0
268         3   4.26599   2.59099     1.675  -15.6964         0
269         1   4.26599   6.70544  -2.43946   2.99821         0
270         3   4.26599   2.59099     1.675  -6.83957         0
271         1   4.26599   6.70544  -2.43946   6.41567         0
272         3   4.26599   2.59099     1.675    -11.39         0
273         1   4.26599   6.70544  -2.43946   9.49588         0
274         3   4.26599   2.59099     1.675  -14.1658         0
275         1   4.26599   6.70544  -2.43946    6.0588         0
276         3   4.26599   2.59099     1.675  -9.53652         0
277         1   4.26599   6.70544  -2.43946   5.83281         0
278         3   4.26599   2.59099     1.675  -10.5281         0
279         1   4.26599   6.70544  -2.43946   6.79981         0
280         3   4.26599   2.59099     1.675  -19.4466         0
281         1   4.26599   6.70544  -2.43946   7.80374         0
282         3   4.26599   2.59099     1.675  -10.8012         0
283         1   4.26599   6.70544  -2.43946   12.1981         0
284         3   4.26599   2.59099     1.675  -13.1773         0
285         1   4.26599   6.70544  -2.43946   4.86083         0
286         3   4.26599   2.59099     1.675  -17.8051         0
287         1   4.26599   6.70544  -2.43946   9.33986         0
288         3   4.26599   2.59099     1.675  -5.38236         0
289         1   4.26599   6.70544  -2.43946   5.37657         0
290         3   4.26599   2.59099     1.675  -18.2038         0
291         1   4.26599   6.70544  -2.43946   3.82977         0
292         3   4.26599   2.59099     1.675  -25.0885         0
293         1   4.26599   6.70544  -2.43946   3.05575         0
294         3   4.26599   2.59099     1.675  -15.8707         0
295         1   4.26599   6.70544  -2.43946   7.20881         0
296         3   4.26599   2.59099     1.675  -15.4538         0
297         1   4.26599   6.70544  -2.43946   3.70996         0
298         3   4.26599   2.59099     1.675  -13.4285         0
299         1   4.26599   6.70544  -2.43946   6.81501         0
300         3   4.26599   2.59099     1.675  -12.5922         0
301         1   4.26599   6.70544  -2.43946   7.61597         0
302         3   4.26599   2.59099     1.675  -6.08724         0
303         1   4.26599   6.70544  -2.43946   3.20952         0
304         3   4.26599   2.59099     1.675  -8.91068         0
305         1   4.26599   6.70544  -2.43946   9.22838         0
306         3   4.26599   2.59099     1.675  -1.71946         0
307         1   4.26599   6.70544  -2.43946   4.41082         0
308         3   4.26599   2.59099     1.675  -16.3636         0
309         1   4.26599   6.70544  -2.43946   8.44013         0
310         3   4.26599   2.59099     1.675  -9.02632         0
311         1   4.26599   6.70544  -2.43946   7.74615         0
312         3   4.26599   2.59099     1.675  -15.1248         0
313         1   4.26599   6.70544  -2.43946   9.79275         0
314         3   4.26599   2.59099     1.675  -5.76939         0
315         1   4.26599   6.70544  -2.43946   9.44828         0
316         3   4.26599   2.59099     1.675  -6.99465         0
317         1   4.26599   6.70544  -2.43946   6.62647         0
318         3   4.26599   2.59099     1.675  -6.77192         0
319         1   4.26599   6.70544  -2.43946   3.46355         0
320         3   4.26599   2.59099     1.675  -6.76699         0
321         1   4.26599   6.70544  -2.43946   2.75269         0
322         3   4.26599   2.59099     1.675  -22.1238         0
323         1   4.26599   6.70544  -2.43946   6.60241         0
324         3   4.26599   2.59099     1.675  -9.88452         0
325         1   4.26599   6.70544  -2.43946   7.47997         0
326         3   4.26599   2.59099     1.675  -10.9617         0
327         1   4.26599   6.70544  -2.43946   7.88967         0
328         3   4.26599   2.59099     1.675  -9.99813         0
329         1   4.26599   6.70544  -2.43946   5.81845         0
330         3   4.26599   2.59099     1.675  -9.51351         0
331         1   4.26599   6.70544  -2.43946  -1.27073         1
332         3   4.26599   2.59099     1.675  -12.5909         0
333         1   4.26599   6.70544  -2.43946   9.00613         0
334         3   4.26599   2.59099     1.675  -6.05699         0
335         1   4.26599   6.70544  -2.43946   7.51281         0
336         3   4.26599   2.59099     1.675  -9.11475         0
337         1   4.26599   6.70544  -2.43946   4.09133         0
338         3   4.26599   2.59099     1.675   -13.318         0
339         1   4.26599   6.70544  -2.43946   3.48396         0
340         3   4.26599   2.59099     1.675  -6.85291         0
341         1   4.26599   6.70544  -2.43946    4.5566         0
342         3   4.26599   2.59099     1.675  -7.04769         0
343         1   4.26599   6.70544  -2.43946   4.93546         0
344         3   4.26599   2.59099     1.675  -15.7824         0
345         1   4.26599   6.70544  -2.43946   4.54982         0
346         3   4.26599   2.59099     1.675  -6.45243         0
347         1   4.26599   6.70544  -2.43946   12.7102         0
348         3   4.26599   2.59099     1.675  -5.44778         0
349         1   4.26599   6.70544  -2.43946   3.85505         0
350         3   4.26599   2.59099     1.675  -15.5272         0
351         1   4.26599   6.70544  -2.43946   6.26424         0
352         3   4.26599   2.59099     1.675  -9.01826         0
353         1   4.26599   6.70544  -2.43946   8.40592         0
354         3   4.26599   2.59099     1.675  -10.3704         0
355         1   4.26599   6.70544  -2.43946   5.62867         0
356         3   4.26599   2.59099     1.675   -8.6908         0
357         1   4.26599   6.70544  -2.43946   5.91037         0
358         3   4.26599   2.59099     1.675  -9.64747         0
359         1   4.26599   6.70544  -2.43946    6.9378         0
360         3   4.26599   2.59099     1.675  -4.35435         0
361         1   4.26599   6.70544  -2.43946   8.22075         0
362         3   4.26599   2.59099     1.675  -17.9444         0
363         1   4.26599   6.70544  -2.43946   6.46814         0
364         3   4.26599   2.59099     1.675  -8.67769         0
365         1   4.26599   6.70544  -2.43946   11.7347         0
366         3   4.26599   2.59099     1.675  -9.15189         0
367         1   4.26599   6.70544  -2.43946   11.5545         0
368         3   4.26599   2.59099     1.675  -14.1898         0
369         1   4.26599   6.70544  -2.43946   12.1337         0
370         3   4.26599   2.59099     1.675  -7.81745         0
371         1   4.26599   6.70544  -2.43946   13.3781         0
372         3   4.26599   2.59099     1.675  -8.10933         0
373         1   4.26599   6.70544  -2.43946   11.1875         0
374         3   4.26599   2.59099     1.675  -6.81258         0
375         1   4.26599   6.70544  -2.43946   10.3287         0
376         3   4.26599   2.59099     1.675  -11.0478         0
377         1   4.26599   6.70544  -2.43946   9.95578         0
378         3   4.26599   2.59099     1.675  -7.05914         0
379         1   4.26599   6.70544  -2.43946   10.4111         0
380         3   4.26599   2.59099     1.675  -8.61804         0
381         1   4.26599   6.70544  -2.43946   9.08595         0
382         3   4.26599   2.59099     1.675  -9.28255         0
383         1   4.26599   6.70544  -2.43946    8.8058         0
384         3   4.26599   2.59099     1.675  -8.86167         0
385         1   4.26599   6.70544  -2.43946   12.2496         0
386         3   4.26599   2.59099     1.675  -1.07894         0
387         1   4.26599   6.70544  -2.43946   18.7418         0
388         3   4.26599   2.59099     1.675  -17.0567         0
389         1   4.26599   6.70544  -2.43946   9.57368         0
390         3   4.26599   2.59099     1.675  -14.2826         0
391         1   4.26599   6.70544  -2.43946   7.07872         0
392         3   4.26599   2.59099     1.675  -11.6087         0
393         1   4.26599   6.70544  -2.43946   12.4808         0
394         3   4.26599   2.59099     1.675  -7.12012         0
395         1   4.26599   6.70544  -2.43946   11.8379         0
396         3   4.26599   2.59099     1.675  -9.20146         0
397         1   4.26599   6.70544  -2.43946   7.11461         0
398         3   4.26599   2.59099     1.675  -13.0847         0
399         1   4.26599   6.70544  -2.43946   7.86814         0
400         3   4.26599   2.59099     1.675  -19.8388         0
401         1   4.26599   6.70544  -2.43946   12.8162         0
402         3   4.26599   2.59099     1.675  -19.5907         0
403         1   4.26599   6.70544  -2.43946   5.53018         0
404         3   4.26599   2.59099     1.675  -18.4282         0
405         1   4.26599   6.70544  -2.43946   7.52751         0
406         3   4.26599   2.59099     1.675  -19.3966         0
407         1   4.26599   6.70544  -2.43946   11.9229         0
408         3   4.26599   2.59099     1.675  -18.7799         0
409         1   4.26599   6.70544  -2.43946   10.2623         0
410         3   4.26599   2.59099     1.675  -13.9539         0
411         1   4.26599   6.70544  -2.43946   7.71034         0
412         3   4.26599   2.59099     1.675  -7.91668         0
413         1   4.26599   6.70544  -2.43946     8.954         0
414         3   4.26599   2.59099     1.675  -18.2008         0
415         1   4.26599   6.70544  -2.43946   8.97487         0
416         3   4.26599   2.59099     1.675  -15.0649         0
417         1   4.26599   6.70544  -2.43946   11.6107         0
418         3   4.26599   2.59099     1.675  -17.5198         0
419         1   4.26599   6.70544  -2.43946   12.8901         0
420         3   4.26599   2.59099     1.675  -15.1697         0
421         1   4.26599   6.70544  -2.43946   13.4397         0
422         3   4.26599   2.59099     1.675  -17.7684         0
423         1   4.26599   6.70544  -2.43946    13.315         0
424         3   4.26599   2.59099     1.675  -20.7916         0
425         1   4.26599   6.70544  -2.43946   11.1977         0
426         3   4.26599   2.59099     1.675  -11.8468         0
427         1   4.26599   6.70544  -2.43946   10.5033         0
428         3   4.26599   2.59099     1.675  -9.02819         0
429         1   4.26599   6.70544  -2.43946   14.9245         0
430         3   4.26599   2.59099     1.675  -15.7792         0
431         1   4.26599   6.70544  -2.43946   12.3819         0
432         3   4.26599   2.59099     1.675  -9.43915         0
433         1   4.26599   6.70544  -2.43946   13.8034         0
434         3   4.26599   2.59099     1.675  -10.2412         0
435         1   4.26599   6.70544  -2.43946   15.1964         0
436         3   4.26599   2.59099     1.675  -9.91558         0
437         1   4.26599   6.70544  -2.43946   15.4305         0
438         3   4.26599   2.59099     1.675  -8.06568         0
439         1   4.26599   6.70544  -2.43946   7.88373         0
440         3   4.26599   2.59099     1.675  -13.5188         0
441         1   4.26599   6.70544  -2.43946   10.0841         0
442         3   4.26599   2.59099     1.675  -14.5094         0
443         1   4.26599   6.70544  -2.43946   9.82059         0
444         3   4.26599   2.59099     1.675  -14.3882         0
445         1   4.26599   6.70544  -2.43946   9.96211         0
446         3   4.26599   2.59099     1.675  -15.8416         0
447         1   4.26599   6.70544  -2.43946   13.6228         0
448         3   4.26599   2.59099     1.675  -13.2727         0
449         1   4.26599   6.70544  -2.43946   16.1781         0
450         3   4.26599   2.59099     1.675  -16.3967         0
451         1   4.26599   6.70544  -2.43946   12.9747         0
452         3   4.26599   2.59099     1.675  -11.4917         0
453         1   4.26599   6.70544  -2.43946   15.1901         0
454         3   4.26599   2.59099     1.675  -10.9027         0
455         1   4.26599   6.70544  -2.43946   11.5903         0
456         3   4.26599   2.59099     1.675  -16.6418         0
457         1   4.26599   6.70544  -2.43946   6.80108         0
458         3   4.26599   2.59099     1.675  -12.9362         0
459         1   4.26599   6.70544  -2.43946   8.58131         0
460         3   4.26599   2.59099     1.675  -15.6296         0
461         1   4.26599   6.70544  -2.43946   7.75647         0
462         3   4.26599   2.59099     1.675  -22.1947         0
463         1   4.26599   6.70544  -2.43946   9.39564         0
464         3   4.26599   2.59099     1.675  -20.5606         0
465         1   4.26599   6.70544  -2.43946   5.25919         0
466         3   4.26599   2.59099     1.675  -18.8314         0
467         1   4.26599   6.70544  -2.43946   11.8695         0
468         3   4.26599   2.59099     1.675  -19.3338         0
469         1   4.26599   6.70544  -2.43946   9.75076         0
470         3   4.26599   2.59099     1.675  -16.1834         0
471         1   4.26599   6.70544  -2.43946    8.6646         0
472         3   4.26599   2.59099     1.675  -25.8844         0
473         1   4.26599   6.70544  -2.43946   7.19013         0
474         3   4.26599   2.59099     1.675  -18.3812         0
475         1   4.26599   6.70544  -2.43946   7.96675         0
476         3   4.26599   2.59099     1.675  -19.9679         0
477         1   4.26599   6.70544  -2.43946   10.3273         0
478         3   4.26599   2.59099     1.675  -15.3011         0
479         1   4.26599   6.70544  -2.43946   11.3221         0
480         3   4.26599   2.59099     1.675  -13.7378         0
481         1   4.26599   6.70544  -2.43946   7.60003         0
482         3   4.26599   2.59099     1.675  -18.1934         0
483         1   4.26599   6.70544  -2.43946   4.17467         0
484         3   4.26599   2.59099     1.675  -13.2378         0
485         1   4.26599   6.70544  -2.43946   8.49545         0
486         3   4.26599   2.59099     1.675  -14.1912         0
487         1   4.26599   6.70544  -2.43946   8.52939         0
488         3   4.26599   2.59099     1.675  -11.7497         0
489         1   4.26599   6.70544  -2.43946   7.73807         0
490         3   4.26599   2.59099     1.675  -12.7712         0
491         1   4.26599   6.70544  -2.43946   6.52553         0
492         3   4.26599   2.59099     1.675  -15.2748         0
493         1   4.26599   6.70544  -2.43946   8.96998         0
494         3   4.26599   2.59099     1.675  -18.0598         0
495         1   4.26599   6.70544  -2.43946   6.54683         0
496         3   4.26599   2.59099     1.675  -18.2149         0
497         1   4.26599   6.70544  -2.43946   4.51024         0
498         3   4.26599   2.59099     1.675  -15.3795         0
499         1   4.26599   6.70544  -2.43946   8.80301         0
500         3   4.26599   2.59099     1.675  -13.3769         0
501         1   4.26599   6.70544  -2.43946   3.17526         0
502         3   4.26599   2.59099     1.675  -12.2673         0
503         1   4.26599   6.70544  -2.43946   7.95137         0
504         3   4.26599   2.59099     1.675  -19.8537         0
505         1   4.26599   6.70544  -2.43946   7.12504         0
506         3   4.26599   2.59099     1.675   -22.049         0
507         1   4.26599   6.70544  -2.43946    9.4984         0
508         3   4.26599   2.59099     1.675  -15.1325         0
509         1   4.26599   6.70544  -2.43946    12.456         0
510         3   4.26599   2.59099     1.675   -13.676         0
511         1   4.26599   6.70544  -2.43946   9.26117         0
512         3   4.26599   2.59099     1.675  -15.2818         0
513         1   4.26599   6.70544  -2.43946   7.54772         0
514         3   4.26599   2.59099     1.675  -12.9209         0
515         1   4.26599   6.70544  -2.43946   9.67425         0
516         3   4.26599   2.59099     1.675  -11.4498         0
517         1   4.26599   6.70544  -2.43946   9.98265         0
518         3   4.26599   2.59099     1.675  -20.1339         0
519         1   4.26599   6.70544  -2.43946   8.79629         0
520         3   4.26599   2.59099     1.675  -22.6508         0
521         1   4.26599   6.70544  -2.43946   4.71174         0
522         3   4.26599   2.59099     1.675  -21.8556         0
523         1   4.26599   6.70544  -2.43946   9.28757         0
524         3   4.26599   2.59099     1.675  -15.2641         0
525         1   4.26599   6.70544  -2.43946   12.5914         0
526         3   4.26599   2.59099     1.675  -9.77786         0
527         1   4.26599   6.70544  -2.43946   9.26422         0
528         3   4.26599   2.59099     1.675  -12.7249         0
529         1   4.26599   6.70544  -2.43946   12.3361         0
530         3   4.26599   2.59099     1.675  -4.55139         0
531         1   4.26599   6.70544  -2.43946   9.50862         0
532         3   4.26599   2.59099     1.675   -15.119         0
533         1   4.26599   6.70544  -2.43946   14.1846         0
534         3   4.26599   2.59099     1.675  -8.67557         0
535         1   4.26599   6.70544  -2.43946   14.8918         0
536         3   4.26599   2.59099     1.675  -11.7527         0
537         1   4.26599   6.70544  -2.43946   13.5949         0
538         3   4.26599   2.59099     1.675  -8.30697         0
539         1   4.26599   6.70544  -2.43946   9.11199         0
540         3   4.26599   2.59099     1.675  -10.8616         0
541         1   4.26599   6.70544  -2.43946   9.23328         0
542         3   4.26599   2.59099     1.675  -7.76764         0
543         1   4.26599   6.70544  -2.43946   9.98794         0
544         3   4.26599   2.59099     1.675  -17.4095         0
545         1   4.26599   6.70544  -2.43946   9.71079         0
546         3   4.26599   2.59099     1.675   -11.814         0
547         1   4.26599   6.70544  -2.43946   8.70147         0
548         3   4.26599   2.59099     1.675  -7.42081         0
549         1   4.26599   6.70544  -2.43946   7.65423         0
550         3   4.26599   2.59099     1.675  -15.5607         0
551         1   4.26599   6.70544  -2.43946   9.19905         0
552         3   4.26599   2.59099     1.675  -11.3842         0
553         1   4.26599   6.70544  -2.43946   3.85454         0
554         3   4.26599   2.59099     1.675  -11.0237         0
555         1   4.26599   6.70544  -2.43946   6.15976         0
556         3   4.26599   2.59099     1.675  -15.9013         0
557         1   4.26599   6.70544  -2.43946   6.01708         0
558         3   4.26599   2.59099     1.675  -18.3294         0
559         1   4.26599   6.70544  -2.43946   9.41802         0
560         3   4.26599   2.59099     1.675  -6.93568         0
561         1   4.26599   6.70544  -2.43946   6.45403         0
562         3   4.26599   2.59099     1.675  -16.6008         0
563         1   4.26599   6.70544  -2.43946   10.2997         0
564         3   4.26599   2.59099     1.675  -14.3719         0
565         1   4.26599   6.70544  -2.43946   12.1316         0
566         3   4.26599   2.59099     1.675   -12.502         0
567         1   4.26599   6.70544  -2.43946   10.8175         0
568         3   4.26599   2.59099     1.675   -10.406         0
569         1   4.26599   6.70544  -2.43946    12.221         0
570         3   4.26599   2.59099     1.675   -9.4827         0
571         1   4.26599   6.70544  -2.43946   12.8353         0
572         3   4.26599   2.59099     1.675  -11.0636         0
573         1   4.26599   6.70544  -2.43946   10.2355         0
574         3   4.26599   2.59099     1.675  -6.73986         0
575         1   4.26599   6.70544  -2.43946   12.2543         0
576         3   4.26599   2.59099     1.675  -12.0825         0
577         1   4.26599   6.70544  -2.43946   17.1607         0
578         3   4.26599   2.59099     1.675  -11.5592         0
579         1   4.26599   6.70544  -2.43946   16.3327         0
580         3   4.26599   2.59099     1.675   -19.323         0
581         1   4.26599   6.70544  -2.43946   12.7616         0
582         3   4.26599   2.59099     1.675  -7.27712         0
583         1   4.26599   6.70544  -2.43946   9.93472         0
584         3   4.26599   2.59099     1.675  -10.0957         0
585         1   4.26599   6.70544  -2.43946   11.7779         0
586         3   4.26599   2.59099     1.675  -11.4145         0
587         1   4.26599   6.70544  -2.43946   7.90377         0
588         3   4.26599   2.59099     1.675  -18.8021         0
589         1   4.26599   6.70544  -2.43946   8.09179         0
590         3   4.26599   2.59099     1.675  -19.1697         0
591         1   4.26599   6.70544  -2.43946   7.54313         0
592         3   4.26599   2.59099     1.675  -8.60979         0
593         1   4.26599   6.70544  -2.43946   7.67053         0
594         3   4.26599   2.59099     1.675  -13.9709         0
595         1   4.26599   6.70544  -2.43946   11.2619         0
596         3   4.26599   2.59099     1.675  -9.86859         0
597         1   4.26599   6.70544  -2.43946   11.1568         0
598         3   4.26599   2.59099     1.675  -8.72339         0
599         1   4.26599   6.70544  -2.43946   12.7721         0
600         3   4.26599   2.59099     1.675  -5.67275         0
601         1   4.26599   6.70544  -2.43946    8.1869         0
602         3   4.26599   2.59099     1.675  -25.8185         0
603         1   4.26599   6.70544  -2.43946   11.4928         0
604         3   4.26599   2.59099     1.675  -15.8123         0
605         1   4.26599   6.70544  -2.43946   10.1977         0
606         3   4.26599   2.59099     1.675  -16.6321         0
607         1   4.26599   6.70544  -2.43946   12.8218         0
608         3   4.26599   2.59099     1.675  -12.1971         0
609         1   4.26599   6.70544  -2.43946   11.5078         0
610         3   4.26599   2.59099     1.675  -14.3236         0
611         1   4.26599   6.70544  -2.43946   9.73602         0
612         3   4.26599   2.59099     1.675  -26.2553         0
613         1   4.26599   6.70544  -2.43946   5.85204         0
614         3   4.26599   2.59099     1.675  -25.0177         0
615         1   4.26599   6.70544  -2.43946   8.41011         0
616         3   4.26599   2.59099     1.675  -26.9567         0
617         1   4.26599   6.70544  -2.43946   7.79801         0
618         3   4.26599   2.59099     1.675  -23.0113         0
619         1   4.26599   6.70544  -2.43946   11.1624         0
620         3   4.26599   2.59099     1.675  -12.6288         0
621         1   4.26599   6.70544  -2.43946   9.69995         0
622         3   4.26599   2.59099     1.675  -14.4334         0
623         1   4.26599   6.70544  -2.43946   7.50091         0
624         3   4.26599   2.59099     1.675  -11.6042         0
625         1   4.26599   6.70544  -2.43946    10.986         0
626         3   4.26599   2.59099     1.675  -6.84068         0
627         1   4.26599   6.70544  -2.43946   12.9787         0
628         3   4.26599   2.59099     1.675  -11.8901         0
629         1   4.26599   6.70544  -2.43946   11.3116         0
630         3   4.26599   2.59099     1.675  -14.1748         0
631         1   4.26599   6.70544  -2.43946   7.27697         0
632         3   4.26599   2.59099     1.675  -18.2925         0
633         1   4.26599   6.70544  -2.43946   7.60832         0
634         3   4.26599   2.59099     1.675  -18.7531         0
635         1   4.26599   6.70544  -2.43946   9.98176         0
636         3   4.26599   2.59099     1.675  -16.8607         0
637         1   4.26599   6.70544  -2.43946   7.97942         0
638         3   4.26599   2.59099     1.675  -14.8945         0
639         1   4.26599   6.70544  -2.43946    7.5559         0
640         3   4.26599   2.59099     1.675  -8.80796         0
641         1   4.26599   6.70544  -2.43946   6.96434         0
642         3   4.26599   2.59099     1.675  -14.1696         0
643         1   4.26599   6.70544  -2.43946   5.33685         0
644         3   4.26599   2.59099     1.675  -13.9653         0
645         1   4.26599   6.70544  -2.43946   10.3359         0
646         3   4.26599   2.59099     1.675  -11.4602         0
647         1   4.26599   6.70544  -2.43946   6.62518         0
648         3   4.26599   2.59099     1.675  -13.9964         0
649         1   4.26599   6.70544  -2.43946   6.04521         0
650         3   4.26599   2.59099     1.675  -16.4318         0
651         1   4.26599   6.70544  -2.43946   8.92127         0
652         3   4.26599   2.59099     1.675  -14.0779         0
653         1   4.26599   6.70544  -2.43946    10.262         0
654         3   4.26599   2.59099     1.675  -20.4136         0
655         1   4.26599   6.70544  -2.43946   6.71087         0
656         3   4.26599   2.59099     1.675  -19.0872         0
657         1   4.26599   6.70544  -2.43946   8.77514         0
658         3   4.26599   2.59099     1.675  -16.0505         0
659         1   4.26599   6.70544  -2.43946   13.5344         0
660         3   4.26599   2.59099     1.675  -16.0865         0
661         1   4.26599   6.70544  -2.43946   12.0517         0
662         3   4.26599   2.59099     1.675  -23.7507         0
663         1   4.26599   6.70544  -2.43946   10.4965         0
664         3   4.26599   2.59099     1.675  -13.6014         0
665         1   4.26599   6.70544  -2.43946   7.16665         0
666         3   4.26599   2.59099     1.675  -13.8799         0
667         1   4.26599   6.70544  -2.43946   11.0853         0
668         3   4.26599   2.59099     1.675  -17.7605         0
669         1   4.26599   6.70544  -2.43946   7.69963         0
670         3   4.26599   2.59099     1.675  -15.1951         0
671         1   4.26599   6.70544  -2.43946   8.99989         0
672         3   4.26599   2.59099     1.675  -17.9096         0
673         1   4.26599   6.70544  -2.43946   11.4077         0
674         3   4.26599   2.59099     1.675  -20.6434         0
675         1   4.26599   6.70544  -2.43946   8.16829         0
676         3   4.26599   2.59099     1.675  -15.0579         0
677         1   4.26599   6.70544  -2.43946   10.8723         0
678         3   4.26599   2.59099     1.675  -17.8069         0
679         1   4.26599   6.70544  -2.43946   8.88486         0
680         3   4.26599   2.59099     1.675  -9.33221         0
681         1   4.26599   6.70544  -2.43946   10.4115         0
682         3   4.26599   2.59099     1.675  -20.6085         0
683         1   4.26599   6.70544  -2.43946   10.4871         0
684         3   4.26599   2.59099     1.675  -20.0118         0
685         1   4.26599   6.70544  -2.43946   8.43936         0
686         3   4.26599   2.59099     1.675  -14.9803         0
687         1   4.26599   6.70544  -2.43946   11.6626         0
688         3   4.26599   2.59099     1.675  -12.5911         0
689         1   4.26599   6.70544  -2.43946   10.4371         0
690         3   4.26599   2.59099     1.675  -8.18733         0
691         1   4.26599   6.70544  -2.43946   11.7958         0
692         3   4.26599   2.59099     1.675  -13.9949         0
693         1   4.26599   6.70544  -2.43946   11.1109         0
694         3   4.26599   2.59099     1.675  -6.35399         0
695         1   4.26599   6.70544  -2.43946    9.3432         0
696         3   4.26599   2.59099     1.675  -21.1923         0
697         1   4.26599   6.70544  -2.43946   8.50976         0
698         3   4.26599   2.59099     1.675  -24.1358         0
699         1   4.26599   6.70544  -2.43946   9.72867         0
700         3   4.26599   2.59099     1.675   -16.611         0
701         1   4.26599   6.70544  -2.43946    13.102         0
702         3   4.26599   2.59099     1.675  -18.9699         0
703         1   4.26599   6.70544  -2.43946   11.2973         0
704         3   4.26599   2.59099     1.675  -10.0127         0
705         1   4.26599   6.70544  -2.43946   12.4351         0
706         3   4.26599   2.59099     1.675  -18.2676         0
707         1   4.26599   6.70544  -2.43946   8.87166         0
708         3   4.26599   2.59099     1.675  -18.5306         0
709         1   4.26599   6.70544  -2.43946   5.65222         0
710         3   4.26599   2.59099     1.675  -21.2031         0
711         1   4.26599   6.70544  -2.43946   7.03016         0
712         3   4.26599   2.59099     1.675  -20.5722         0
713         1   4.26599   6.70544  -2.43946   8.68269         0
714         3   4.26599   2.59099     1.675  -4.91615         0
715         1   4.26599   6.70544  -2.43946   15.9535         0
716         3   4.26599   2.59099     1.675  -7.25925         0
717         1   4.26599   6.70544  -2.43946   9.93008         0
718         3   4.26599   2.59099     1.675   -15.433         0
719         1   4.26599   6.70544  -2.43946   8.84479         0
720         3   4.26599   2.59099     1.675   -25.711         0
721         1   4.26599   6.70544  -2.43946   12.0496         0
722         3   4.26599   2.59099     1.675   -20.525         0
723         1   4.26599   6.70544  -2.43946   11.9953         0
724         3   4.26599   2.59099     1.675   -4.2761         0
725         1   4.26599   6.70544  -2.43946   11.5847         0
726         3   4.26599   2.59099     1.675  -11.5176         0
727         1   4.26599   6.70544  -2.43946   7.67924         0
728         3   4.26599   2.59099     1.675  -12.8363         0
729         1   4.26599   6.70544  -2.43946   7.08056         0
730         3   4.26599   2.59099     1.675  -26.1914         0
731         1   4.26599   6.70544  -2.43946   11.0501         0
732         3   4.26599   2.59099     1.675  -12.1913         0
733         1   4.26599   6.70544  -2.43946   7.12279         0
734         3   4.26599   2.59099     1.675  -12.0717         0
735         1   4.26599   6.70544  -2.43946   8.34319         0
736         3   4.26599   2.59099     1.675  -11.8403         0
737         1   4.26599   6.70544  -2.43946   9.60085         0
738         3   4.26599   2.59099     1.675  -10.0667         0
739         1   4.26599   6.70544  -2.43946   8.97148         0
740         3   4.26599   2.59099     1.675  -10.1531         0
741         1   4.26599   6.70544  -2.43946   13.3227         0
742         3   4.26599   2.59099     1.675  -13.4514         0
743         1   4.26599   6.70544  -2.43946   11.6762         0
744         3   4.26599   2.59099     1.675  -15.1889         0
745         1   4.26599   6.70544  -2.43946   14.8742         0
746         3   4.26599   2.59099     1.675   -14.634         0
747         1   4.26599   6.70544  -2.43946   11.9097         0
748         3   4.26599   2.59099     1.675  -14.2066         0
749         1   4.26599   6.70544  -2.43946   10.8872         0
750         3   4.26599   2.59099     1.675  -15.0288         0
751         1   4.26599   6.70544  -2.43946   12.9303         0
752         3   4.26599   2.59099     1.675  -20.7887         0
753         1   4.26599   6.70544  -2.43946   9.72954         0
754         3   4.26599   2.59099     1.675  -17.9826         0
755         1   4.26599   6.70544  -2.43946    8.8071         0
756         3   4.26599   2.59099     1.675  -22.0026         0
757         1   4.26599   6.70544  -2.43946   4.95392         0
758         3   4.26599   2.59099     1.675  -23.3355         0
759         1   4.26599   6.70544  -2.43946  0.354166         1
760         3   4.26599   2.59099     1.675  -21.7473         0
761         1   4.26599   6.70544  -2.43946   3.88331         0
762         3   4.26599   2.59099     1.675  -21.4919         0
763         1   4.26599   6.70544  -2.43946    8.3717         0
764         3   4.26599   2.59099     1.675  -13.0759         0
765         1   4.26599   6.70544  -2.43946   5.55697         0
766         3   4.26599   2.59099     1.675  -17.8844         0
767         1   4.26599   6.70544  -2.43946   4.06663         0
768         3   4.26599   2.59099     1.675  -18.8912         0
769         1   4.26599   6.70544  -2.43946   5.28148         0
770         3   4.26599   2.59099     1.675  -24.4547         0
771         1   4.26599   6.70544  -2.43946    5.5969         0
772         3   4.26599   2.59099     1.675  -31.0125         0
773         1   4.26599   6.70544  -2.43946   7.91327         0
774         3   4.26599   2.59099     1.675  -20.6446         0
775         1   4.26599   6.70544  -2.43946   8.34144         0
776         3   4.26599   2.59099     1.675  -25.2535         0
777         1   4.26599   6.70544  -2.43946   9.61838         0
778         3   4.26599   2.59099     1.675  -14.5938         0
779         1   4.26599   6.70544  -2.43946    9.6265         0
780         3   4.26599   2.59099     1.675  -17.7901         0
781         1   4.26599   6.70544  -2.43946   9.89697         0
782         3   4.26599   2.59099     1.675   -16.989         0
783         1   4.26599   6.70544  -2.43946   4.25433         0
784         3   4.26599   2.59099     1.675  -17.2208         0
785         1   4.26599   6.70544  -2.43946   4.01112         0
786         3   4.26599   2.59099     1.675  -18.6837         0
787         1   4.26599   6.70544  -2.43946    5.7225         0
788         3   4.26599   2.59099     1.675   -28.042         0
789         1   4.26599   6.70544  -2.43946   5.57445         0
790         3   4.26599   2.59099     1.675  -14.9385         0
791         1   4.26599   6.70544  -2.43946   7.87173         0
792         3   4.26599   2.59099     1.675  -20.1856         0
793         1   4.26599   6.70544  -2.43946   9.99444         0
794         3   4.26599   2.59099     1.675  -15.9516         0
795         1   4.26599   6.70544  -2.43946   7.26458         0
796         3   4.26599   2.59099     1.675    -12.82         0
797         1   4.26599   6.70544  -2.43946   11.5949         0
798         3   4.26599   2.59099     1.675  -21.2548         0
799         1   4.26599   6.70544  -2.43946   7.79758         0
800         3   4.26599   2.59099     1.675  -18.4019         0
801         1   4.26599   6.70544  -2.43946   4.32859         0
802         3   4.26599   2.59099     1.675  -16.7405         0
803         1   4.26599   6.70544  -2.43946   7.23202         0
804         3   4.26599   2.59099     1.675  -21.4725         0
805         1   4.26599   6.70544  -2.43946   5.76575         0
806         3   4.26599   2.59099     1.675  -22.1565         0
807         1   4.26599   6.70544  -2.43946   9.16514         0
808         3   4.26599   2.59099     1.675  -13.3033         0
809         1   4.26599   6.70544  -2.43946     5.381         0
810         3   4.26599   2.59099     1.675  -18.8325         0
811         1   4.26599   6.70544  -2.43946   8.78424         0
812         3   4.26599   2.59099     1.675  -29.0093         0
813         1   4.26599   6.70544  -2.43946  0.802265         1
814         3   4.26599   2.59099     1.675  -26.5903         0
815         1   4.26599   6.70544  -2.43946   2.56453         0
816         3   4.26599   2.59099     1.675  -21.2482         0
817         1   4.26599   6.70544  -2.43946   7.88322         0
818         3   4.26599   2.59099     1.675  -24.3118         0
819         1   4.26599   6.70544  -2.43946   5.36025         0
820         3   4.26599   2.59099     1.675  -15.5827         0
821         1   4.26599   6.70544  -2.43946   12.1321         0
822         3   4.26599   2.59099     1.675  -18.3854         0
823         1   4.26599   6.70544  -2.43946   5.66622         0
824         3   4.26599   2.59099     1.675   -12.358         0
825         1   4.26599   6.70544  -2.43946   7.20305         0
826         3   4.26599   2.59099     1.675   -21.717         0
827         1   4.26599   6.70544  -2.43946    10.282         0
828         3   4.26599   2.59099     1.675  -20.4222         0
829         1   4.26599   6.70544  -2.43946   4.95378         0
830         3   4.26599   2.59099     1.675  -15.4855         0
831         1   4.26599   6.70544  -2.43946   4.35906         0
832         3   4.26599   2.59099     1.675  -19.0266         0
833         1   4.26599   6.70544  -2.43946   3.33268         0
834         3   4.26599   2.59099     1.675  -24.7552         0
835         1   4.26599   6.70544  -2.43946   4.73758         0
836         3   4.26599   2.59099     1.675   -14.701         0
837         1   4.26599   6.70544  -2.43946   7.62049         0
838         3   4.26599   2.59099     1.675  -19.1578         0
839         1   4.26599   6.70544  -2.43946   4.86612         0
840         3   4.26599   2.59099     1.675  -16.7304         0
841         1   4.26599   6.70544  -2.43946   6.76773         0
842         3   4.26599   2.59099     1.675  -12.7189         0
843         1   4.26599   6.70544  -2.43946   12.4043         0
844         3   4.26599   2.59099     1.675  -24.9044         0
845         1   4.26599   6.70544  -2.43946   10.8087         0
846         3   4.26599   2.59099     1.675  -14.0623         0
847         1   4.26599   6.70544  -2.43946   9.44157         0
848         3   4.26599   2.59099     1.675  -18.5655         0
849         1   4.26599   6.70544  -2.43946   10.4941         0
850         3   4.26599   2.59099     1.675  -20.4546         0
851         1   4.26599   6.70544  -2.43946   8.77467         0
852         3   4.26599   2.59099     1.675  -18.3937         0
853         1   4.26599   6.70544  -2.43946   9.41653         0
854         3   4.26599   2.59099     1.675  -8.85093         0
855         1   4.26599   6.70544  -2.43946     9.516         0
856         3   4.26599   2.59099     1.675  -12.4084         0
857         1   4.26599   6.70544  -2.43946   6.02969         0
858         3   4.26599   2.59099     1.675  -18.6587         0
859         1   4.26599   6.70544  -2.43946   5.48554         0
860         3   4.26599   2.59099     1.675  -22.1585         0
861         1   4.26599   6.70544  -2.43946   9.59278         0
862         3   4.26599   2.59099     1.675  -21.2244         0
863         1   4.26599   6.70544  -2.43946   8.73226         0
864         3   4.26599   2.59099     1.675  -23.8387         0
865         1   4.26599   6.70544  -2.43946   4.79529         0
866         3   4.26599   2.59099     1.675  -19.4075         0
867         1   4.26599   6.70544  -2.43946    3.8972         0
868         3   4.26599   2.59099     1.675  -17.6634         0
869         1   4.26599   6.70544  -2.43946   2.48559         0
870         3   4.26599   2.59099     1.675  -20.5836         0
871         1   4.26599   6.70544  -2.43946   5.76041         0
872         3   4.26599   2.59099     1.675  -17.5182         0
873         1   4.26599   6.70544  -2.43946   9.11903         0
874         3   4.26599   2.59099     1.675  -13.1884         0
875         1   4.26599   6.70544  -2.43946   6.33772         0
876         3   4.26599   2.59099     1.675  -20.1487         0
877         1   4.26599   6.70544  -2.43946   4.86775         0
878         3   4.26599   2.59099     1.675  -21.8932         0
879         1   4.26599   6.70544  -2.43946   5.12551         0
880         3   4.26599   2.59099     1.675  -13.7267         0
881         1   4.26599   6.70544  -2.43946   6.27992         0
882         3   4.26599   2.59099     1.675  -21.1087         0
883         1   4.26599   6.70544  -2.43946    6.3701         0
884         3   4.26599   2.59099     1.675  -15.9638         0
885         1   4.26599   6.70544  -2.43946   2.87486         0
886         3   4.26599   2.59099     1.675   -16.218         0
887         1   4.26599   6.70544  -2.43946   5.09988         0
888         3   4.26599   2.59099     1.675  -24.7462         0
889         1   4.26599   6.70544  -2.43946   5.16597         0
890         3   4.26599   2.59099     1.675  -21.2619         0
891         1   4.26599   6.70544  -2.43946    5.8459         0
892         3   4.26599   2.59099     1.675  -19.1308         0
893         1   4.26599   6.70544  -2.43946   6.66015         0
894         3   4.26599   2.59099     1.675  -28.1011         0
895         1   4.26599   6.70544  -2.43946    5.1403         0
896         3   4.26599   2.59099     1.675  -25.1508         0
897         1   4.26599   6.70544  -2.43946   1.24035         0
898         3   4.26599   2.59099     1.675  -27.8985         0
899         1   4.26599   6.70544  -2.43946   1.12778         0
900         3   4.26599   2.59099     1.675  -28.8944         0
901         1   4.26599   6.70544  -2.43946    9.8709         0
902         3   4.26599   2.59099     1.675  -26.2123         0
903         1   4.26599   6.70544  -2.43946   11.6748         0
904         3   4.26599   2.59099     1.675  -23.8464         0
905         1   4.26599   6.70544  -2.43946   3.86809         0
906         3   4.26599   2.59099     1.675  -21.9123         0
907         1   4.26599   6.70544  -2.43946   2.78596         0
908         3   4.26599   2.59099     1.675  -20.0924         0
909         1   4.26599   6.70544  -2.43946   5.50728         0
910         3   4.26599   2.59099     1.675  -18.6704         0
911         1   4.26599   6.70544  -2.43946   10.3163         0
912         3   4.26599   2.59099     1.675  -19.2707         0
913         1   4.26599   6.70544  -2.43946   8.23353         0
914         3   4.26599   2.59099     1.675  -15.5127         0
915         1   4.26599   6.70544  -2.43946   7.24934         0
916         3   4.26599   2.59099     1.675  -14.9319         0
917         1   4.26599   6.70544  -2.43946   8.05898         0
918         3   4.26599   2.59099     1.675  -15.5285         0
919         1   4.26599   6.70544  -2.43946   7.41729         0
920         3   4.26599   2.59099     1.675  -21.3528         0
921         1   4.26599   6.70544  -2.43946   5.46723         0
922         3   4.26599   2.59099     1.675  -18.8946         0
923         1   4.26599   6.70544  -2.43946   7.37522         0
924         3   4.26599   2.59099     1.675  -17.5777         0
925         1   4.26599   6.70544  -2.43946   8.27068         0
926         3   4.26599   2.59099     1.675   -25.958         0
927         1   4.26599   6.70544  -2.43946   7.14777         0
928         3   4.26599   2.59099     1.675  -16.7004         0
929         1   4.26599   6.70544  -2.43946   11.5263         0
930         3   4.26599   2.59099     1.675  -22.4069         0
931         1   4.26599   6.70544  -2.43946   7.60741         0
932         3   4.26599   2.59099     1.675  -16.2704         0
933         1   4.26599   6.70544  -2.43946   7.70459         0
934         3   4.26599   2.59099     1.675  -22.2752         0
935         1   4.26599   6.70544  -2.43946   8.07412         0
936         3   4.26599   2.59099     1.675  -14.8971         0
937         1   4.26599   6.70544  -2.43946   6.84294         0
938         3   4.26599   2.59099     1.675  -12.0908         0
939         1   4.26599   6.70544  -2.43946   12.2291         0
940         3   4.26599   2.59099     1.675  -15.0892         0
941         1   4.26599   6.70544  -2.43946   5.10463         0
942         3   4.26599   2.59099     1.675  -26.5573         0
943         1   4.26599   6.70544  -2.43946   6.20162         0
944         3   4.26599   2.59099     1.675  -21.3346         0
945         1   4.26599   6.70544  -2.43946   1.71095         0
946         3   4.26599   2.59099     1.675  -21.0694         0
947         1   4.26599   6.70544  -2.43946   3.97375         0
948         3   4.26599   2.59099     1.675  -25.3336         0
949         1   4.26599   6.70544  -2.43946   8.46434         0
950         3   4.26599   2.59099     1.675  -18.3807         0
951         1   4.26599   6.70544  -2.43946   5.63028         0
952         3   4.26599   2.59099     1.675  -25.5931         0
953         1   4.26599   6.70544  -2.43946   4.25419         0
954         3   4.26599   2.59099     1.675  -25.9144         0
955         1   4.26599   6.70544  -2.43946    5.8454         0
956         3   4.26599   2.59099     1.675   -15.824         0
957         1   4.26599   6.70544  -2.43946   5.79139         0
958         3   4.26599   2.59099     1.675  -18.5447         0
959         1   4.26599   6.70544  -2.43946   5.50807         0
960         3   4.26599   2.59099     1.675  -17.0147         0
961         1   4.26599   6.70544  -2.43946    2.7759         0
962         3   4.26599   2.59099     1.675  -18.3134         0
963         1   4.26599   6.70544  -2.43946   6.27467         0
964         3   4.26599   2.59099     1.675  -24.3907         0
965         1   4.26599   6.70544  -2.43946   6.31425         0
966         3   4.26599   2.59099     1.675  -25.5776         0
967         1   4.26599   6.70544  -2.43946    3.7999         0
968         3   4.26599   2.59099     1.675  -27.6551         0
969         1   4.26599   6.70544  -2.43946   5.12805         0
970         3   4.26599   2.59099     1.675  -20.5083         0
971         1   4.26599   6.70544  -2.43946    9.9427         0
972         3   4.26599   2.59099     1.675  -15.3491         0
973         1   4.26599   6.70544  -2.43946   3.16597         0
974         3   4.26599   2.59099     1.675  -18.6823         0
975         1   4.26599   6.70544  -2.43946   6.57406         0
976         3   4.26599   2.59099     1.675   -11.681         0
977         1   4.26599   6.70544  -2.43946   11.0801         0
978         3   4.26599   2.59099     1.675  -20.1182         0
979         1   4.26599   6.70544  -2.43946   7.78288         0
980         3   4.26599   2.59099     1.675  -17.1352         0
981         1   4.26599   6.70544  -2.43946   11.1913         0
982         3   4.26599   2.59099     1.675  -15.9615         0
983         1   4.26599   6.70544  -2.43946     9.507         0
984         3   4.26599   2.59099     1.675  -15.6701         0
985         1   4.26599   6.70544  -2.43946   7.17022         0
986         3   4.26599   2.59099     1.675  -20.4586         0
987         1   4.26599   6.70544  -2.43946   7.07782         0
988         3   4.26599   2.59099     1.675  -16.8961         0
989         1   4.26599   6.70544  -2.43946   7.87218         0
990         3   4.26599   2.59099     1.675  -6.10548         0
991         1   4.26599   6.70544  -2.43946   13.0401         0
992         3   4.26599   2.59099     1.675  -9.76323         0
993         1   4.26599   6.70544  -2.43946   8.65109         0
994         3   4.26599   2.59099     1.675  -21.1566         0
995         1   4.26599   6.70544  -2.43946   4.24389         0
996         3   4.26599   2.59099     1.675  -30.2987         0
997         1   4.26599   6.70544  -2.43946   6.60034         0
998         3   4.26599   2.59099     1.675  -19.3814         0
999         1   4.26599   6.70544  -2.43946   3.43141         0
