0         515.909
10000         167.816
20000         177.297
30000         149.167
40000         157.154
50000          173.64
60000         160.579
70000         170.589
80000         161.161
90000         169.492
100000         161.069
110000         175.742
120000          164.44
130000         187.621
140000         190.219
150000          169.71
160000         157.468
170000         172.093
180000         161.668
190000         174.753
200000           189.7
210000         173.927
220000         188.818
230000         191.059
240000         187.368
250000         168.568
260000         187.599
270000         160.789
280000         158.297
290000         176.453
300000         184.512
310000         169.767
320000         189.881
330000         177.284
340000         174.354
350000          169.64
360000         188.128
370000         157.305
380000         172.843
390000         184.214
400000         164.217
410000         172.364
420000         181.119
430000         160.332
440000         175.382
450000         188.559
460000         184.831
470000         193.702
480000         178.653
490000         170.203
500000         174.578
510000         181.666
520000         178.154
530000         174.344
540000          187.82
550000         184.121
560000         181.169
570000         175.039
580000         168.547
590000         157.735
600000         162.734
610000         172.697
620000         157.273
630000         171.423
640000         165.428
650000          174.48
660000         166.487
670000         176.666
680000         157.346
690000         161.678
700000         160.324
710000         172.052
720000         158.184
730000         183.125
740000         164.332
750000         181.122
760000         166.555
770000         163.745
780000         159.236
790000         168.582
800000         166.774
810000         190.197
820000         157.193
830000         174.985
840000         183.249
850000         166.709
860000         159.652
870000          168.05
880000         179.664
890000         178.409
900000         183.388
910000         181.784
920000         181.773
930000         162.304
940000         172.697
950000         173.747
960000         172.038
970000         175.679
980000         159.215
990000         171.052
1000000         184.606
1010000         171.928
1020000          178.82
1030000         185.156
1040000         163.026
1050000         158.534
1060000         197.901
1070000         183.219
1080000         190.059
1090000         169.925
1100000         208.672
1110000         176.092
1120000         164.427
1130000         185.718
1140000         176.576
1150000         165.885
1160000         172.529
1170000         149.655
1180000         165.432
1190000         165.705
1200000         171.393
1210000         198.304
1220000         170.046
1230000         168.026
1240000         168.472
1250000         188.508
1260000         189.666
1270000         187.379
1280000         183.312
1290000         176.609
1300000         184.287
1310000         177.009
1320000         178.212
1330000         185.384
1340000         182.278
1350000         185.486
1360000         181.105
1370000         171.378
1380000         173.004
1390000          190.63
1400000         167.792
1410000         166.548
1420000         190.078
1430000         178.831
1440000         155.687
1450000         164.029
1460000         185.964
1470000         170.914
1480000         182.158
1490000         178.277
1500000         173.037
1510000         192.178
1520000         160.097
1530000         168.353
1540000         167.531
1550000         174.008
1560000         177.013
1570000         182.254
1580000         146.675
1590000         171.223
1600000         179.656
1610000         187.307
1620000         191.315
1630000         182.001
1640000         177.689
1650000         183.687
1660000         185.496
1670000         160.291
1680000         156.546
1690000         187.107
1700000         206.572
1710000         176.902
1720000         179.719
1730000         178.377
1740000         163.709
1750000         171.077
1760000         178.161
1770000         177.123
1780000         173.108
1790000         190.863
1800000         177.094
1810000         173.247
1820000         163.081
1830000         173.045
1840000         176.484
1850000         182.778
1860000         168.143
1870000         189.209
1880000         169.343
1890000         173.701
1900000         189.858
1910000         189.023
1920000         189.333
1930000         187.794
1940000         185.819
1950000         180.256
1960000         173.316
1970000         172.712
1980000         182.506
1990000         190.235
2000000         171.837
2010000          172.31
2020000         168.131
2030000          186.82
2040000         176.523
2050000          158.86
2060000         176.533
2070000         178.642
2080000         188.643
2090000         191.212
2100000         146.344
2110000         165.283
2120000         176.426
2130000         189.293
2140000         196.844
2150000         168.233
2160000         175.545
2170000         169.206
2180000         175.062
2190000         159.732
2200000         212.644
2210000          173.21
2220000         184.557
2230000         174.031
2240000         175.689
2250000         178.882
2260000         167.491
2270000         169.753
2280000         180.239
2290000         172.253
2300000         171.911
2310000          170.97
2320000         178.113
2330000         178.509
2340000         183.132
2350000          164.27
2360000         189.069
2370000         150.839
2380000         182.287
2390000         162.853
2400000         159.854
2410000         167.948
2420000          177.93
2430000         180.424
2440000         184.659
2450000         164.875
2460000         193.341
2470000         196.292
2480000         171.855
2490000         172.964
2500000         170.205
2510000         162.477
2520000         165.711
2530000          194.56
2540000         169.381
2550000         173.672
2560000         177.881
2570000         178.375
2580000         172.329
2590000         182.982
2600000         172.011
2610000          196.71
2620000         160.808
2630000         178.133
2640000          194.33
2650000         184.448
2660000         178.489
2670000         170.103
2680000         174.206
2690000          185.16
2700000         156.305
2710000         153.032
2720000         167.777
2730000         168.261
2740000         187.886
2750000         188.648
2760000         178.183
2770000         159.428
2780000          172.19
2790000         172.328
2800000         165.237
2810000          178.06
2820000         185.188
2830000         181.495
2840000         179.676
2850000         168.538
2860000         171.363
2870000         170.698
2880000         172.409
2890000         170.859
2900000         181.688
2910000         190.483
2920000         174.061
2930000         174.908
2940000         175.882
2950000         190.813
2960000         171.381
2970000         173.493
2980000          191.22
2990000         189.376
3000000         173.184
3010000         181.197
3020000         169.792
3030000         185.775
3040000         153.883
3050000         178.004
3060000         172.539
3070000         162.146
3080000         188.443
3090000         159.287
3100000          184.42
3110000          170.88
3120000         190.065
3130000         188.686
3140000         165.427
3150000         169.707
3160000         164.017
3170000         168.611
3180000         159.863
3190000         170.752
3200000         194.095
3210000         182.203
3220000         181.222
3230000         186.562
3240000         173.552
3250000         177.371
3260000         177.596
3270000         174.618
3280000          173.88
3290000          195.47
3300000         166.882
3310000          174.22
3320000         166.559
3330000         182.296
3340000         181.094
3350000         159.141
3360000         176.398
3370000         178.583
3380000         194.206
3390000         189.376
3400000         180.866
3410000         187.587
3420000         166.977
3430000         168.086
3440000         169.633
3450000         179.118
3460000          158.68
3470000         171.802
3480000         169.109
3490000         167.095
3500000         166.474
3510000         168.284
3520000         196.521
3530000         176.927
3540000         183.709
3550000         169.247
3560000         173.898
3570000         174.125
3580000         172.693
3590000         168.198
3600000         193.963
3610000          184.67
3620000         177.093
3630000         164.193
3640000         176.424
3650000         157.266
3660000         170.026
3670000         167.321
3680000         189.251
3690000         170.854
3700000         171.211
3710000         182.676
3720000         171.101
3730000         170.128
3740000         174.167
3750000         168.753
3760000         163.192
3770000         174.663
3780000         170.192
3790000         160.905
3800000          177.83
3810000         180.332
3820000          184.54
3830000         196.829
3840000         177.674
3850000         184.601
3860000         157.632
3870000         179.494
3880000         182.753
3890000         177.127
3900000         187.885
3910000         170.956
3920000         161.735
3930000         163.475
3940000         178.659
3950000         167.932
3960000         170.886
3970000         177.914
3980000         159.486
3990000         189.471
4000000          178.56
4010000          164.34
4020000         169.992
4030000         168.487
4040000         169.105
4050000         182.025
4060000         168.461
4070000          177.89
4080000         186.063
4090000         191.089
4100000         173.516
4110000         160.618
4120000          166.23
4130000         159.424
4140000         187.648
4150000         155.145
4160000           174.3
4170000         174.776
4180000         170.062
4190000         174.063
4200000         176.676
4210000         190.424
4220000          191.39
4230000         182.943
4240000         170.375
4250000          170.81
4260000         193.628
4270000         180.174
4280000         173.559
4290000         155.569
4300000         176.701
4310000         183.331
4320000         181.784
4330000         165.802
4340000         171.489
4350000         184.047
4360000         161.306
4370000         169.363
4380000         176.649
4390000         170.568
4400000         185.228
4410000         172.308
4420000         178.653
4430000         162.225
4440000         182.031
4450000          171.09
4460000          182.36
4470000         190.086
4480000         169.018
4490000         188.685
4500000         177.396
4510000         160.778
4520000         164.862
4530000         182.043
4540000         183.648
4550000         176.319
4560000         184.984
4570000         181.249
4580000         161.102
4590000          174.85
4600000         174.417
4610000         161.733
4620000          172.31
4630000         185.175
4640000         176.032
4650000         185.604
4660000         182.564
4670000         180.493
4680000          167.16
4690000         152.799
4700000         173.556
4710000         187.493
4720000         182.536
4730000         172.068
4740000         148.955
4750000         185.433
4760000         182.976
4770000         168.657
4780000         172.755
4790000         161.455
4800000         171.483
4810000          176.04
4820000         171.651
4830000          181.68
4840000         185.032
4850000         198.488
4860000         176.881
4870000         171.238
4880000          153.12
4890000         182.133
4900000         194.579
4910000         167.425
4920000         183.076
4930000         181.659
4940000         178.382
4950000         172.068
4960000         171.939
4970000          170.26
4980000         163.136
4990000         165.092
5000000         159.557
5010000         159.195
5020000          184.27
5030000         148.227
5040000         202.588
5050000         198.471
5060000         174.553
5070000         185.157
5080000         193.343
5090000         180.794
5100000         186.082
5110000          175.39
5120000         166.182
5130000         182.643
5140000         177.708
5150000         171.161
5160000         172.539
5170000         165.187
5180000         158.636
5190000         180.128
5200000         182.279
5210000         159.477
5220000         187.827
5230000         185.341
5240000         174.474
5250000         174.998
5260000         180.448
5270000         165.507
5280000         177.134
5290000         173.584
5300000          187.02
5310000         175.942
5320000         179.098
5330000         158.609
5340000         176.227
5350000         186.946
5360000         197.094
5370000         165.939
5380000         174.869
5390000         170.103
5400000         176.181
5410000         171.688
5420000          169.94
5430000         164.399
5440000          166.89
5450000         157.091
5460000         184.352
5470000         184.414
5480000         192.767
5490000         183.848
5500000         171.799
5510000         171.503
5520000         177.107
5530000         183.392
5540000         161.049
5550000         182.021
5560000          159.99
5570000          171.03
5580000         172.832
5590000         164.424
5600000         161.107
5610000         190.673
5620000         167.446
5630000         175.831
5640000         175.417
5650000         175.841
5660000         169.516
5670000         182.868
5680000         186.284
5690000         156.234
5700000         175.009
5710000         182.672
5720000         181.283
5730000         167.275
5740000         183.042
5750000         176.127
5760000         162.759
5770000         159.002
5780000         149.225
5790000         185.052
5800000         187.433
5810000         163.582
5820000          150.51
5830000         173.564
5840000         178.114
5850000         177.375
5860000         173.953
5870000         166.329
5880000         176.087
5890000         179.328
5900000         185.815
5910000         170.174
5920000         176.616
5930000          173.51
5940000          176.75
5950000         178.335
5960000         170.798
5970000          172.21
5980000         178.059
5990000         171.941
6000000         190.637
6010000         177.965
6020000         180.112
6030000         166.688
6040000         175.072
6050000         164.341
6060000         175.876
6070000         175.639
6080000         187.172
6090000         166.206
6100000         186.127
6110000          169.73
6120000         161.794
6130000          194.49
6140000         175.931
6150000         166.606
6160000         182.549
6170000         174.081
6180000           170.7
6190000         179.323
6200000         171.106
6210000         183.105
6220000         173.305
6230000         169.928
6240000          172.14
6250000         175.342
6260000         175.471
6270000         165.618
6280000         176.477
6290000         189.485
6300000         172.564
6310000         162.819
6320000         167.688
6330000         163.017
6340000         176.698
6350000         172.779
6360000         169.408
6370000         176.617
6380000          171.49
6390000         182.278
6400000         194.753
6410000         194.177
6420000         187.239
6430000         181.697
6440000         155.311
6450000         181.679
6460000         177.285
6470000         178.761
6480000         172.329
6490000         167.456
6500000         160.064
6510000         183.679
6520000         196.989
6530000         168.196
6540000         192.857
6550000         162.143
6560000          163.05
6570000         186.697
6580000          186.66
6590000         176.407
6600000         162.777
6610000         180.775
6620000         195.426
6630000         167.751
6640000         163.695
6650000         166.082
6660000          168.48
6670000         187.056
6680000         197.111
6690000         166.338
6700000         178.373
6710000          179.02
6720000         169.254
6730000         160.217
6740000         162.311
6750000         160.688
6760000         172.106
6770000         178.442
6780000         191.559
6790000         166.377
6800000         186.489
6810000         181.496
6820000         190.357
6830000         179.478
6840000         165.383
6850000         178.574
6860000         188.665
6870000         181.717
6880000         168.079
6890000         166.473
6900000         164.323
6910000         188.311
6920000          176.21
6930000         177.826
6940000         177.623
6950000         173.864
6960000         192.982
6970000         186.743
6980000         172.249
6990000         177.017
7000000         172.612
7010000         154.773
7020000         177.315
7030000         198.504
7040000          168.85
7050000         175.296
7060000          174.41
7070000         158.892
7080000         174.572
7090000         170.621
7100000         191.862
7110000         169.909
7120000          151.91
7130000         177.243
7140000         164.517
7150000         157.547
7160000         165.181
7170000         192.778
7180000         164.483
7190000         161.333
7200000         161.413
7210000         170.239
7220000         167.619
7230000         182.736
7240000         168.315
7250000         194.844
7260000         175.159
7270000         177.576
7280000         172.338
7290000         177.393
7300000         171.754
7310000         153.632
7320000         178.386
7330000           174.5
7340000         163.314
7350000          152.66
7360000          168.26
7370000         161.572
7380000         167.279
7390000         163.007
7400000         182.007
7410000         180.346
7420000          189.49
7430000         165.861
7440000         194.576
7450000         168.821
7460000         159.318
7470000         167.831
7480000         172.654
7490000         180.793
7500000         187.992
7510000         174.319
7520000         158.279
7530000         171.061
7540000         175.702
7550000         177.201
7560000         170.253
7570000         177.163
7580000         172.217
7590000          183.73
7600000         163.971
7610000         190.384
7620000         183.578
7630000         170.693
7640000          171.92
7650000         179.528
7660000         160.253
7670000         177.254
7680000         187.366
7690000         161.814
7700000         166.689
7710000         161.787
7720000         167.953
7730000         182.385
7740000         184.179
7750000         171.755
7760000         169.434
7770000         168.316
7780000         177.247
7790000         179.773
7800000         166.948
7810000         188.666
7820000         191.301
7830000         197.547
7840000         178.762
7850000         194.692
7860000         168.676
7870000         179.942
7880000         174.511
7890000          170.68
7900000         186.372
7910000          187.95
7920000          187.57
7930000         182.589
7940000          188.28
7950000          169.88
7960000         164.453
7970000         172.127
7980000         167.676
7990000         183.196
8000000         170.225
8010000         153.302
8020000         173.818
8030000          180.57
8040000         191.939
8050000         170.627
8060000         159.296
8070000         159.606
8080000         165.443
8090000         201.582
8100000         173.584
8110000         171.415
8120000         161.317
8130000         179.738
8140000         161.492
8150000         161.591
8160000         173.615
8170000         191.717
8180000         181.494
8190000         191.097
8200000         178.946
8210000         177.616
8220000         178.493
8230000         180.501
8240000         168.168
8250000         174.438
8260000         162.839
8270000          185.49
8280000         185.868
8290000         175.516
8300000         181.236
8310000         163.657
8320000         184.193
8330000         180.281
8340000         196.408
8350000         169.113
8360000         186.683
8370000         160.021
8380000         162.906
8390000         163.776
8400000         167.249
8410000         202.522
8420000         178.129
8430000         174.163
8440000         174.532
8450000         176.045
8460000         185.721
8470000          191.06
8480000         209.477
8490000         176.434
8500000         168.732
8510000          156.06
8520000         153.355
8530000         166.001
8540000         172.851
8550000         161.714
8560000         159.741
8570000         155.094
8580000         182.791
8590000         157.281
8600000         168.454
8610000         172.404
8620000         171.467
8630000         171.257
8640000         177.673
8650000         186.532
8660000         182.795
8670000         191.818
8680000         162.882
8690000         167.861
8700000         193.921
8710000         171.607
8720000         190.565
8730000         162.722
8740000         175.588
8750000         164.657
8760000         166.026
8770000          162.79
8780000         153.165
8790000         177.256
8800000          161.26
8810000         165.099
8820000         174.936
8830000         166.443
8840000         176.221
8850000         165.356
8860000         171.244
8870000         176.675
8880000         157.917
8890000         179.143
8900000         175.439
8910000         168.513
8920000         165.174
8930000         188.287
8940000         189.999
8950000          188.21
8960000         181.145
8970000         179.862
8980000         171.689
8990000         173.673
9000000         176.294
9010000         161.511
9020000         169.537
9030000         169.119
9040000         188.858
9050000         184.505
9060000         178.576
9070000         192.837
9080000         176.363
9090000         170.175
9100000          189.93
9110000         192.859
9120000         196.996
9130000         155.539
9140000         183.401
9150000         164.418
9160000         174.581
9170000         176.368
9180000         167.365
9190000         175.114
9200000         181.058
9210000         176.913
9220000         173.367
9230000         168.631
9240000         174.456
9250000         196.554
9260000         202.628
9270000         171.566
9280000         184.005
9290000          176.32
9300000         181.519
9310000         154.839
9320000         166.524
9330000         184.141
9340000         170.856
9350000         191.995
9360000         184.891
9370000         173.317
9380000         165.208
9390000         185.444
9400000         173.778
9410000         166.613
9420000         170.487
9430000         171.241
9440000         167.579
9450000         162.508
9460000         167.622
9470000         193.262
9480000         166.266
9490000         162.432
9500000         171.893
9510000         155.189
9520000         166.915
9530000          176.97
9540000         182.127
9550000         186.573
9560000           167.9
9570000         163.352
9580000         155.343
9590000         173.549
9600000         197.382
9610000         170.537
9620000         170.933
9630000         168.013
9640000          183.72
9650000         169.178
9660000         164.056
9670000         158.664
9680000         184.773
9690000         186.306
9700000         187.522
9710000         171.247
9720000         171.647
9730000         157.886
9740000         177.535
9750000         161.673
9760000         163.605
9770000         180.852
9780000         199.277
9790000         179.264
9800000         161.381
9810000         166.944
9820000         180.353
9830000         173.317
9840000         174.697
9850000          175.66
9860000         188.529
9870000         169.298
9880000          192.86
9890000         185.393
9900000         162.983
9910000         174.755
9920000         171.616
9930000         165.446
9940000         186.854
9950000         177.192
9960000          160.21
9970000         193.036
9980000         160.229
9990000         179.849
