0         515.909
10000         228.201
20000         225.901
30000         214.219
40000         229.124
50000         218.703
60000         232.831
70000         210.823
80000         239.234
90000         232.675
100000          217.63
110000         201.217
120000         227.007
130000         210.607
140000         214.502
150000          219.68
160000         223.851
170000         205.836
180000         226.444
190000          196.96
200000          211.16
210000         239.435
220000         239.578
230000         202.696
240000         234.138
250000         218.099
260000         209.896
270000         221.669
280000         196.146
290000         197.349
300000         199.944
310000         202.699
320000         238.144
330000         229.661
340000         238.533
350000          210.79
360000         231.848
370000          230.62
380000         200.106
390000         225.751
400000         221.293
410000         207.955
420000         220.686
430000         206.096
440000         214.843
450000         207.576
460000         219.047
470000         231.267
480000         219.108
490000         247.866
500000         235.479
510000         249.344
520000         209.636
530000         213.548
540000         191.911
550000         206.187
560000         237.944
570000         211.475
580000          217.37
590000         190.613
600000          214.79
610000         229.928
620000         231.651
630000         229.836
640000         229.986
650000         204.414
660000         222.299
670000         224.392
680000         241.179
690000         212.344
700000         189.884
710000         211.941
720000         199.082
730000         217.628
740000         203.924
750000         215.788
760000         210.638
770000         217.567
780000         207.035
790000         202.421
800000         212.941
810000         202.671
820000         223.374
830000         224.782
840000         231.692
850000         220.514
860000         213.699
870000         200.019
880000         211.686
890000         212.156
900000         213.951
910000         229.789
920000         227.956
930000         209.877
940000         253.816
950000         223.179
960000         239.316
970000         215.494
980000         208.827
990000         209.897
1000000         214.787
1010000         199.339
1020000         227.751
1030000         208.019
1040000         236.984
1050000         198.452
1060000         217.243
1070000         217.537
1080000         226.731
1090000         220.319
1100000         211.117
1110000         234.989
1120000         219.684
1130000         211.074
1140000         244.011
1150000         206.018
1160000         208.271
1170000         214.356
1180000         224.645
1190000         238.845
1200000         244.054
1210000         247.817
1220000         229.337
1230000         210.774
1240000         243.778
1250000         202.343
1260000         177.744
1270000         213.261
1280000         212.179
1290000         220.923
1300000         234.574
1310000         231.834
1320000         226.999
1330000         219.632
1340000         226.014
1350000         207.951
1360000         190.325
1370000          225.73
1380000         222.513
1390000         213.972
1400000         224.983
1410000         216.008
1420000         220.332
1430000          196.36
1440000         213.253
1450000         223.326
1460000         205.229
1470000         203.765
1480000         210.395
1490000         219.808
1500000         234.589
1510000         230.274
1520000         205.155
1530000         216.313
1540000         194.973
1550000         218.638
1560000         241.616
1570000         213.117
1580000         177.243
1590000         221.572
1600000         210.429
1610000         221.324
1620000         210.411
1630000         216.498
1640000          202.55
1650000         211.258
1660000         218.978
1670000         210.888
1680000         229.374
1690000          216.62
1700000          214.35
1710000         184.442
1720000         215.641
1730000         203.149
1740000         211.495
1750000         228.816
1760000         217.086
1770000         224.419
1780000         232.729
1790000         219.792
1800000          202.82
1810000         237.073
1820000         189.853
1830000         202.361
1840000         202.995
1850000         219.567
1860000         237.127
1870000         219.872
1880000         220.182
1890000         235.943
1900000         233.252
1910000         209.444
1920000           219.5
1930000          207.02
1940000         195.767
1950000         213.976
1960000         191.169
1970000         217.955
1980000         203.247
1990000         209.566
2000000         225.666
2010000         220.226
2020000         226.678
2030000         218.649
2040000         223.696
2050000         222.249
2060000         207.569
2070000         221.687
2080000         217.739
2090000         222.673
2100000         222.344
2110000         207.221
2120000         214.023
2130000         200.652
2140000         242.832
2150000         234.163
2160000         227.925
2170000          214.59
2180000         217.954
2190000         239.928
2200000          196.38
2210000         205.863
2220000          225.71
2230000         232.114
2240000         212.487
2250000         201.343
2260000         197.832
2270000         196.484
2280000         201.054
2290000         226.664
2300000         236.167
2310000         218.126
2320000         235.408
2330000         244.867
2340000         206.588
2350000         207.496
2360000         223.909
2370000         206.939
2380000         201.291
2390000         232.288
2400000         198.309
2410000         214.136
2420000          193.77
2430000         204.824
2440000         222.873
2450000          208.69
2460000         252.748
2470000         212.662
2480000          227.88
2490000         209.046
2500000         230.216
2510000         184.649
2520000         214.472
2530000         219.108
2540000         212.568
2550000         202.472
2560000         198.968
2570000         203.085
2580000         225.314
2590000         198.576
2600000         221.405
2610000         202.905
2620000         200.529
2630000         203.807
2640000         214.752
2650000         209.939
2660000         201.771
2670000         206.184
2680000         197.269
2690000         221.023
2700000         218.886
2710000         190.392
2720000         214.824
2730000         197.736
2740000         211.941
2750000         225.549
2760000           211.4
2770000         205.713
2780000         232.532
2790000         209.777
2800000         213.942
2810000          211.07
2820000         200.547
2830000         252.614
2840000         222.985
2850000         237.074
2860000         206.938
2870000         239.285
2880000         205.929
2890000         214.014
2900000         218.412
2910000         242.725
2920000          217.96
2930000         223.774
2940000          201.95
2950000         223.744
2960000         197.739
2970000         231.563
2980000           220.5
2990000         236.426
3000000         268.297
3010000         219.038
3020000         203.098
3030000         219.829
3040000         201.286
3050000         225.322
3060000         240.913
3070000         229.566
3080000         208.195
3090000         196.578
3100000         229.762
3110000         211.531
3120000          219.15
3130000         217.906
3140000         210.227
3150000          214.05
3160000         251.013
3170000         211.142
3180000         203.257
3190000         221.871
3200000         224.275
3210000         215.482
3220000         194.468
3230000             204
3240000         242.208
3250000         229.215
3260000         199.532
3270000         211.905
3280000         230.813
3290000         247.345
3300000         219.252
3310000         225.928
3320000         213.158
3330000         200.986
3340000         241.249
3350000         203.163
3360000         210.319
3370000         221.416
3380000         212.868
3390000         210.962
3400000         223.045
3410000         228.758
3420000          221.45
3430000         215.074
3440000         219.102
3450000         244.706
3460000         243.387
3470000         216.186
3480000         224.578
3490000         193.191
3500000         210.354
3510000         187.506
3520000         198.227
3530000         204.414
3540000         220.189
3550000          222.76
3560000         231.556
3570000         207.235
3580000         204.152
3590000         212.597
3600000         209.878
3610000         206.191
3620000          223.85
3630000         197.588
3640000         237.621
3650000         190.554
3660000         220.713
3670000         223.119
3680000         203.571
3690000         220.459
3700000          219.23
3710000          212.96
3720000         220.226
3730000         238.858
3740000         215.543
3750000         235.779
3760000         240.399
3770000         211.764
3780000         203.004
3790000         198.829
3800000         234.317
3810000         236.005
3820000         189.264
3830000         198.588
3840000         218.027
3850000         213.748
3860000         225.723
3870000         218.108
3880000          244.38
3890000          236.02
3900000         194.569
3910000         218.193
3920000         208.942
3930000          218.97
3940000         202.179
3950000         196.582
3960000          220.48
3970000         234.411
3980000         219.837
3990000         207.725
4000000         249.649
4010000           235.7
4020000         226.352
4030000         233.942
4040000         221.134
4050000         216.411
4060000         227.074
4070000         246.753
4080000         211.165
4090000          213.14
4100000         228.097
4110000         233.298
4120000         199.956
4130000         196.817
4140000         239.236
4150000         230.608
4160000         218.712
4170000          232.29
4180000         237.921
4190000         215.033
4200000         216.821
4210000         210.686
4220000         231.657
4230000          222.11
4240000         235.689
4250000         216.276
4260000         209.501
4270000         226.957
4280000         237.978
4290000          216.49
4300000         201.262
4310000         227.858
4320000         229.312
4330000          221.02
4340000         211.959
4350000         213.897
4360000         197.699
4370000         187.889
4380000         223.047
4390000         219.411
4400000         222.301
4410000          215.77
4420000         198.327
4430000         222.567
4440000         223.074
4450000         191.476
4460000           216.6
4470000         191.776
4480000         183.784
4490000         199.242
4500000         182.073
4510000         192.194
4520000         204.076
4530000         220.843
4540000         222.203
4550000         201.386
4560000         201.719
4570000         219.983
4580000         203.777
4590000         221.208
4600000         213.706
4610000         210.998
4620000         237.053
4630000          214.48
4640000         218.172
4650000         226.638
4660000         200.933
4670000         188.105
4680000         204.488
4690000          213.26
4700000         216.022
4710000         212.542
4720000         195.584
4730000         240.489
4740000         234.357
4750000         212.817
4760000         203.077
4770000         230.209
4780000         195.323
4790000         236.086
4800000         217.927
4810000          220.49
4820000         228.783
4830000         208.074
4840000         237.038
4850000         228.873
4860000          205.89
4870000         231.185
4880000         222.666
4890000         218.138
4900000         218.871
4910000         211.492
4920000         221.079
4930000         234.446
4940000          202.82
4950000         200.923
4960000         225.882
4970000         248.034
4980000         203.782
4990000         210.217
5000000         197.594
5010000          229.31
5020000         209.003
5030000         205.934
5040000         237.179
5050000         225.862
5060000         206.655
5070000         228.081
5080000         227.867
5090000          213.82
5100000          226.59
5110000         218.359
5120000         204.077
5130000         193.465
5140000         201.061
5150000          211.43
5160000         232.601
5170000         217.846
5180000         212.088
5190000          218.48
5200000         248.857
5210000         212.446
5220000         224.713
5230000         211.075
5240000         245.779
5250000         205.951
5260000         199.195
5270000         211.493
5280000         227.562
5290000          202.38
5300000         217.377
5310000         235.797
5320000         200.099
5330000         225.915
5340000         218.191
5350000         220.466
5360000         203.705
5370000          217.35
5380000         200.066
5390000         209.441
5400000         196.545
5410000         212.846
5420000         200.543
5430000         242.477
5440000          217.35
5450000         214.945
5460000         235.277
5470000         223.657
5480000         231.156
5490000         237.558
5500000         212.387
5510000         203.263
5520000          213.59
5530000         221.954
5540000         230.371
5550000         234.884
5560000         202.187
5570000         202.526
5580000         220.404
5590000         229.453
5600000         223.933
5610000          214.67
5620000          260.19
5630000         251.184
5640000         230.997
5650000         244.044
5660000         217.053
5670000         227.837
5680000         218.871
5690000         222.441
5700000         209.935
5710000         210.245
5720000         250.789
5730000         227.814
5740000         205.939
5750000         208.847
5760000         228.332
5770000         221.161
5780000         224.189
5790000         233.876
5800000         246.876
5810000         200.333
5820000         198.022
5830000         238.684
5840000         217.819
5850000         203.319
5860000         210.337
5870000         216.268
5880000         232.951
5890000         198.942
5900000         216.855
5910000         220.391
5920000         207.011
5930000         204.555
5940000         218.156
5950000         186.776
5960000         232.117
5970000         229.704
5980000         201.347
5990000         216.725
6000000         207.492
6010000         218.357
6020000         230.926
6030000         211.083
6040000         197.677
6050000         199.604
6060000         218.697
6070000          228.36
6080000         237.844
6090000          224.12
6100000         224.673
6110000         211.294
6120000         240.117
6130000         213.388
6140000         234.114
6150000         203.185
6160000         199.073
6170000         195.202
6180000         209.341
6190000         195.813
6200000          194.77
6210000         218.434
6220000         200.507
6230000          203.37
6240000          213.37
6250000         205.405
6260000         204.467
6270000         231.691
6280000         208.713
6290000         207.868
6300000         210.532
6310000         208.507
6320000         222.473
6330000          206.31
6340000         248.319
6350000         235.029
6360000         244.493
6370000         229.453
6380000         225.738
6390000         201.526
6400000         270.831
6410000         209.578
6420000         192.761
6430000         213.797
6440000         226.972
6450000         235.056
6460000         234.366
6470000         241.387
6480000         213.821
6490000         227.707
6500000          203.81
6510000          226.99
6520000          206.53
6530000         210.948
6540000         210.363
6550000         230.015
6560000         219.075
6570000         215.984
6580000         255.659
6590000          219.93
6600000          225.93
6610000         246.632
6620000         249.183
6630000         241.191
6640000         242.403
6650000         191.693
6660000         221.734
6670000         199.918
6680000         224.537
6690000         220.963
6700000         223.126
6710000         217.947
6720000         218.988
6730000          225.29
6740000         231.182
6750000         228.273
6760000         225.817
6770000         189.188
6780000         188.222
6790000         208.801
6800000         206.811
6810000          199.45
6820000          260.52
6830000         203.081
6840000         194.215
6850000         222.663
6860000         210.225
6870000         217.126
6880000         204.485
6890000          212.93
6900000          225.72
6910000         198.477
6920000         196.091
6930000           245.7
6940000         233.314
6950000         223.551
6960000          230.95
6970000         230.689
6980000         229.627
6990000         204.796
7000000          225.17
7010000         211.841
7020000          207.83
7030000         229.798
7040000         223.411
7050000         204.494
7060000         224.521
7070000         213.858
7080000         250.635
7090000         258.654
7100000         214.587
7110000         230.363
7120000         201.584
7130000         211.062
7140000         238.568
7150000          207.42
7160000         221.178
7170000         205.155
7180000          220.92
7190000         206.456
7200000         218.053
7210000          247.09
7220000         205.873
7230000         201.446
7240000         239.234
7250000         229.294
7260000         223.446
7270000         235.732
7280000         226.384
7290000         220.345
7300000         228.991
7310000         237.652
7320000         215.015
7330000         237.356
7340000         224.993
7350000         200.644
7360000         222.115
7370000         216.394
7380000         224.891
7390000         229.271
7400000         214.183
7410000         242.123
7420000         201.979
7430000         210.705
7440000         218.393
7450000         231.653
7460000          230.77
7470000         208.526
7480000         213.259
7490000         190.422
7500000         219.451
7510000         241.234
7520000         221.529
7530000         218.317
7540000         207.029
7550000         244.398
7560000          216.71
7570000         220.218
7580000         216.607
7590000         199.434
7600000         217.221
7610000         205.392
7620000         206.772
7630000         217.624
7640000         203.885
7650000         223.774
7660000         225.963
7670000         213.764
7680000         237.345
7690000         211.135
7700000         211.824
7710000         214.917
7720000         230.155
7730000          212.53
7740000         234.009
7750000         210.478
7760000         211.726
7770000         217.912
7780000         227.497
7790000         217.668
7800000         224.437
7810000         219.861
7820000         253.784
7830000         204.831
7840000         228.095
7850000          223.73
7860000         216.842
7870000         207.553
7880000         226.778
7890000         207.111
7900000         208.188
7910000         212.278
7920000         212.497
7930000         204.256
7940000         236.365
7950000         240.747
7960000         206.293
7970000         213.063
7980000         221.586
7990000         209.438
8000000          214.72
8010000         201.275
8020000         220.446
8030000          231.07
8040000          181.97
8050000         209.628
8060000         196.786
8070000         213.158
8080000         238.857
8090000         202.965
8100000          200.59
8110000         205.469
8120000         211.237
8130000          217.37
8140000         230.136
8150000         221.961
8160000         217.051
8170000         233.455
8180000         247.037
8190000         223.736
8200000         230.942
8210000          235.19
8220000         201.661
8230000         223.578
8240000         205.216
8250000         209.743
8260000         211.182
8270000         228.342
8280000           232.2
8290000         201.338
8300000         210.712
8310000         212.822
8320000         211.167
8330000         208.369
8340000         206.625
8350000         214.858
8360000         219.434
8370000         232.978
8380000         237.441
8390000         216.306
8400000          230.83
8410000         202.322
8420000         261.644
8430000         204.756
8440000         232.975
8450000         212.081
8460000         236.922
8470000          241.24
8480000         221.148
8490000         211.837
8500000         228.478
8510000         207.648
8520000         194.303
8530000         201.771
8540000         188.747
8550000         200.705
8560000         219.714
8570000         249.431
8580000         235.024
8590000         206.592
8600000         204.266
8610000         219.956
8620000         218.256
8630000         184.309
8640000         178.939
8650000         201.054
8660000         239.811
8670000         219.646
8680000          203.54
8690000         222.676
8700000         230.371
8710000         228.523
8720000         207.303
8730000          232.04
8740000         197.664
8750000         215.797
8760000         201.405
8770000         196.152
8780000         205.263
8790000         215.404
8800000         202.051
8810000         236.177
8820000         224.899
8830000         195.685
8840000         257.949
8850000         228.479
8860000         238.496
8870000         192.765
8880000         217.498
8890000         211.267
8900000         215.938
8910000         197.222
8920000         185.184
8930000         211.703
8940000         237.953
8950000         217.277
8960000         212.475
8970000         223.601
8980000         227.328
8990000         227.027
9000000         215.692
9010000         214.524
9020000         213.832
9030000         223.374
9040000         220.713
9050000         214.974
9060000         230.509
9070000         226.179
9080000         228.979
9090000         199.266
9100000         214.698
9110000         225.661
9120000         203.284
9130000         229.867
9140000         226.155
9150000         218.793
9160000          231.83
9170000         214.009
9180000         241.192
9190000          201.88
9200000         215.008
9210000         223.206
9220000         253.167
9230000         223.853
9240000         222.178
9250000         189.823
9260000         213.806
9270000         228.841
9280000         211.203
9290000         222.537
9300000         221.347
9310000         206.729
9320000         212.189
9330000         215.288
9340000         204.356
9350000         207.772
9360000          198.58
9370000         217.801
9380000          221.55
9390000         233.791
9400000         214.242
9410000         198.359
9420000         202.033
9430000         191.471
9440000         191.625
9450000         219.041
9460000         215.549
9470000         212.632
9480000         193.426
9490000         206.385
9500000         217.081
9510000         219.057
9520000          217.62
9530000         233.464
9540000         224.515
9550000         227.678
9560000         218.887
9570000         206.377
9580000         218.899
9590000          212.68
9600000         256.734
9610000         229.603
9620000         217.663
9630000         217.809
9640000         228.021
9650000         222.278
9660000         195.766
9670000         207.662
9680000         215.053
9690000         231.299
9700000         247.225
9710000         226.334
9720000         212.153
9730000         203.899
9740000         207.651
9750000         211.361
9760000         216.498
9770000         217.088
9780000         207.445
9790000         225.877
9800000         215.328
9810000         224.783
9820000         212.257
9830000         232.795
9840000         214.683
9850000         229.523
9860000         205.108
9870000         233.544
9880000         209.078
9890000         227.198
9900000         214.396
9910000         212.096
9920000         216.678
9930000         212.848
9940000          216.53
9950000         215.341
9960000         221.296
9970000         193.886
9980000         198.094
9990000         206.341
