# City               x               y
0         13.5747         37.3123
65         13.3524         38.1112
97          12.516         38.0174
96         9.66781         39.9705
61         9.34238         40.1277
18         9.11331         39.2172
21         8.54034         39.3075
86         8.76505         39.4937
63         8.67964         40.0266
87         8.92197         40.7778
62         9.50674         40.9253
48         10.3403         42.7902
40         11.2878         42.7751
89         11.4676         43.1672
4         11.7639         43.5171
68          12.403          43.107
94         12.4397         42.6539
81         12.8859         42.4147
44         13.6103         42.1369
70         13.9576         42.3103
25         14.4159         42.1027
93         13.6979         42.6581
5         13.5396         42.8834
32         13.6388         43.0922
51         13.1509          43.153
2         13.2188         43.4801
69         12.7014         43.6941
82          12.631         43.9465
36         12.0141         44.0227
78          12.059         44.3641
14         11.3426         44.4938
33         11.8279         44.7668
84         12.2742         44.9772
64         11.8734         45.4077
103         12.3346         45.4372
100         13.7773         45.6496
39         13.6252         45.9441
101         13.2358         46.0635
74         12.6597         45.9563
99         12.2063         45.8067
10         12.0789         46.2805
15         11.2302         46.6559
98         11.1258         46.0664
108         11.4064         45.6349
106         10.9924         45.4385
52         10.6708         45.1693
57          10.936         44.5385
80         10.5941         44.6087
66         10.3281         44.8014
28          10.037         45.2209
16         10.4259         45.7796
91         10.2584         46.3234
12         9.75422         45.7567
56         9.18963         45.4642
58         9.27883         45.6395
47         9.41202         45.9005
26         9.14941         45.9395
102         8.75413         45.8397
104          8.3836         46.1156
60           8.546         45.5843
105         8.34628         45.5554
13         8.08691          45.567
3         7.31966         45.7371
95         7.68249         45.0678
30         7.55814         44.4581
41         7.86674         43.9584
88         8.25257         44.2334
6         8.20269          44.826
1         8.74503          44.835
38         8.93386         44.4073
67         9.13783         45.0369
49         9.49168         45.2613
71         9.66653         44.8476
43         9.69123         44.2384
53         10.0526         44.2131
50         10.4544         44.0178
72         10.4019         43.7159
73         10.8687         43.9741
34         11.2556         43.7698
76         11.0941         43.9357
109         11.9488          42.493
83         12.4829         41.8933
45         13.0126         41.4595
37         13.5758         41.6285
42         14.2081         41.6495
22         14.1169         41.2035
59         14.2488         40.8359
11         14.7057         41.2476
20         14.8262         41.7173
35         15.4529         41.5028
7         15.1406         40.9965
85         15.3106         40.4194
75         15.8216         40.5173
9         16.1466         41.1802
8          16.862         41.1258
54         16.4736         40.4476
92         17.0806         40.5488
17         17.6884         40.6359
46         18.2261         40.1522
29         16.8783         39.1874
27         16.3331         39.5967
24         16.4316           38.83
107         16.0987         38.6267
79         15.6398         38.1035
55         15.5542         38.1938
23         15.0874         37.5024
90         15.2907         37.0646
77         14.7213          36.922
31         14.2807         37.5668
19         14.0632         37.4899
