# EV_STEP          L_best             <L>
0         13.7132         17.2146
1         13.1539          16.145
2         13.0762         14.7263
3         12.5959         14.1011
4         12.4845         13.5073
5         12.3058         13.0915
6         12.1161         12.7974
7         11.7731         12.5728
8         11.7331          12.416
9         11.5041         12.2857
10         11.1886         12.1244
11         10.8695         11.9718
12         10.8695         11.7082
13         10.4927         11.3918
14         10.0573         11.2026
15         9.86268         10.9345
16         9.72163         10.7036
17         9.63958         10.3907
18         8.88273         10.1625
19         8.88273         9.93483
20         8.73377         9.61856
21         8.68686         9.35471
22         8.60317          9.2455
23         8.17374         8.98533
24         7.93637         8.72486
25         7.93637         8.64425
26         7.93637           8.406
27         7.93637         8.22859
28         7.88117         8.16286
29         7.63974         8.12209
30         7.63974         8.05281
31         7.17448         7.96972
32         7.17448         7.78732
33         7.03708         7.70881
34         7.03708         7.53931
35         7.03708          7.4387
36         7.03708         7.36698
37         7.03708         7.35655
38         6.97119         7.30385
39         6.97119         7.20832
40         6.97119         7.18773
41         6.97119         7.08504
42         6.77537         6.98846
43         6.77537         6.95795
44         6.77537         6.91254
45         6.77537         6.87638
46         6.77537         6.86969
47         6.77537         6.86492
48         6.77537         6.86471
49         6.77537         6.83807
50         6.77537         6.86192
51         6.77537         6.86782
52         6.77537         6.94191
53         6.70484          6.9583
54         6.70484         6.81319
55         6.70484         6.76949
56         6.56437         6.78869
57         6.45429         6.75912
58         6.38376         6.76238
59         6.38376         6.73795
60         6.38376         6.66168
61         6.38376         6.60589
62         6.35754         6.50715
63         6.35754         6.47758
64         6.35754         6.39677
65         6.31602         6.37042
66         6.31602         6.36915
67         6.31602         6.39763
68         6.31602         6.36855
69         6.31602         6.45892
70         6.11319         6.38216
71         6.11319          6.3552
72         6.11319          6.3847
73         6.11319         6.37089
74         6.11319         6.33137
75         6.07629         6.23576
76         6.07629         6.20355
77         6.07629          6.2454
78         6.07629          6.2441
79         6.07629          6.3063
80         5.99797         6.22723
81         5.99797         6.32111
82         5.95229         6.24763
83         5.87397         6.16687
84         5.87397         6.05365
85         5.86574          6.0244
86         5.86574         5.97832
87         5.81829         5.96244
88         5.81006         5.95931
89         5.81006         5.93478
90         5.81006         5.96261
91         5.81006         6.00219
92         5.81006         5.92014
93         5.81006          5.8835
94         5.81006         5.87449
95         5.81006          5.8895
96          5.7792         5.92959
97          5.7792         5.98934
98          5.7792         6.00716
99         5.77207         5.88472
100         5.76895         5.88252
101         5.76895         5.90076
102         5.76895         5.87689
103         5.76895         5.88414
104         5.76895         5.85715
105         5.76895         5.89613
106         5.76895         5.86024
107         5.76895         5.80661
108         5.76895         5.83843
109         5.76895         5.79935
110         5.76895         5.86032
111         5.76895         5.83458
112         5.76895         5.84333
113         5.76895         5.89482
114         5.76895         5.85245
115         5.76895         5.88128
116         5.76895         5.91775
117         5.76895         5.91448
118         5.76895         5.89998
119         5.76895         5.85983
120         5.76895         5.90423
121         5.76895         5.90482
122         5.76895         5.90444
123         5.76895         5.87136
124         5.76895          5.9066
125         5.76895         5.92619
126         5.76895          5.9065
127         5.76895         5.97631
128         5.76895         5.92139
129         5.76895         5.87076
130         5.76895         5.84566
131         5.76895         5.82294
132         5.76895         5.79469
133         5.76895         5.87552
134         5.76895         5.83771
135         5.76895         5.85517
136         5.76895         5.84954
137         5.76895         5.86483
138         5.76895         5.91378
139         5.76087         5.95125
140         5.76087          5.9703
141         5.76087         5.92368
142         5.76087         5.82098
143         5.76087         5.80373
144         5.76087         5.77122
145         5.76087         5.80616
146         5.76087         5.81555
147         5.76087         5.82239
148         5.76087         5.88636
149         5.76087           5.814
150         5.76087          5.8859
151         5.76087          5.8806
152         5.76087         5.93721
153         5.76087         5.87159
154         5.76087          5.9201
155         5.76087         5.84378
156         5.76087         5.76281
157         5.76087          5.9045
158         5.76087         5.93081
159         5.76087         5.84365
160         5.76087         5.82098
161         5.76087         5.79085
162         5.76087         5.76087
163         5.76087         5.76374
164         5.76087         5.77313
165         5.76087         5.79176
166         5.76087         5.79879
167         5.76087         5.84446
168         5.76087         5.81782
169         5.76087         5.78939
170         5.76087         5.77691
171         5.76087         5.84874
172         5.76087         5.84689
173         5.76087         5.77334
174         5.76087         5.79293
175         5.76087         5.86866
176         5.76087         5.77336
177         5.76087         5.86392
178         5.76087         5.88393
179         5.76087         5.88142
180         5.76087         5.87544
181         5.76087         5.83418
182         5.76087         5.84767
183         5.76087          5.7768
184         5.76087         5.85673
185         5.76087         5.83545
186         5.76087         5.77004
187         5.76087         5.77736
188         5.76087         5.79752
189         5.76087         5.76964
190         5.76087         5.78186
191         5.76087         5.80994
192         5.74395         5.82143
193         5.74395         5.77529
194         5.74395         5.76829
195         5.74395         5.75768
196         5.74395         5.75913
197         5.74395         5.76655
198         5.74395          5.8167
199         5.74395         5.74807
200         5.74395         5.76499
201         5.74395          5.7792
202         5.74065         5.83348
203          5.7297         5.79749
204          5.7297         5.75217
205          5.7297         5.78914
206          5.7297         5.83818
207          5.7297         5.81961
208          5.7297         5.83556
209          5.7297         5.79627
210          5.7297         5.75353
211          5.7297         5.73635
212          5.7297         5.75353
213          5.7297         5.74749
214          5.7297         5.79479
215          5.7297         5.82623
216          5.7297         5.82178
217          5.7297         5.76742
218         5.71338          5.8332
219         5.71338         5.86499
220         5.71338         5.74513
221         5.71338         5.75698
222         5.71338         5.75045
223         5.71338         5.81977
224         5.71338         5.85964
225         5.71338         5.81337
226         5.71338         5.87134
227         5.71338         5.85822
228         5.71338         5.93458
229         5.71338         5.74707
230         5.71338         5.74145
231         5.71338         5.83478
232         5.71338         5.95633
233         5.71338         5.83889
234         5.71338         5.82831
235         5.71338           5.783
236         5.71338         5.82275
237         5.71338         5.86167
238         5.71338          5.7921
239         5.69074         5.83744
240         5.69074         5.83409
241         5.69074         5.75273
242         5.69074         5.76383
243         5.69074         5.74718
244         5.69074         5.69674
245         5.69074         5.70495
246         5.69074          5.7263
247         5.69074         5.76276
248         5.69074         5.79247
249         5.69074         5.77935
250         5.69074         5.81446
251         5.69074         5.69312
252         5.69074         5.73074
253         5.69074         5.69305
254         5.69074         5.78188
255         5.69074         5.79762
256         5.69074         5.75447
257         5.69074         5.74938
258         5.69074         5.80943
259         5.69074         5.88968
260         5.69074         5.77195
261         5.69074         5.73323
262         5.69074         5.78379
263         5.69074         5.73234
264         5.69074         5.74334
265         5.69074         5.81474
266         5.69074         5.78671
267         5.69074          5.7768
268         5.69074         5.72115
269         5.69074         5.69152
270         5.69074         5.74067
271         5.69074         5.75577
272         5.69074          5.7188
273         5.69074         5.71487
274         5.69074         5.71485
275         5.56289         5.73391
276         5.56289         5.75733
277         5.56289         5.65233
278         5.56289         5.73588
279         5.56289         5.64548
280         5.56289         5.61598
281         5.56289         5.58776
282         5.55938         5.57092
283         5.55938         5.64665
284         5.55938         5.73194
285         5.55938         5.63015
286         5.55938         5.61023
287         5.55938         5.60095
288         5.55938         5.61652
289         5.55938          5.6234
290         5.55938         5.61742
291         5.55938          5.5901
292         5.55938         5.67487
293         5.55938         5.65633
294         5.55938         5.63283
295         5.55938          5.5986
296         5.55938         5.56844
297         5.54159         5.62627
298         5.54159         5.65284
299         5.54159         5.64576
300         5.54159         5.72026
301         5.54159         5.57235
302         5.54159         5.56785
303         5.54159         5.57113
304         5.54159         5.62128
305         5.54159         5.71713
306         5.54159         5.74577
307         5.54159         5.67129
308         5.54159         5.55987
309         5.54159         5.54515
310         5.54159         5.58598
311         5.54159         5.60682
312         5.54159          5.6059
313         5.54159         5.61161
314         5.54159         5.58834
315         5.54159         5.62603
316         5.54159         5.69304
317         5.54159         5.68606
318         5.54159         5.58152
319         5.54159         5.63528
320         5.54159         5.57468
321         5.54159         5.60887
322         5.54159         5.64488
323         5.54159          5.6409
324         5.54159         5.69075
325         5.54159         5.65185
326         5.54159         5.61534
327         5.54159         5.61197
328         5.54159         5.63106
329         5.54159         5.71182
330         5.54159          5.7394
331         5.54159         5.72926
332         5.54159         5.69021
333         5.54159         5.58595
334         5.54159          5.5781
335         5.54159         5.54159
336         5.54159         5.63383
337         5.54159          5.6029
338         5.54159         5.55217
339         5.54159         5.61451
340         5.54159         5.63352
341         5.54159         5.57856
342         5.54159         5.60594
343         5.54159         5.58144
344         5.54159         5.56777
345         5.54159         5.58365
346         5.54159         5.56216
347         5.54159         5.57896
348         5.54159         5.59933
349         5.54159         5.69904
350         5.54159         5.61033
351         5.54159         5.61034
352          5.5204         5.68569
353          5.5204         5.72624
354          5.5204         5.65055
355          5.5204         5.58863
356          5.5204         5.60252
357          5.5204         5.65283
358          5.5204         5.60495
359          5.5204         5.60326
360          5.5204         5.64559
361          5.5204         5.56606
362          5.5204         5.55362
363          5.5204         5.66011
364          5.5204         5.70632
365          5.5204         5.58487
366          5.5204         5.52078
367          5.5204         5.54266
368          5.5204         5.57246
369          5.5204         5.60872
370          5.5204         5.53914
371          5.5204          5.5204
372          5.5204         5.52591
373          5.5204         5.53147
374          5.5204         5.53764
375          5.5204         5.54306
376          5.5204         5.52156
377          5.5204         5.52317
378          5.5204         5.52508
379          5.5204          5.5553
380          5.5204         5.52316
381          5.5204         5.53616
382          5.5204         5.53758
383          5.5204         5.52576
384          5.5204         5.53001
385          5.5204         5.60217
386          5.5204         5.54111
387          5.5204         5.52938
388          5.5204          5.5801
389          5.5204         5.55893
390          5.5204          5.5954
391          5.5204         5.58827
392          5.5204         5.58708
393          5.5204         5.58137
394          5.5204         5.62653
395          5.5204         5.73087
396          5.5204         5.55764
397          5.5204         5.59139
398          5.5204         5.55141
399          5.5204          5.5819
400          5.5204         5.55413
401          5.5204         5.60757
402          5.5204         5.62131
403          5.5204         5.66827
404          5.5204          5.5973
405          5.5204         5.61235
406          5.5204         5.61232
407          5.5204         5.54764
408          5.5204         5.59523
409          5.5204         5.71253
410         5.50337         5.74059
411         5.48011         5.69682
412         5.48011         5.62616
413         5.48011          5.5767
414         5.48011         5.66825
415         5.48011         5.60683
416         5.47969         5.56381
417         5.47969         5.56558
418         5.47969         5.49787
419         5.47969         5.52551
420         5.47969         5.53169
421         5.47969         5.52506
422         5.47969         5.52692
423         5.47969         5.52919
424         5.47969         5.52075
425         5.47969          5.4843
426         5.47969         5.49373
427         5.46212         5.47957
428         5.46212         5.48841
429         5.46212         5.47867
430         5.46212         5.52624
431         5.46212         5.57816
432         5.46212          5.6218
433         5.46212         5.52224
434         5.46212         5.62525
435         5.46212         5.52353
436         5.46212         5.52191
437         5.46212         5.51391
438         5.46212         5.52692
439         5.46212         5.50598
440         5.46212         5.49245
441         5.46212          5.4681
442         5.46212         5.46212
443         5.46212         5.46212
444         5.46212         5.46219
445         5.46212         5.48007
446         5.46212         5.47682
447         5.46212         5.51023
448         5.46212         5.51087
449         5.46212         5.48936
450         5.46212         5.48123
451         5.46212         5.48895
452         5.46212         5.49066
453         5.46212         5.63618
454         5.46212         5.59838
455         5.46212         5.52457
456         5.46212         5.55527
457         5.46212         5.65441
458         5.46212         5.57542
459         5.46212         5.49907
460         5.46212         5.52046
461         5.46212         5.52316
462         5.46212         5.54186
463         5.46212         5.56242
464         5.46212         5.47611
465         5.46212         5.47955
466         5.46212          5.4629
467         5.46212         5.53708
468         5.46212           5.486
469         5.46212         5.50029
470         5.46212         5.49976
471         5.46212           5.496
472         5.46212         5.53065
473         5.46212         5.52337
474         5.46212         5.47365
475         5.46212         5.47052
476         5.46212         5.47644
477         5.46212          5.4749
478         5.46212         5.52897
479         5.46212         5.60795
480         5.46212          5.5142
481         5.46212         5.48285
482         5.46212          5.5042
483         5.46212         5.56082
484         5.46212         5.52417
485         5.46212         5.50459
486         5.46212         5.47283
487         5.46212         5.47196
488         5.46212         5.51296
489         5.46212         5.56428
490         5.46212         5.53738
491         5.46212         5.60056
492         5.46212         5.54339
493         5.46212         5.54644
494         5.46212         5.57812
495         5.46212         5.61848
496         5.46212         5.56071
497         5.46212         5.55483
498         5.46212         5.53377
499         5.46212         5.54957
500         5.46212         5.56706
501         5.46212         5.59484
502         5.46212         5.57351
503         5.46212         5.51789
504         5.46212         5.52441
505         5.46212         5.54152
506         5.46212          5.5058
507         5.46212         5.50591
508         5.46212         5.52998
509         5.46212          5.5305
510         5.46212          5.6811
511         5.46212         5.57351
512         5.46212         5.63665
513         5.46212         5.55512
514         5.46212         5.60473
515         5.46212         5.60352
516         5.46212         5.59635
517         5.46212         5.56063
518         5.46212         5.63397
519         5.46212         5.62637
520         5.46212         5.51538
521         5.46212         5.49765
522         5.46212         5.53414
523         5.40776          5.5412
524         5.40776         5.48636
525         5.40776         5.46291
526         5.40776         5.49761
527         5.40776          5.4419
528         5.40776         5.43974
529         5.40776         5.42072
530         5.40776         5.47576
531         5.40776         5.43942
532         5.40776         5.46181
533         5.40776         5.50727
534         5.40776         5.50506
535         5.40776         5.46957
536         5.40776         5.54337
537         5.40776         5.49813
538         5.40776         5.46799
539         5.40776         5.51214
540         5.40776         5.46609
541         5.40776         5.44568
542         5.40776         5.50768
543         5.40776         5.50266
544         5.40776         5.54078
545         5.40776         5.47587
546         5.40776         5.44581
547         5.40776         5.47324
548         5.40776         5.44161
549         5.40776         5.46415
550         5.40776         5.48265
551         5.40776          5.5759
552         5.40776          5.5643
553         5.40776         5.50692
554         5.40776         5.50966
555         5.40776         5.47599
556         5.40776         5.50984
557         5.40776         5.49806
558         5.40776         5.43553
559         5.40776         5.49975
560         5.40776          5.4715
561         5.40776         5.51173
562         5.40776         5.60809
563         5.40776         5.57114
564         5.40776         5.56299
565         5.40776         5.49911
566         5.40776         5.47888
567         5.40776         5.45397
568         5.40776         5.49746
569         5.40776         5.48242
570         5.40776         5.48816
571         5.40776         5.49499
572         5.40776         5.41937
573         5.40776         5.43272
574         5.40776         5.41774
575         5.40776         5.40776
576         5.40776         5.40788
577         5.40776         5.44236
578         5.40776         5.42075
579         5.40776         5.49816
580         5.40776         5.47899
581         5.40776         5.52273
582         5.40776         5.50675
583         5.40776         5.46376
584         5.40776         5.47978
585         5.40776           5.445
586         5.40776         5.46619
587         5.40776         5.43872
588         5.40776           5.532
589         5.40776         5.50456
590         5.40776         5.43122
591         5.40776         5.46068
592         5.40776         5.44698
593         5.40776         5.51223
594         5.40776         5.47102
595         5.40776          5.4078
596         5.40776          5.4203
597         5.40776         5.43503
598         5.40776         5.51193
599         5.40776         5.52309
600         5.40776         5.59844
601         5.40776          5.5459
602         5.40776         5.61442
603         5.40776         5.58638
604         5.40776         5.57632
605         5.40776          5.4545
606         5.40776         5.46431
607         5.40776         5.41543
608         5.40776         5.48067
609         5.40776         5.44633
610         5.40776         5.50419
611         5.40776          5.5122
612         5.40776         5.47458
613         5.40776         5.48697
614         5.40776         5.41686
615         5.40776         5.41007
616         5.40776          5.5214
617         5.40776         5.57927
618         5.40776         5.63496
619         5.40776         5.60684
620         5.40776         5.49791
621         5.40776         5.47026
622         5.40776         5.48646
623         5.40776         5.45564
624         5.40776         5.43356
625         5.40776         5.44769
626         5.40776         5.40964
627         5.40776         5.40776
628         5.40776         5.42341
629         5.40776         5.41858
630         5.40776         5.49437
631         5.40776         5.42702
632         5.40776         5.47108
633         5.40776          5.4933
634         5.40776         5.48463
635         5.40776         5.46311
636         5.40776         5.48082
637         5.40776         5.48029
638         5.40776         5.46046
639         5.40776         5.45155
640         5.40776         5.45657
641         5.40776         5.45801
642         5.40776         5.45422
643         5.40776         5.48542
644         5.40776         5.41085
645         5.40776         5.41697
646         5.40776         5.45666
647         5.40776         5.45936
648         5.40776         5.47735
649         5.40776         5.47724
650         5.40776         5.42618
651         5.40776         5.45542
652         5.40776         5.45223
653         5.40776         5.42647
654         5.40776          5.4368
655         5.40776          5.4106
656         5.40776         5.44022
657         5.40776         5.41658
658         5.40776         5.40776
659         5.40776         5.43845
660         5.40776         5.43914
661         5.40776         5.42779
662         5.40776         5.41714
663         5.40776          5.4192
664         5.40776         5.40776
665         5.40776         5.46721
666         5.40776         5.50151
667         5.40776         5.44556
668         5.40776         5.44129
669         5.40776         5.40821
670         5.40776         5.40821
671         5.40776         5.47396
672         5.40776         5.41059
673         5.40776         5.47725
674         5.40776          5.4327
675         5.40776         5.43683
676         5.40776         5.46877
677         5.40776         5.52777
678         5.40776         5.52808
679         5.40776         5.49175
680         5.40776         5.43457
681         5.40776         5.43779
682         5.40776         5.40854
683         5.40776           5.453
684         5.40776         5.47469
685         5.40776         5.54435
686         5.40776         5.52846
687         5.40776         5.59839
688         5.40776         5.50198
689         5.40776         5.47892
690         5.40776         5.49233
691         5.40776         5.57759
692         5.40776          5.5926
693         5.40776         5.63765
694         5.40776          5.5159
695         5.37821         5.44639
696         5.37821         5.41691
697         5.37821         5.51062
698         5.37821         5.51184
699         5.37821          5.4816
700         5.37821         5.41755
701         5.37821         5.42407
702         5.37821         5.38255
703         5.37821         5.41051
704         5.37821         5.38931
705         5.37821         5.38342
706         5.37821          5.4051
707         5.37821         5.39041
708         5.37821         5.46333
709         5.37821          5.5089
710         5.37821         5.52466
711         5.37821         5.57332
712         5.37821          5.5303
713         5.37821         5.46945
714         5.37821         5.40977
715         5.37821         5.44581
716         5.37821         5.39646
717         5.37821         5.43722
718         5.37821         5.38965
719         5.37821          5.4824
720         5.37821         5.44903
721         5.37821         5.43782
722         5.37821         5.49846
723         5.37821         5.56303
724         5.37821         5.53224
725         5.37821         5.45935
726         5.37821         5.41686
727         5.37821         5.39129
728         5.37821         5.41826
729         5.37821         5.41282
730         5.37821         5.39813
731         5.37821         5.45737
732         5.37821         5.41638
733         5.37821          5.3929
734         5.37821         5.38663
735         5.37821         5.40558
736         5.37821         5.50143
737         5.37821         5.54036
738         5.37821         5.50706
739         5.37821         5.48102
740         5.37821         5.50554
741         5.37821         5.42567
742         5.37821          5.4164
743         5.37821          5.4243
744         5.37821          5.3993
745         5.37821         5.40234
746         5.37821         5.37821
747         5.37821         5.41306
748         5.37821         5.41545
749         5.37821         5.49239
750         5.37821         5.44644
751         5.37821         5.43342
752         5.37821         5.49855
753         5.37821         5.49949
754         5.37821         5.54049
755         5.37821         5.45875
756         5.37821         5.42325
757         5.37821         5.46412
758         5.37821         5.46474
759         5.37821         5.48462
760         5.37821         5.44624
761         5.37821         5.41683
762         5.37821         5.45281
763         5.37821         5.48014
764         5.37821         5.52211
765         5.37821         5.47334
766         5.37821         5.50978
767         5.37821         5.42439
768         5.37821         5.46829
769         5.37821         5.43656
770         5.37821         5.45891
771         5.37821         5.48686
772         5.37821         5.48249
773         5.37821          5.4801
774         5.37821         5.45638
775         5.37821         5.40389
776         5.37821         5.38526
777         5.37821         5.37899
778         5.37821         5.40357
779         5.37821         5.41287
780         5.37821         5.46441
781         5.37821         5.39793
782         5.37821         5.42604
783         5.37821         5.40586
784         5.37821         5.45657
785         5.37821         5.41764
786         5.37821         5.40808
787         5.37821         5.41608
788         5.37821          5.3853
789         5.37821         5.37821
790         5.37821         5.37927
791         5.37821         5.37835
792         5.37821         5.38183
793         5.37821         5.39863
794         5.37821         5.41445
795         5.37821         5.37938
796         5.37821          5.3976
797         5.37821         5.46632
798         5.37821         5.55386
799         5.37821         5.46092
800         5.37821         5.43305
801         5.37821          5.4631
802         5.37821         5.40936
803         5.37821         5.41889
804         5.37821         5.43809
805         5.37821         5.38743
806         5.37821         5.42842
807         5.37821         5.47638
808         5.37821         5.58301
809         5.37821         5.47884
810         5.37821         5.40147
811         5.37821         5.44433
812         5.37821         5.45494
813         5.37821         5.52784
814         5.37821         5.48663
815         5.37821         5.43546
816         5.37821         5.44858
817         5.37821         5.50786
818         5.37821         5.45793
819         5.37821         5.43005
820         5.37821         5.42525
821         5.37821          5.3826
822         5.37821         5.40379
823         5.37821         5.38399
824         5.37821         5.40288
825         5.37821         5.42417
826         5.37821         5.51324
827         5.37821         5.50772
828         5.37821          5.5177
829         5.37821         5.41607
830         5.37821         5.44629
831         5.37821         5.42475
832         5.37821         5.38077
833         5.37821         5.40122
834         5.37821         5.44854
835         5.37821         5.40748
836         5.37821         5.40691
837         5.37821         5.44531
838         5.37821         5.47758
839         5.37821         5.42962
840         5.37821         5.49126
841         5.37821         5.41589
842         5.37821         5.45264
843         5.37821         5.47913
844         5.37821         5.43943
845         5.37821         5.41948
846         5.37821         5.44998
847         5.37821         5.54719
848         5.37821         5.52765
849         5.37821         5.47277
850         5.37821         5.42948
851         5.37821         5.42792
852         5.37821         5.39871
853         5.37821         5.39302
854         5.37821         5.43507
855         5.37821         5.41514
856         5.37821          5.4846
857         5.37821          5.5184
858         5.37821         5.56894
859         5.37821         5.39489
860         5.37821         5.40873
861         5.37821         5.46795
862         5.37821         5.47266
863         5.37821         5.43865
864         5.37821         5.45056
865         5.37821         5.44711
866         5.37821         5.41961
867         5.37821         5.40802
868         5.37821         5.42735
869         5.37821         5.48062
870         5.37821         5.47344
871         5.37821         5.53073
872         5.37821         5.54454
873         5.37821         5.48209
874         5.37821         5.50686
875         5.37821         5.39826
876         5.37821         5.41616
877         5.37821         5.51306
878         5.37821         5.38315
879         5.37821         5.38535
880         5.37821         5.38755
881         5.37821         5.41371
882         5.37821         5.42188
883         5.37821         5.47431
884         5.37821         5.44344
885         5.37821         5.45949
886         5.37821         5.47474
887         5.37821         5.43101
888         5.37821         5.50261
889         5.37821         5.45742
890         5.37821         5.39618
891         5.37821         5.43208
892         5.37821         5.41839
893         5.37821         5.39933
894         5.37821         5.41791
895         5.37821         5.43971
896         5.37821         5.38508
897         5.37821         5.38236
898         5.37821         5.38606
899         5.37821         5.40009
900         5.37821         5.39771
901         5.37821         5.37821
902         5.37821         5.38915
903         5.37821         5.37899
904         5.37821          5.3786
905         5.37821         5.37821
906         5.37821         5.37821
907         5.37821         5.37821
908         5.37821          5.3834
909         5.37821         5.38305
910         5.37821         5.37821
911         5.37821          5.3786
912         5.37821         5.37821
913         5.37821         5.42528
914         5.37821         5.50882
915         5.37821         5.39482
916         5.37821         5.50521
917         5.37821         5.47842
918         5.37821         5.46056
919         5.37821         5.42544
920         5.37821         5.47843
921         5.37821         5.48354
922         5.37821          5.5372
923         5.37821         5.49322
924         5.37821          5.4206
925         5.37821         5.38452
926         5.37821         5.37958
927         5.37821         5.44846
928         5.37821         5.40907
929         5.37821          5.4704
930         5.37821         5.56974
931         5.37821         5.60872
932         5.37821          5.5037
933         5.37821         5.45869
934         5.37821         5.38612
935         5.37821         5.38687
936         5.37821         5.45534
937         5.37821         5.48623
938         5.37821         5.45508
939         5.37821         5.42959
940         5.37821          5.4243
941         5.37821         5.39338
942         5.37821          5.3801
943         5.37821         5.40018
944         5.37821         5.39159
945         5.37821         5.40373
946         5.37821         5.44555
947         5.37821         5.39929
948         5.37821         5.42596
949         5.37821         5.48079
950         5.37821         5.53553
951         5.37821         5.57479
952         5.37821         5.52165
953         5.37821         5.61266
954         5.37821         5.53353
955         5.37821         5.49374
956         5.37821          5.4619
957         5.37821         5.48237
958         5.37821         5.38299
959         5.37821         5.38067
960         5.37821          5.3887
961         5.37821         5.42362
962         5.37821         5.40995
963         5.37821         5.39593
964         5.37821          5.4374
965         5.37821         5.40453
966         5.37821         5.41564
967         5.37821         5.44568
968         5.37821         5.41654
969         5.37821         5.43306
970         5.37821           5.508
971         5.37821          5.4739
972         5.37821         5.53559
973         5.37821         5.51189
974         5.37821         5.50282
975         5.37821         5.45553
976         5.37821         5.43767
977         5.37821         5.40238
978         5.37821         5.45011
979         5.37821         5.43091
980         5.37821         5.46766
981         5.37821         5.48838
982         5.37821         5.43573
983         5.37821          5.5446
984         5.37821         5.56426
985         5.37821         5.60507
986         5.37821         5.52583
987         5.37821         5.44594
988         5.37821         5.39359
989         5.37821         5.41458
990         5.37821         5.38975
991         5.37821         5.38288
992         5.37821          5.3815
993         5.37821         5.38147
994         5.37821         5.38246
995         5.37821         5.37821
996         5.37821          5.3951
997         5.37821          5.4453
998         5.37821         5.46721
999         5.37821         5.45096
