#GEN         T         A
0      0.234412         0.004
1      0.234412        0.0002
2      0.234412        0.0004
3      0.234412             0
4      0.234412             0
5      0.234412             0
6      0.234412        0.0001
7      0.234412        0.0003
8      0.234412        0.0002
9      0.234412             0
10      0.234412             0
11      0.234412             0
12      0.234412             0
13      0.234412        0.0001
14      0.234412             0
15      0.234412             0
16      0.234412             0
17      0.234412             0
18      0.234412             0
19      0.234412        0.0001
20      0.234412        0.0002
21      0.234412             0
22      0.234412             0
23      0.234412             0
24      0.234412             0
25      0.234412        0.0001
26      0.234412             0
27      0.234412             0
28      0.234412             0
29      0.234412             0
30      0.234412             0
31      0.234412        0.0001
32      0.234412        0.0001
33      0.234412        0.0001
34      0.234412             0
35      0.234412             0
36      0.234412             0
37      0.234412             0
38      0.234412             0
39      0.234412             0
40      0.234412             0
41      0.234412        0.0001
42      0.234412             0
43      0.234412             0
44      0.234412             0
45      0.234412             0
46      0.234412             0
47      0.234412             0
48      0.234412             0
49      0.234412             0
50      0.234412             0
51      0.234412             0
52      0.234412             0
53      0.234412             0
54      0.234412             0
55      0.234412             0
56      0.234412             0
57      0.234412             0
58      0.234412             0
59      0.234412             0
60      0.234412             0
61      0.234412        0.0001
62      0.234412             0
63      0.234412             0
64      0.234412             0
65      0.234412        0.0002
66      0.234412             0
67      0.234412             0
68      0.234412             0
69      0.234412             0
70      0.234412             0
71      0.234412             0
72      0.234412             0
73      0.234412             0
74      0.234412             0
75      0.234412             0
76      0.234412             0
77      0.234412             0
78      0.234412             0
79      0.234412             0
80      0.234412             0
81      0.234412             0
82      0.234412             0
83      0.234412        0.0001
84      0.234412             0
85      0.234412             0
86      0.234412             0
87      0.234412             0
88      0.234412             0
89      0.234412             0
90      0.234412             0
91      0.234412             0
92      0.234412             0
93      0.234412             0
94      0.234412             0
95      0.234412             0
96      0.234412             0
97      0.234412             0
98      0.234412             0
99      0.234412        0.0001
100      0.234412             0
101      0.234412             0
102      0.234412             0
103      0.234412             0
104      0.234412             0
105      0.234412             0
106      0.234412             0
107      0.234412             0
108      0.234412             0
109      0.234412             0
110      0.234412             0
111      0.234412             0
112      0.234412             0
113      0.234412             0
114      0.234412             0
115      0.234412             0
116      0.234412             0
117      0.234412             0
118      0.234412             0
119      0.234412             0
120      0.234412             0
121      0.234412             0
122      0.234412             0
123      0.234412             0
124      0.234412             0
125      0.234412             0
126      0.234412             0
127      0.234412             0
128      0.234412             0
129      0.234412             0
130      0.234412             0
131      0.234412             0
132      0.234412             0
133      0.234412             0
134      0.234412             0
135      0.234412             0
136      0.234412             0
137      0.234412             0
138      0.234412             0
139      0.234412             0
140      0.234412             0
141      0.234412             0
142      0.234412             0
143      0.234412             0
144      0.234412             0
145      0.234412             0
146      0.234412             0
147      0.234412             0
148      0.234412             0
149      0.234412             0
150      0.234412             0
151      0.234412             0
152      0.234412             0
153      0.234412             0
154      0.234412             0
155      0.234412             0
156      0.234412             0
157      0.234412             0
158      0.234412             0
159      0.234412             0
160      0.234412             0
161      0.234412             0
162      0.234412             0
163      0.234412             0
164      0.234412             0
165      0.234412        0.0001
166      0.234412             0
167      0.234412             0
168      0.234412             0
169      0.234412             0
170      0.234412             0
171      0.234412             0
172      0.234412             0
173      0.234412             0
174      0.234412             0
175      0.234412             0
176      0.234412             0
177      0.234412             0
178      0.234412             0
179      0.234412             0
180      0.234412             0
181      0.234412             0
182      0.234412        0.0001
183      0.234412             0
184      0.234412             0
185      0.234412        0.0001
186      0.234412             0
187      0.234412        0.0002
188      0.234412             0
189      0.234412             0
190      0.234412             0
191      0.234412             0
192      0.234412             0
193      0.234412             0
194      0.234412             0
195      0.234412             0
196      0.234412             0
197      0.234412             0
198      0.234412             0
199      0.234412             0
200      0.234412             0
201      0.234412        0.0001
202      0.234412             0
203      0.234412             0
204      0.234412             0
205      0.234412             0
206      0.234412             0
207      0.234412             0
208      0.234412             0
209      0.234412             0
210      0.234412             0
211      0.234412             0
212      0.234412             0
213      0.234412             0
214      0.234412             0
215      0.234412             0
216      0.234412             0
217      0.234412             0
218      0.234412             0
219      0.234412             0
220      0.234412        0.0001
221      0.234412             0
222      0.234412             0
223      0.234412             0
224      0.234412             0
225      0.234412             0
226      0.234412             0
227      0.234412             0
228      0.234412             0
229      0.234412             0
230      0.234412             0
231      0.234412             0
232      0.234412             0
233      0.234412             0
234      0.234412             0
235      0.234412             0
236      0.234412             0
237      0.234412             0
238      0.234412             0
239      0.234412             0
240      0.234412             0
241      0.234412             0
242      0.234412             0
243      0.234412             0
244      0.234412             0
245      0.234412             0
246      0.234412             0
247      0.234412             0
248      0.234412             0
249      0.234412             0
250      0.234412             0
251      0.234412             0
252      0.234412             0
253      0.234412             0
254      0.234412             0
255      0.234412             0
256      0.234412             0
257      0.234412             0
258      0.234412             0
259      0.234412             0
260      0.234412             0
261      0.234412             0
262      0.234412             0
263      0.234412             0
264      0.234412             0
265      0.234412             0
266      0.234412             0
267      0.234412             0
268      0.234412             0
269      0.234412             0
270      0.234412             0
271      0.234412             0
272      0.234412             0
273      0.234412             0
274      0.234412             0
275      0.234412             0
276      0.234412             0
277      0.234412             0
278      0.234412             0
279      0.234412             0
280      0.234412             0
281      0.234412             0
282      0.234412             0
283      0.234412             0
284      0.234412             0
285      0.234412             0
286      0.234412             0
287      0.234412             0
288      0.234412             0
289      0.234412             0
290      0.234412             0
291      0.234412             0
292      0.234412             0
293      0.234412             0
294      0.234412             0
295      0.234412             0
296      0.234412             0
297      0.234412             0
298      0.234412             0
299      0.234412             0
300      0.234412             0
301      0.234412             0
302      0.234412             0
303      0.234412             0
304      0.234412             0
305      0.234412             0
306      0.234412             0
307      0.234412             0
308      0.234412             0
309      0.234412             0
310      0.234412             0
311      0.234412             0
312      0.234412             0
313      0.234412             0
314      0.234412             0
315      0.234412             0
316      0.234412             0
317      0.234412             0
318      0.234412             0
319      0.234412             0
320      0.234412             0
321      0.234412             0
322      0.234412             0
323      0.234412             0
324      0.234412             0
325      0.234412             0
326      0.234412             0
327      0.234412             0
328      0.234412             0
329      0.234412             0
330      0.234412             0
331      0.234412             0
332      0.234412             0
333      0.234412             0
334      0.234412             0
335      0.234412             0
336      0.234412             0
337      0.234412             0
338      0.234412             0
339      0.234412             0
340      0.234412             0
341      0.234412             0
342      0.234412             0
343      0.234412             0
344      0.234412             0
345      0.234412             0
346      0.234412             0
347      0.234412             0
348      0.234412             0
349      0.234412             0
350      0.234412             0
351      0.234412             0
352      0.234412             0
353      0.234412             0
354      0.234412             0
355      0.234412             0
356      0.234412             0
357      0.234412             0
358      0.234412             0
359      0.234412             0
360      0.234412             0
361      0.234412             0
362      0.234412             0
363      0.234412             0
364      0.234412             0
365      0.234412             0
366      0.234412             0
367      0.234412             0
368      0.234412             0
369      0.234412             0
370      0.234412             0
371      0.234412             0
372      0.234412             0
373      0.234412             0
374      0.234412             0
375      0.234412             0
376      0.234412             0
377      0.234412             0
378      0.234412             0
379      0.234412             0
380      0.234412             0
381      0.234412             0
382      0.234412             0
383      0.234412             0
384      0.234412             0
385      0.234412             0
386      0.234412             0
387      0.234412             0
388      0.234412             0
389      0.234412             0
390      0.234412             0
391      0.234412             0
392      0.234412             0
393      0.234412             0
394      0.234412             0
395      0.234412             0
396      0.234412             0
397      0.234412             0
398      0.234412             0
399      0.234412             0
400      0.234412             0
401      0.234412             0
402      0.234412             0
403      0.234412             0
404      0.234412             0
405      0.234412             0
406      0.234412             0
407      0.234412             0
408      0.234412             0
409      0.234412             0
410      0.234412             0
411      0.234412             0
412      0.234412             0
413      0.234412             0
414      0.234412             0
415      0.234412             0
416      0.234412             0
417      0.234412             0
418      0.234412             0
419      0.234412             0
420      0.234412             0
421      0.234412             0
422      0.234412             0
423      0.234412             0
424      0.234412             0
425      0.234412             0
426      0.234412             0
427      0.234412             0
428      0.234412             0
429      0.234412             0
430      0.234412             0
431      0.234412             0
432      0.234412             0
433      0.234412             0
434      0.234412             0
435      0.234412             0
436      0.234412             0
437      0.234412             0
438      0.234412             0
439      0.234412             0
440      0.234412             0
441      0.234412        0.0001
442      0.234412             0
443      0.234412             0
444      0.234412             0
445      0.234412             0
446      0.234412             0
447      0.234412             0
448      0.234412             0
449      0.234412        0.0001
450      0.234412             0
451      0.234412             0
452      0.234412             0
453      0.234412             0
454      0.234412             0
455      0.234412             0
456      0.234412             0
457      0.234412             0
458      0.234412             0
459      0.234412             0
460      0.234412             0
461      0.234412             0
462      0.234412             0
463      0.234412             0
464      0.234412             0
465      0.234412             0
466      0.234412        0.0001
467      0.234412             0
468      0.234412             0
469      0.234412             0
470      0.234412             0
471      0.234412             0
472      0.234412             0
473      0.234412             0
474      0.234412             0
475      0.234412             0
476      0.234412             0
477      0.234412             0
478      0.234412             0
479      0.234412             0
480      0.234412             0
481      0.234412             0
482      0.234412             0
483      0.234412             0
484      0.234412             0
485      0.234412             0
486      0.234412             0
487      0.234412             0
488      0.234412             0
489      0.234412             0
490      0.234412             0
491      0.234412             0
492      0.234412             0
493      0.234412             0
494      0.234412             0
495      0.234412             0
496      0.234412             0
497      0.234412             0
498      0.234412             0
499      0.234412             0
500      0.234412             0
501      0.234412             0
502      0.234412             0
503      0.234412             0
504      0.234412             0
505      0.234412             0
506      0.234412             0
507      0.234412             0
508      0.234412             0
509      0.234412             0
510      0.234412             0
511      0.234412             0
512      0.234412             0
513      0.234412             0
514      0.234412             0
515      0.234412             0
516      0.234412             0
517      0.234412             0
518      0.234412             0
519      0.234412             0
520      0.234412             0
521      0.234412             0
522      0.234412             0
523      0.234412             0
524      0.234412             0
525      0.234412             0
526      0.234412             0
527      0.234412             0
528      0.234412             0
529      0.234412             0
530      0.234412             0
531      0.234412             0
532      0.234412             0
533      0.234412             0
534      0.234412             0
535      0.234412             0
536      0.234412             0
537      0.234412             0
538      0.234412             0
539      0.234412             0
540      0.234412             0
541      0.234412             0
542      0.234412             0
543      0.234412             0
544      0.234412             0
545      0.234412             0
546      0.234412             0
547      0.234412             0
548      0.234412             0
549      0.234412             0
550      0.234412             0
551      0.234412             0
552      0.234412             0
553      0.234412             0
554      0.234412             0
555      0.234412             0
556      0.234412             0
557      0.234412             0
558      0.234412             0
559      0.234412             0
560      0.234412             0
561      0.234412             0
562      0.234412             0
563      0.234412             0
564      0.234412             0
565      0.234412             0
566      0.234412             0
567      0.234412             0
568      0.234412             0
569      0.234412             0
570      0.234412             0
571      0.234412             0
572      0.234412             0
573      0.234412             0
574      0.234412             0
575      0.234412             0
576      0.234412             0
577      0.234412             0
578      0.234412             0
579      0.234412             0
580      0.234412             0
581      0.234412             0
582      0.234412             0
583      0.234412             0
584      0.234412             0
585      0.234412             0
586      0.234412             0
587      0.234412             0
588      0.234412             0
589      0.234412             0
590      0.234412             0
591      0.234412             0
592      0.234412             0
593      0.234412             0
594      0.234412             0
595      0.234412             0
596      0.234412             0
597      0.234412             0
598      0.234412             0
599      0.234412             0
600      0.234412             0
601      0.234412             0
602      0.234412             0
603      0.234412             0
604      0.234412             0
605      0.234412             0
606      0.234412             0
607      0.234412             0
608      0.234412             0
609      0.234412             0
610      0.234412             0
611      0.234412             0
612      0.234412             0
613      0.234412             0
614      0.234412             0
615      0.234412             0
616      0.234412             0
617      0.234412             0
618      0.234412             0
619      0.234412             0
620      0.234412             0
621      0.234412             0
622      0.234412             0
623      0.234412             0
624      0.234412             0
625      0.234412             0
626      0.234412             0
627      0.234412             0
628      0.234412             0
629      0.234412             0
630      0.234412             0
631      0.234412             0
632      0.234412             0
633      0.234412             0
634      0.234412             0
635      0.234412             0
636      0.234412             0
637      0.234412             0
638      0.234412             0
639      0.234412             0
640      0.234412             0
641      0.234412             0
642      0.234412             0
643      0.234412             0
644      0.234412             0
645      0.234412             0
646      0.234412             0
647      0.234412             0
648      0.234412             0
649      0.234412             0
650      0.234412             0
651      0.234412             0
652      0.234412             0
653      0.234412             0
654      0.234412             0
655      0.234412             0
656      0.234412             0
657      0.234412             0
658      0.234412             0
659      0.234412             0
660      0.234412             0
661      0.234412             0
662      0.234412             0
663      0.234412             0
664      0.234412        0.0001
665      0.234412             0
666      0.234412             0
667      0.234412             0
668      0.234412             0
669      0.234412             0
670      0.234412             0
671      0.234412             0
672      0.234412             0
673      0.234412             0
674      0.234412             0
675      0.234412             0
676      0.234412             0
677      0.234412             0
678      0.234412             0
679      0.234412             0
680      0.234412             0
681      0.234412             0
682      0.234412             0
683      0.234412             0
684      0.234412             0
685      0.234412             0
686      0.234412        0.0001
687      0.234412             0
688      0.234412             0
689      0.234412             0
690      0.234412             0
691      0.234412             0
692      0.234412             0
693      0.234412             0
694      0.234412             0
695      0.234412             0
696      0.234412             0
697      0.234412        0.0001
698      0.234412             0
699      0.234412             0
700      0.234412             0
701      0.234412             0
702      0.234412             0
703      0.234412             0
704      0.234412             0
705      0.234412             0
706      0.234412             0
707      0.234412             0
708      0.234412             0
709      0.234412             0
710      0.234412             0
711      0.234412             0
712      0.234412             0
713      0.234412             0
714      0.234412             0
715      0.234412             0
716      0.234412             0
717      0.234412             0
718      0.234412             0
719      0.234412             0
720      0.234412             0
721      0.234412             0
722      0.234412             0
723      0.234412        0.0001
724      0.234412             0
725      0.234412             0
726      0.234412             0
727      0.234412             0
728      0.234412             0
729      0.234412             0
730      0.234412             0
731      0.234412             0
732      0.234412             0
733      0.234412        0.0001
734      0.234412             0
735      0.234412             0
736      0.234412             0
737      0.234412             0
738      0.234412             0
739      0.234412             0
740      0.234412             0
741      0.234412             0
742      0.234412             0
743      0.234412             0
744      0.234412             0
745      0.234412             0
746      0.234412             0
747      0.234412             0
748      0.234412             0
749      0.234412             0
750      0.234412             0
751      0.234412             0
752      0.234412             0
753      0.234412             0
754      0.234412             0
755      0.234412             0
756      0.234412             0
757      0.234412             0
758      0.234412             0
759      0.234412             0
760      0.234412             0
761      0.234412             0
762      0.234412             0
763      0.234412             0
764      0.234412             0
765      0.234412             0
766      0.234412             0
767      0.234412             0
768      0.234412             0
769      0.234412             0
770      0.234412             0
771      0.234412             0
772      0.234412             0
773      0.234412             0
774      0.234412             0
775      0.234412             0
776      0.234412             0
777      0.234412             0
778      0.234412             0
779      0.234412             0
780      0.234412             0
781      0.234412             0
782      0.234412             0
783      0.234412             0
784      0.234412             0
785      0.234412             0
786      0.234412             0
787      0.234412             0
788      0.234412             0
789      0.234412             0
790      0.234412             0
791      0.234412             0
792      0.234412             0
793      0.234412             0
794      0.234412             0
795      0.234412             0
796      0.234412             0
797      0.234412             0
798      0.234412             0
799      0.234412             0
800      0.234412             0
801      0.234412             0
802      0.234412             0
803      0.234412             0
804      0.234412             0
805      0.234412             0
806      0.234412             0
807      0.234412             0
808      0.234412             0
809      0.234412             0
810      0.234412             0
811      0.234412             0
812      0.234412             0
813      0.234412             0
814      0.234412             0
815      0.234412             0
816      0.234412             0
817      0.234412             0
818      0.234412             0
819      0.234412             0
820      0.234412             0
821      0.234412             0
822      0.234412             0
823      0.234412             0
824      0.234412             0
825      0.234412             0
826      0.234412             0
827      0.234412             0
828      0.234412             0
829      0.234412             0
830      0.234412             0
831      0.234412             0
832      0.234412             0
833      0.234412             0
834      0.234412             0
835      0.234412             0
836      0.234412             0
837      0.234412             0
838      0.234412             0
839      0.234412             0
840      0.234412             0
841      0.234412             0
842      0.234412             0
843      0.234412             0
844      0.234412             0
845      0.234412             0
846      0.234412             0
847      0.234412             0
848      0.234412             0
849      0.234412             0
850      0.234412             0
851      0.234412             0
852      0.234412             0
853      0.234412             0
854      0.234412             0
855      0.234412             0
856      0.234412             0
857      0.234412             0
858      0.234412             0
859      0.234412             0
860      0.234412             0
861      0.234412             0
862      0.234412             0
863      0.234412             0
864      0.234412             0
865      0.234412             0
866      0.234412             0
867      0.234412             0
868      0.234412             0
869      0.234412             0
870      0.234412             0
871      0.234412             0
872      0.234412             0
873      0.234412             0
874      0.234412             0
875      0.234412             0
876      0.234412             0
877      0.234412             0
878      0.234412             0
879      0.234412             0
880      0.234412             0
881      0.234412             0
882      0.234412             0
883      0.234412             0
884      0.234412             0
885      0.234412             0
886      0.234412             0
887      0.234412             0
888      0.234412             0
889      0.234412             0
890      0.234412             0
891      0.234412             0
892      0.234412             0
893      0.234412             0
894      0.234412             0
895      0.234412             0
896      0.234412             0
897      0.234412             0
898      0.234412             0
899      0.234412             0
900      0.234412             0
901      0.234412             0
902      0.234412             0
903      0.234412             0
904      0.234412             0
905      0.234412             0
906      0.234412             0
907      0.234412             0
908      0.234412             0
909      0.234412             0
910      0.234412             0
911      0.234412             0
912      0.234412             0
913      0.234412             0
914      0.234412             0
915      0.234412             0
916      0.234412             0
917      0.234412             0
918      0.234412             0
919      0.234412             0
920      0.234412             0
921      0.234412             0
922      0.234412             0
923      0.234412             0
924      0.234412             0
925      0.234412             0
926      0.234412             0
927      0.234412             0
928      0.234412             0
929      0.234412             0
930      0.234412             0
931      0.234412             0
932      0.234412             0
933      0.234412             0
934      0.234412             0
935      0.234412             0
936      0.234412             0
937      0.234412             0
938      0.234412             0
939      0.234412             0
940      0.234412             0
941      0.234412             0
942      0.234412             0
943      0.234412             0
944      0.234412             0
945      0.234412             0
946      0.234412             0
947      0.234412             0
948      0.234412             0
949      0.234412             0
950      0.234412             0
951      0.234412             0
952      0.234412             0
953      0.234412             0
954      0.234412             0
955      0.234412             0
956      0.234412             0
957      0.234412             0
958      0.234412             0
959      0.234412             0
960      0.234412             0
961      0.234412        0.0001
962      0.234412             0
963      0.234412             0
964      0.234412             0
965      0.234412             0
966      0.234412             0
967      0.234412             0
968      0.234412             0
969      0.234412             0
970      0.234412             0
971      0.234412             0
972      0.234412             0
973      0.234412             0
974      0.234412             0
975      0.234412             0
976      0.234412             0
977      0.234412             0
978      0.234412             0
979      0.234412             0
980      0.234412             0
981      0.234412             0
982      0.234412             0
983      0.234412             0
984      0.234412             0
985      0.234412             0
986      0.234412             0
987      0.234412             0
988      0.234412             0
989      0.234412             0
990      0.234412             0
991      0.234412             0
992      0.234412             0
993      0.234412             0
994      0.234412             0
995      0.234412             0
996      0.234412             0
997      0.234412             0
998      0.234412             0
999      0.234412             0
