#BLOCK   PARTNER   MY_BETA PART_BETA   DELTA_BDELTA_E  ACCEPTED
1         5         1   1.10206 -0.102062   8.11262         1
3         5         1   1.10206 -0.102062 -0.606228         1
5         5         1   1.10206 -0.102062  -12.1117         1
7         5         1   1.10206 -0.102062  -15.2515         1
9         5         1   1.10206 -0.102062   10.9636         0
11         5         1   1.10206 -0.102062   10.9636         0
13         5         1   1.10206 -0.102062   10.3841         0
15         5         1   1.10206 -0.102062   2.53622         1
17         5         1   1.10206 -0.102062   -12.956         1
19         5         1   1.10206 -0.102062   8.09371         1
21         5         1   1.10206 -0.102062  -23.1067         1
23         5         1   1.10206 -0.102062   14.1475         0
25         5         1   1.10206 -0.102062   14.1475         0
27         5         1   1.10206 -0.102062   13.9461         1
29         5         1   1.10206 -0.102062  -11.8168         1
31         5         1   1.10206 -0.102062   9.68823         0
33         5         1   1.10206 -0.102062    13.619         0
35         5         1   1.10206 -0.102062   11.1588         0
37         5         1   1.10206 -0.102062   11.1588         0
39         5         1   1.10206 -0.102062   5.13167         0
41         5         1   1.10206 -0.102062  -4.86804         1
43         5         1   1.10206 -0.102062   3.27976         1
45         5         1   1.10206 -0.102062  -2.72532         1
47         5         1   1.10206 -0.102062   2.72532         0
49         5         1   1.10206 -0.102062   2.72532         0
51         5         1   1.10206 -0.102062   1.89786         1
53         5         1   1.10206 -0.102062 -0.544569         1
55         5         1   1.10206 -0.102062 -0.293923         1
57         5         1   1.10206 -0.102062   4.84091         0
59         5         1   1.10206 -0.102062   8.74216         1
61         5         1   1.10206 -0.102062  -8.74216         1
63         5         1   1.10206 -0.102062   5.02042         1
65         5         1   1.10206 -0.102062  -5.02042         1
67         5         1   1.10206 -0.102062   5.02042         0
69         5         1   1.10206 -0.102062   1.42646         1
71         5         1   1.10206 -0.102062   1.05538         1
73         5         1   1.10206 -0.102062   1.70427         0
75         5         1   1.10206 -0.102062   1.70427         1
77         5         1   1.10206 -0.102062  -1.05227         1
79         5         1   1.10206 -0.102062   1.05227         1
81         5         1   1.10206 -0.102062  0.730117         1
83         5         1   1.10206 -0.102062  0.448562         1
85         5         1   1.10206 -0.102062 -0.448562         1
87         5         1   1.10206 -0.102062  0.448562         0
89         5         1   1.10206 -0.102062  0.448562         1
91         5         1   1.10206 -0.102062   11.4262         1
93         5         1   1.10206 -0.102062  -6.70013         1
95         5         1   1.10206 -0.102062  -1.89162         1
97         5         1   1.10206 -0.102062  0.875695         1
99         5         1   1.10206 -0.102062   1.01592         1
101         5         1   1.10206 -0.102062  -1.89162         1
103         5         1   1.10206 -0.102062  0.875695         1
105         5         1   1.10206 -0.102062 -0.875695         1
107         5         1   1.10206 -0.102062   5.49019         1
109         5         1   1.10206 -0.102062  -4.61449         1
111         5         1   1.10206 -0.102062 -0.875695         1
113         5         1   1.10206 -0.102062  0.875695         1
115         5         1   1.10206 -0.102062  -1.07525         1
117         5         1   1.10206 -0.102062   1.07525         1
119         5         1   1.10206 -0.102062  -1.11395         1
121         5         1   1.10206 -0.102062   1.11395         0
123         5         1   1.10206 -0.102062   1.11395         1
125         5         1   1.10206 -0.102062  -1.11395         1
127         5         1   1.10206 -0.102062   1.11395         1
129         5         1   1.10206 -0.102062  -1.11395         1
131         5         1   1.10206 -0.102062   1.11395         1
133         5         1   1.10206 -0.102062  -3.01651         1
135         5         1   1.10206 -0.102062   4.87795         1
137         5         1   1.10206 -0.102062  -4.87795         1
139         5         1   1.10206 -0.102062   3.68648         1
141         5         1   1.10206 -0.102062  -3.68648         1
143         5         1   1.10206 -0.102062   2.63842         1
145         5         1   1.10206 -0.102062  -2.63842         1
147         5         1   1.10206 -0.102062   1.91259         1
149         5         1   1.10206 -0.102062  -1.91259         1
151         5         1   1.10206 -0.102062   3.19153         1
153         5         1   1.10206 -0.102062  -3.19153         1
155         5         1   1.10206 -0.102062    4.9649         0
157         5         1   1.10206 -0.102062  -6.04172         1
159         5         1   1.10206 -0.102062   5.33176         1
161         5         1   1.10206 -0.102062  -5.33176         1
163         5         1   1.10206 -0.102062   6.28124         1
165         5         1   1.10206 -0.102062  -6.28124         1
167         5         1   1.10206 -0.102062   5.57128         1
169         5         1   1.10206 -0.102062  -5.57128         1
171         5         1   1.10206 -0.102062   6.28124         0
173         5         1   1.10206 -0.102062   5.57128         1
175         5         1   1.10206 -0.102062  -5.57128         1
177         5         1   1.10206 -0.102062   5.57128         1
179         5         1   1.10206 -0.102062   0.70996         1
181         5         1   1.10206 -0.102062  -6.28124         1
183         5         1   1.10206 -0.102062   5.57128         0
185         5         1   1.10206 -0.102062   5.57128         0
187         5         1   1.10206 -0.102062   6.28124         1
189         5         1   1.10206 -0.102062  -6.28124         1
191         5         1   1.10206 -0.102062   5.57128         1
193         5         1   1.10206 -0.102062  -5.57128         1
195         5         1   1.10206 -0.102062   6.28124         0
197         5         1   1.10206 -0.102062   5.25441         1
199         5         1   1.10206 -0.102062  -5.25441         1
201         5         1   1.10206 -0.102062   5.73978         0
203         5         1   1.10206 -0.102062   4.71296         0
205         5         1   1.10206 -0.102062   5.06333         0
207         5         1   1.10206 -0.102062   5.36531         0
209         5         1   1.10206 -0.102062   6.39213         0
211         5         1   1.10206 -0.102062   2.55972         1
213         5         1   1.10206 -0.102062   1.02682         1
215         5         1   1.10206 -0.102062  -2.07723         1
217         5         1   1.10206 -0.102062    1.0504         1
219         5         1   1.10206 -0.102062   -1.0504         1
221         5         1   1.10206 -0.102062   2.07723         1
223         5         1   1.10206 -0.102062  -2.07723         1
225         5         1   1.10206 -0.102062    1.0504         1
227         5         1   1.10206 -0.102062  -7.19493         1
229         5         1   1.10206 -0.102062   5.22245         1
231         5         1   1.10206 -0.102062  -5.22245         1
233         5         1   1.10206 -0.102062   5.16353         1
235         5         1   1.10206 -0.102062  -5.16353         1
237         5         1   1.10206 -0.102062    4.1367         0
239         5         1   1.10206 -0.102062    4.1367         1
241         5         1   1.10206 -0.102062   -4.1367         1
243         5         1   1.10206 -0.102062   5.16353         0
245         5         1   1.10206 -0.102062    4.1367         0
247         5         1   1.10206 -0.102062   5.16353         1
249         5         1   1.10206 -0.102062  -3.61688         1
251         5         1   1.10206 -0.102062   2.59006         1
253         5         1   1.10206 -0.102062  -2.59006         1
255         5         1   1.10206 -0.102062   3.82094         1
257         5         1   1.10206 -0.102062  -1.02682         1
259         5         1   1.10206 -0.102062   -2.7807         1
261         5         1   1.10206 -0.102062   9.73652         1
263         5         1   1.10206 -0.102062  -1.02682         1
265         5         1   1.10206 -0.102062   1.07706         1
267         5         1   1.10206 -0.102062  -1.07706         1
269         5         1   1.10206 -0.102062   1.02682         1
271         5         1   1.10206 -0.102062 0.0502364         1
273         5         1   1.10206 -0.102062  -1.07706         1
275         5         1   1.10206 -0.102062   1.02682         1
277         5         1   1.10206 -0.102062 -0.932267         1
279         5         1   1.10206 -0.102062  0.982504         1
281         5         1   1.10206 -0.102062 -0.982504         1
283         5         1   1.10206 -0.102062   1.10756         1
285         5         1   1.10206 -0.102062  -1.10756         1
287         5         1   1.10206 -0.102062   1.27751         1
289         5         1   1.10206 -0.102062-0.0502364         1
291         5         1   1.10206 -0.102062  -1.22728         1
293         5         1   1.10206 -0.102062   1.27751         1
295         5         1   1.10206 -0.102062  -1.27751         1
297         5         1   1.10206 -0.102062   1.45922         1
299         5         1   1.10206 -0.102062 -0.181705         1
301         5         1   1.10206 -0.102062  -4.48246         1
303         5         1   1.10206 -0.102062   1.45922         1
305         5         1   1.10206 -0.102062   3.02325         1
307         5         1   1.10206 -0.102062  -4.48246         1
309         5         1   1.10206 -0.102062   1.45922         1
311         5         1   1.10206 -0.102062  -1.45922         1
313         5         1   1.10206 -0.102062   1.45922         1
315         5         1   1.10206 -0.102062  -1.45922         1
317         5         1   1.10206 -0.102062   1.45922         1
319         5         1   1.10206 -0.102062  -1.45922         1
321         5         1   1.10206 -0.102062   1.45922         1
323         5         1   1.10206 -0.102062  -1.45922         1
325         5         1   1.10206 -0.102062    8.6953         0
327         5         1   1.10206 -0.102062   1.45922         1
329         5         1   1.10206 -0.102062  -1.45922         1
331         5         1   1.10206 -0.102062   1.45922         1
333         5         1   1.10206 -0.102062  -1.45922         1
335         5         1   1.10206 -0.102062   1.45922         1
337         5         1   1.10206 -0.102062  -1.45922         1
339         5         1   1.10206 -0.102062   1.45922         0
341         5         1   1.10206 -0.102062   1.45922         1
343         5         1   1.10206 -0.102062  -1.45922         1
345         5         1   1.10206 -0.102062   1.45922         1
347         5         1   1.10206 -0.102062  -1.45922         1
349         5         1   1.10206 -0.102062   1.45922         1
351         5         1   1.10206 -0.102062  -1.45922         1
353         5         1   1.10206 -0.102062   1.45922         0
355         5         1   1.10206 -0.102062   1.45922         1
357         5         1   1.10206 -0.102062  -1.45922         1
359         5         1   1.10206 -0.102062   1.45922         1
361         5         1   1.10206 -0.102062   6.49491         0
363         5         1   1.10206 -0.102062   -1.4832         1
365         5         1   1.10206 -0.102062    1.4832         1
367         5         1   1.10206 -0.102062   -1.4832         1
369         5         1   1.10206 -0.102062 -0.673206         1
371         5         1   1.10206 -0.102062  0.673206         1
373         5         1   1.10206 -0.102062 -0.673206         1
375         5         1   1.10206 -0.102062  0.673206         1
377         5         1   1.10206 -0.102062 -0.673206         1
379         5         1   1.10206 -0.102062  0.673206         1
381         5         1   1.10206 -0.102062 -0.673206         1
383         5         1   1.10206 -0.102062  0.673206         0
385         5         1   1.10206 -0.102062   3.38829         1
387         5         1   1.10206 -0.102062  -3.03374         1
389         5         1   1.10206 -0.102062   3.03374         1
391         5         1   1.10206 -0.102062   -7.7999         1
393         5         1   1.10206 -0.102062   9.05423         1
395         5         1   1.10206 -0.102062  -9.05423         1
397         5         1   1.10206 -0.102062   9.05423         0
399         5         1   1.10206 -0.102062   9.05423         0
401         5         1   1.10206 -0.102062   7.06585         1
403         5         1   1.10206 -0.102062  -7.06585         1
405         5         1   1.10206 -0.102062   7.98752         0
407         5         1   1.10206 -0.102062   7.06585         1
409         5         1   1.10206 -0.102062  -7.70185         1
411         5         1   1.10206 -0.102062   7.98752         0
413         5         1   1.10206 -0.102062   7.70185         0
415         5         1   1.10206 -0.102062   8.81176         1
417         5         1   1.10206 -0.102062  -8.81176         1
419         5         1   1.10206 -0.102062   8.55684         1
421         5         1   1.10206 -0.102062  -8.55684         1
423         5         1   1.10206 -0.102062   8.76588         0
425         5         1   1.10206 -0.102062   8.77875         0
427         5         1   1.10206 -0.102062   4.82161         0
429         5         1   1.10206 -0.102062   4.34841         1
431         5         1   1.10206 -0.102062-0.0627659         1
433         5         1   1.10206 -0.102062  -4.28565         1
435         5         1   1.10206 -0.102062   3.39691         1
437         5         1   1.10206 -0.102062  -3.39691         1
439         5         1   1.10206 -0.102062   4.34841         0
441         5         1   1.10206 -0.102062   5.02928         0
443         5         1   1.10206 -0.102062   6.51674         1
445         5         1   1.10206 -0.102062  -6.51674         1
447         5         1   1.10206 -0.102062   5.02928         1
449         5         1   1.10206 -0.102062  -5.02928         1
451         5         1   1.10206 -0.102062   6.51674         1
453         5         1   1.10206 -0.102062  -8.85633         1
455         5         1   1.10206 -0.102062   5.02928         0
457         5         1   1.10206 -0.102062   5.02928         1
459         5         1   1.10206 -0.102062  -5.02928         1
461         5         1   1.10206 -0.102062   5.02928         1
463         5         1   1.10206 -0.102062  -5.02928         1
465         5         1   1.10206 -0.102062   5.02928         1
467         5         1   1.10206 -0.102062  -5.09759         1
469         5         1   1.10206 -0.102062   2.20115         0
471         5         1   1.10206 -0.102062   2.20115         1
473         5         1   1.10206 -0.102062   2.04276         1
475         5         1   1.10206 -0.102062  -4.24391         1
477         5         1   1.10206 -0.102062   2.20115         1
479         5         1   1.10206 -0.102062  -2.20115         1
481         5         1   1.10206 -0.102062   2.20115         1
483         5         1   1.10206 -0.102062  -2.20115         1
485         5         1   1.10206 -0.102062   2.20115         1
487         5         1   1.10206 -0.102062   2.04276         1
489         5         1   1.10206 -0.102062  -4.24391         1
491         5         1   1.10206 -0.102062  -2.35456         1
493         5         1   1.10206 -0.102062   2.35456         0
495         5         1   1.10206 -0.102062   2.35456         1
497         5         1   1.10206 -0.102062 0.0369894         1
499         5         1   1.10206 -0.102062-0.0369894         1
501         5         1   1.10206 -0.102062 0.0369894         1
503         5         1   1.10206 -0.102062   4.90781         0
505         5         1   1.10206 -0.102062-0.0369894         1
507         5         1   1.10206 -0.102062  0.485115         1
509         5         1   1.10206 -0.102062 -0.485115         1
511         5         1   1.10206 -0.102062  0.485115         1
513         5         1   1.10206 -0.102062 -0.485115         1
515         5         1   1.10206 -0.102062  0.485115         1
517         5         1   1.10206 -0.102062 -0.401346         1
519         5         1   1.10206 -0.102062  0.401346         1
521         5         1   1.10206 -0.102062 -0.401346         1
523         5         1   1.10206 -0.102062  0.401346         1
525         5         1   1.10206 -0.102062 -0.401346         1
527         5         1   1.10206 -0.102062  0.401346         1
529         5         1   1.10206 -0.102062 -0.401346         1
531         5         1   1.10206 -0.102062  0.401346         1
533         5         1   1.10206 -0.102062 -0.401346         1
535         5         1   1.10206 -0.102062  0.401346         1
537         5         1   1.10206 -0.102062 -0.401346         1
539         5         1   1.10206 -0.102062  0.401346         1
541         5         1   1.10206 -0.102062 -0.401346         1
543         5         1   1.10206 -0.102062  0.401346         1
545         5         1   1.10206 -0.102062 -0.401346         1
547         5         1   1.10206 -0.102062  0.401346         1
549         5         1   1.10206 -0.102062 -0.168156         1
551         5         1   1.10206 -0.102062  0.168156         1
553         5         1   1.10206 -0.102062 -0.168156         1
555         5         1   1.10206 -0.102062 -0.389262         1
557         5         1   1.10206 -0.102062   5.44413         0
559         5         1   1.10206 -0.102062    4.5727         0
561         5         1   1.10206 -0.102062    4.5727         0
563         5         1   1.10206 -0.102062    4.5727         1
565         5         1   1.10206 -0.102062   -6.3214         1
567         5         1   1.10206 -0.102062    6.3214         1
569         5         1   1.10206 -0.102062   -6.3214         1
571         5         1   1.10206 -0.102062    6.3214         0
573         5         1   1.10206 -0.102062    6.3214         0
575         5         1   1.10206 -0.102062    8.7973         0
577         5         1   1.10206 -0.102062   9.62989         0
579         5         1   1.10206 -0.102062   12.2025         0
581         5         1   1.10206 -0.102062   12.2025         0
583         5         1   1.10206 -0.102062   12.7881         0
585         5         1   1.10206 -0.102062   13.0255         1
587         5         1   1.10206 -0.102062  -13.0255         1
589         5         1   1.10206 -0.102062   13.0255         0
591         5         1   1.10206 -0.102062    10.864         1
593         5         1   1.10206 -0.102062   -10.864         1
595         5         1   1.10206 -0.102062   15.8088         0
597         5         1   1.10206 -0.102062   9.20208         0
599         5         1   1.10206 -0.102062   8.76846         1
601         5         1   1.10206 -0.102062  -8.76846         1
603         5         1   1.10206 -0.102062   4.84193         1
605         5         1   1.10206 -0.102062  -4.93403         1
607         5         1   1.10206 -0.102062   4.93403         0
609         5         1   1.10206 -0.102062   4.93403         0
611         5         1   1.10206 -0.102062   4.93403         0
613         5         1   1.10206 -0.102062   4.93403         0
615         5         1   1.10206 -0.102062   4.93403         0
617         5         1   1.10206 -0.102062   4.93403         1
619         5         1   1.10206 -0.102062  -4.93403         1
621         5         1   1.10206 -0.102062   4.93403         1
623         5         1   1.10206 -0.102062  -4.93403         1
625         5         1   1.10206 -0.102062   4.93403         1
627         5         1   1.10206 -0.102062  -2.18319         1
629         5         1   1.10206 -0.102062   2.18319         0
631         5         1   1.10206 -0.102062   2.18319         1
633         5         1   1.10206 -0.102062  -2.18319         1
635         5         1   1.10206 -0.102062   2.18319         1
637         5         1   1.10206 -0.102062  -2.18319         1
639         5         1   1.10206 -0.102062   7.60892         0
641         5         1   1.10206 -0.102062   3.93089         1
643         5         1   1.10206 -0.102062  -3.93089         1
645         5         1   1.10206 -0.102062   2.14865         1
647         5         1   1.10206 -0.102062  -2.14865         1
649         5         1   1.10206 -0.102062   2.62957         0
651         5         1   1.10206 -0.102062    2.5703         0
653         5         1   1.10206 -0.102062    2.5703         1
655         5         1   1.10206 -0.102062  0.480926         0
657         5         1   1.10206 -0.102062  -1.80986         1
659         5         1   1.10206 -0.102062   4.11951         1
661         5         1   1.10206 -0.102062  -4.11951         1
663         5         1   1.10206 -0.102062   3.63858         1
665         5         1   1.10206 -0.102062  0.480926         1
667         5         1   1.10206 -0.102062  -4.11951         1
669         5         1   1.10206 -0.102062   3.63858         1
671         5         1   1.10206 -0.102062  -3.63858         1
673         5         1   1.10206 -0.102062   3.22746         0
675         5         1   1.10206 -0.102062   3.63858         0
677         5         1   1.10206 -0.102062   3.22746         1
679         5         1   1.10206 -0.102062  -3.22746         1
681         5         1   1.10206 -0.102062   3.63858         1
683         5         1   1.10206 -0.102062  -3.63858         1
685         5         1   1.10206 -0.102062     5.035         1
687         5         1   1.10206 -0.102062    -5.035         1
689         5         1   1.10206 -0.102062   3.63858         1
691         5         1   1.10206 -0.102062  -3.63858         1
693         5         1   1.10206 -0.102062   3.63858         1
695         5         1   1.10206 -0.102062  -3.63858         1
697         5         1   1.10206 -0.102062     5.035         0
699         5         1   1.10206 -0.102062   3.63858         1
701         5         1   1.10206 -0.102062  -3.63858         1
703         5         1   1.10206 -0.102062     5.035         1
705         5         1   1.10206 -0.102062    -5.035         1
707         5         1   1.10206 -0.102062   3.63858         1
709         5         1   1.10206 -0.102062  -3.63858         1
711         5         1   1.10206 -0.102062     5.035         0
713         5         1   1.10206 -0.102062   2.41812         1
715         5         1   1.10206 -0.102062  -2.41812         1
717         5         1   1.10206 -0.102062   3.81454         1
719         5         1   1.10206 -0.102062  -1.39642         1
721         5         1   1.10206 -0.102062   -0.6679         1
723         5         1   1.10206 -0.102062   2.06432         1
725         5         1   1.10206 -0.102062  -1.39642         1
727         5         1   1.10206 -0.102062   -0.6679         1
729         5         1   1.10206 -0.102062    0.6679         1
731         5         1   1.10206 -0.102062  0.101489         1
733         5         1   1.10206 -0.102062  -0.76939         1
735         5         1   1.10206 -0.102062    0.6679         1
737         5         1   1.10206 -0.102062   -0.6679         1
739         5         1   1.10206 -0.102062   0.76939         1
741         5         1   1.10206 -0.102062 -0.101489         1
743         5         1   1.10206 -0.102062   -0.6679         1
745         5         1   1.10206 -0.102062   0.76939         1
747         5         1   1.10206 -0.102062 -0.101489         1
749         5         1   1.10206 -0.102062   -0.6679         1
751         5         1   1.10206 -0.102062   0.76939         1
753         5         1   1.10206 -0.102062 -0.101489         1
755         5         1   1.10206 -0.102062  -2.06596         1
757         5         1   1.10206 -0.102062   1.35992         1
759         5         1   1.10206 -0.102062  -1.35992         1
761         5         1   1.10206 -0.102062   1.25843         1
763         5         1   1.10206 -0.102062  -1.25843         1
765         5         1   1.10206 -0.102062  -4.45948         1
767         5         1   1.10206 -0.102062   5.71791         1
769         5         1   1.10206 -0.102062  -5.71791         1
771         5         1   1.10206 -0.102062   1.42841         1
773         5         1   1.10206 -0.102062  -1.42841         1
775         5         1   1.10206 -0.102062   1.87123         0
777         5         1   1.10206 -0.102062   1.42841         0
779         5         1   1.10206 -0.102062   1.87123         1
781         5         1   1.10206 -0.102062  -0.44282         1
783         5         1   1.10206 -0.102062   0.44282         1
785         5         1   1.10206 -0.102062   3.52302         1
787         5         1   1.10206 -0.102062  -3.96584         1
789         5         1   1.10206 -0.102062   0.44282         1
791         5         1   1.10206 -0.102062  -0.44282         1
793         5         1   1.10206 -0.102062   0.44282         1
795         5         1   1.10206 -0.102062  -0.44282         1
797         5         1   1.10206 -0.102062   0.44282         1
799         5         1   1.10206 -0.102062  -0.44282         1
801         5         1   1.10206 -0.102062   0.44282         1
803         5         1   1.10206 -0.102062  -0.44282         1
805         5         1   1.10206 -0.102062   3.96584         1
807         5         1   1.10206 -0.102062  -3.52302         1
809         5         1   1.10206 -0.102062  -0.44282         1
811         5         1   1.10206 -0.102062   3.96584         1
813         5         1   1.10206 -0.102062  -3.96584         1
815         5         1   1.10206 -0.102062   0.44282         1
817         5         1   1.10206 -0.102062   3.52302         1
819         5         1   1.10206 -0.102062  -3.09062         1
821         5         1   1.10206 -0.102062  0.675448         1
823         5         1   1.10206 -0.102062 -0.675448         1
825         5         1   1.10206 -0.102062  0.675448         1
827         5         1   1.10206 -0.102062  -1.12573         1
829         5         1   1.10206 -0.102062   3.09062         1
831         5         1   1.10206 -0.102062  -3.09062         1
833         5         1   1.10206 -0.102062   2.69777         1
835         5         1   1.10206 -0.102062  -2.69777         1
837         5         1   1.10206 -0.102062   3.09062         0
839         5         1   1.10206 -0.102062   2.69777         0
841         5         1   1.10206 -0.102062   3.09062         1
843         5         1   1.10206 -0.102062  -3.09062         1
845         5         1   1.10206 -0.102062   2.69777         1
847         5         1   1.10206 -0.102062  -2.69777         1
849         5         1   1.10206 -0.102062   3.09062         1
851         5         1   1.10206 -0.102062 -0.392853         1
853         5         1   1.10206 -0.102062  -2.69777         1
855         5         1   1.10206 -0.102062   1.81014         1
857         5         1   1.10206 -0.102062  -1.81014         1
859         5         1   1.10206 -0.102062   1.18817         1
861         5         1   1.10206 -0.102062   2.62542         1
863         5         1   1.10206 -0.102062  -3.81359         1
865         5         1   1.10206 -0.102062   1.18817         1
867         5         1   1.10206 -0.102062  -1.18817         1
869         5         1   1.10206 -0.102062   1.27404         1
871         5         1   1.10206 -0.102062  -1.27404         1
873         5         1   1.10206 -0.102062   1.27404         1
875         5         1   1.10206 -0.102062  -1.27404         1
877         5         1   1.10206 -0.102062   1.27404         1
879         5         1   1.10206 -0.102062  -3.22064         1
881         5         1   1.10206 -0.102062   2.09681         1
883         5         1   1.10206 -0.102062  -2.09681         1
885         5         1   1.10206 -0.102062   2.09681         0
887         5         1   1.10206 -0.102062   2.09681         1
889         5         1   1.10206 -0.102062  -2.09681         1
891         5         1   1.10206 -0.102062   4.50923         1
893         5         1   1.10206 -0.102062  -4.50923         1
895         5         1   1.10206 -0.102062   4.50923         0
897         5         1   1.10206 -0.102062   4.50923         0
899         5         1   1.10206 -0.102062   4.50923         1
901         5         1   1.10206 -0.102062  -4.50923         1
903         5         1   1.10206 -0.102062   4.50923         0
905         5         1   1.10206 -0.102062   4.50923         0
907         5         1   1.10206 -0.102062   4.50923         0
909         5         1   1.10206 -0.102062   4.50923         1
911         5         1   1.10206 -0.102062  -4.50923         1
913         5         1   1.10206 -0.102062   4.50923         0
915         5         1   1.10206 -0.102062   4.50923         1
917         5         1   1.10206 -0.102062  -4.50923         1
919         5         1   1.10206 -0.102062   4.50923         0
921         5         1   1.10206 -0.102062   4.50923         1
923         5         1   1.10206 -0.102062  -4.50923         1
925         5         1   1.10206 -0.102062   4.50923         1
927         5         1   1.10206 -0.102062  -4.50923         1
929         5         1   1.10206 -0.102062   4.50923         1
931         5         1   1.10206 -0.102062  -4.50923         1
933         5         1   1.10206 -0.102062   4.50923         1
935         5         1   1.10206 -0.102062  -4.50923         1
937         5         1   1.10206 -0.102062   4.50923         0
939         5         1   1.10206 -0.102062   4.50923         0
941         5         1   1.10206 -0.102062   4.50923         1
943         5         1   1.10206 -0.102062  -4.50923         1
945         5         1   1.10206 -0.102062   4.50923         1
947         5         1   1.10206 -0.102062  -4.50923         1
949         5         1   1.10206 -0.102062   4.50923         1
951         5         1   1.10206 -0.102062  -4.50923         1
953         5         1   1.10206 -0.102062    3.9765         0
955         5         1   1.10206 -0.102062    3.9765         1
957         5         1   1.10206 -0.102062   -3.9765         1
959         5         1   1.10206 -0.102062    3.9765         0
961         5         1   1.10206 -0.102062    3.9765         1
963         5         1   1.10206 -0.102062   -3.9765         1
965         5         1   1.10206 -0.102062    3.9765         1
967         5         1   1.10206 -0.102062   -3.9765         1
969         5         1   1.10206 -0.102062    3.9765         1
971         5         1   1.10206 -0.102062   -3.9765         1
973         5         1   1.10206 -0.102062    3.9765         1
975         5         1   1.10206 -0.102062   -3.9765         1
977         5         1   1.10206 -0.102062    3.9765         1
979         5         1   1.10206 -0.102062   -3.9765         1
981         5         1   1.10206 -0.102062    3.9765         1
983         5         1   1.10206 -0.102062   -3.9765         1
985         5         1   1.10206 -0.102062    3.9765         1
987         5         1   1.10206 -0.102062   -3.9765         1
989         5         1   1.10206 -0.102062    3.9765         1
991         5         1   1.10206 -0.102062   -3.9765         1
993         5         1   1.10206 -0.102062    3.9765         0
995         5         1   1.10206 -0.102062    3.9765         1
997         5         1   1.10206 -0.102062   -3.9765         1
999         5         1   1.10206 -0.102062    3.9765         0
