#BLOCK   PARTNER   MY_BETA PART_BETA   DELTA_BDELTA_E  ACCEPTED
0         4   1.10206   1.57735 -0.475288  -21.2023         1
1         6   1.10206         1  0.102062  -8.11262         1
2         4   1.10206   1.57735 -0.475288   5.36859         0
3         6   1.10206         1  0.102062  0.606228         1
4         4   1.10206   1.57735 -0.475288  -3.14602         1
5         6   1.10206         1  0.102062   12.1117         1
6         4   1.10206   1.57735 -0.475288  -7.70555         1
7         6   1.10206         1  0.102062   15.2515         1
8         4   1.10206   1.57735 -0.475288  -6.86232         1
9         6   1.10206         1  0.102062  -10.9636         0
10         4   1.10206   1.57735 -0.475288   2.35112         0
11         6   1.10206         1  0.102062  -10.9636         0
12         4   1.10206   1.57735 -0.475288   5.29978         0
13         6   1.10206         1  0.102062  -10.3841         0
14         4   1.10206   1.57735 -0.475288   5.29978         0
15         6   1.10206         1  0.102062  -2.53622         1
16         4   1.10206   1.57735 -0.475288   3.35924         0
17         6   1.10206         1  0.102062    12.956         1
18         4   1.10206   1.57735 -0.475288  -7.45268         1
19         6   1.10206         1  0.102062  -8.09371         1
20         4   1.10206   1.57735 -0.475288   6.78259         0
21         6   1.10206         1  0.102062   23.1067         1
22         4   1.10206   1.57735 -0.475288  -10.6638         1
23         6   1.10206         1  0.102062  -14.1475         0
24         4   1.10206   1.57735 -0.475288   1.48455         0
25         6   1.10206         1  0.102062  -14.1475         0
26         4   1.10206   1.57735 -0.475288 -0.201401         1
27         6   1.10206         1  0.102062  -13.9461         1
28         4   1.10206   1.57735 -0.475288   14.2412         0
29         6   1.10206         1  0.102062   11.8168         1
30         4   1.10206   1.57735 -0.475288  -1.51042         1
31         6   1.10206         1  0.102062  -9.68823         0
32         4   1.10206   1.57735 -0.475288   2.12861         0
33         6   1.10206         1  0.102062   -13.619         0
34         4   1.10206   1.57735 -0.475288  -1.80218         1
35         6   1.10206         1  0.102062  -11.1588         0
36         4   1.10206   1.57735 -0.475288   1.80218         0
37         6   1.10206         1  0.102062  -11.1588         0
38         4   1.10206   1.57735 -0.475288   2.02703         0
39         6   1.10206         1  0.102062  -5.13167         0
40         4   1.10206   1.57735 -0.475288   6.94455         0
41         6   1.10206         1  0.102062   4.86804         1
42         4   1.10206   1.57735 -0.475288  -2.10109         1
43         6   1.10206         1  0.102062  -3.27976         1
44         4   1.10206   1.57735 -0.475288   5.38085         0
45         6   1.10206         1  0.102062   2.72532         1
46         4   1.10206   1.57735 -0.475288   2.65553         0
47         6   1.10206         1  0.102062  -2.72532         0
48         4   1.10206   1.57735 -0.475288   5.58287         0
49         6   1.10206         1  0.102062  -2.72532         0
50         4   1.10206   1.57735 -0.475288   4.01763         0
51         6   1.10206         1  0.102062  -1.89786         1
52         4   1.10206   1.57735 -0.475288   6.74295         0
53         6   1.10206         1  0.102062  0.544569         1
54         4   1.10206   1.57735 -0.475288   7.76363         0
55         6   1.10206         1  0.102062  0.293923         1
56         4   1.10206   1.57735 -0.475288   7.11505         0
57         6   1.10206         1  0.102062  -4.84091         0
58         4   1.10206   1.57735 -0.475288   2.38855         1
59         6   1.10206         1  0.102062  -8.74216         1
60         4   1.10206   1.57735 -0.475288   5.02042         0
61         6   1.10206         1  0.102062   8.74216         1
62         4   1.10206   1.57735 -0.475288  -3.72174         1
63         6   1.10206         1  0.102062  -5.02042         1
64         4   1.10206   1.57735 -0.475288   11.3798         0
65         6   1.10206         1  0.102062   5.02042         1
66         4   1.10206   1.57735 -0.475288   6.35935         0
67         6   1.10206         1  0.102062  -5.02042         0
68         4   1.10206   1.57735 -0.475288   6.35935         0
69         6   1.10206         1  0.102062  -1.42646         1
70         4   1.10206   1.57735 -0.475288   4.96772         0
71         6   1.10206         1  0.102062  -1.05538         1
72         4   1.10206   1.57735 -0.475288   5.27973         0
73         6   1.10206         1  0.102062  -1.70427         0
74         4   1.10206   1.57735 -0.475288   6.94522         0
75         6   1.10206         1  0.102062  -1.70427         1
76         4   1.10206   1.57735 -0.475288   7.45719         0
77         6   1.10206         1  0.102062   1.05227         1
78         4   1.10206   1.57735 -0.475288   6.79188         0
79         6   1.10206         1  0.102062  -1.05227         1
80         4   1.10206   1.57735 -0.475288   4.63967         0
81         6   1.10206         1  0.102062 -0.730117         1
82         4   1.10206   1.57735 -0.475288   4.50321         0
83         6   1.10206         1  0.102062 -0.448562         1
84         4   1.10206   1.57735 -0.475288   4.07608         0
85         6   1.10206         1  0.102062  0.448562         1
86         4   1.10206   1.57735 -0.475288   3.62752         0
87         6   1.10206         1  0.102062 -0.448562         0
88         4   1.10206   1.57735 -0.475288   3.62752         0
89         6   1.10206         1  0.102062 -0.448562         1
90         4   1.10206   1.57735 -0.475288   4.95177         0
91         6   1.10206         1  0.102062  -11.4262         1
92         4   1.10206   1.57735 -0.475288   2.68138         0
93         6   1.10206         1  0.102062   6.70013         1
94         4   1.10206   1.57735 -0.475288  -7.45139         1
95         6   1.10206         1  0.102062   1.89162         1
96         4   1.10206   1.57735 -0.475288  -1.01592         1
97         6   1.10206         1  0.102062 -0.875695         1
98         4   1.10206   1.57735 -0.475288   1.89162         1
99         6   1.10206         1  0.102062  -1.01592         1
100         4   1.10206   1.57735 -0.475288 -0.875695         1
101         6   1.10206         1  0.102062   1.89162         1
102         4   1.10206   1.57735 -0.475288  -1.01592         1
103         6   1.10206         1  0.102062 -0.875695         1
104         4   1.10206   1.57735 -0.475288   1.89162         0
105         6   1.10206         1  0.102062  0.875695         1
106         4   1.10206   1.57735 -0.475288   3.89603         1
107         6   1.10206         1  0.102062  -5.49019         1
108         4   1.10206   1.57735 -0.475288  0.875695         1
109         6   1.10206         1  0.102062   4.61449         1
110         4   1.10206   1.57735 -0.475288  -5.49019         1
111         6   1.10206         1  0.102062  0.875695         1
112         4   1.10206   1.57735 -0.475288   3.97073         0
113         6   1.10206         1  0.102062 -0.875695         1
114         4   1.10206   1.57735 -0.475288   5.49019         0
115         6   1.10206         1  0.102062   1.07525         1
116         4   1.10206   1.57735 -0.475288   3.77118         0
117         6   1.10206         1  0.102062  -1.07525         1
118         4   1.10206   1.57735 -0.475288   5.49019         0
119         6   1.10206         1  0.102062   1.11395         1
120         4   1.10206   1.57735 -0.475288   3.73248         0
121         6   1.10206         1  0.102062  -1.11395         0
122         4   1.10206   1.57735 -0.475288   3.73248         0
123         6   1.10206         1  0.102062  -1.11395         1
124         4   1.10206   1.57735 -0.475288   4.84643         0
125         6   1.10206         1  0.102062   1.11395         1
126         4   1.10206   1.57735 -0.475288   4.37624         0
127         6   1.10206         1  0.102062  -1.11395         1
128         4   1.10206   1.57735 -0.475288   4.84643         0
129         6   1.10206         1  0.102062   1.11395         1
130         4   1.10206   1.57735 -0.475288   3.73248         0
131         6   1.10206         1  0.102062  -1.11395         1
132         4   1.10206   1.57735 -0.475288   5.99912         0
133         6   1.10206         1  0.102062   3.01651         1
134         4   1.10206   1.57735 -0.475288   1.86144         1
135         6   1.10206         1  0.102062  -4.87795         1
136         4   1.10206   1.57735 -0.475288   3.01651         0
137         6   1.10206         1  0.102062   4.87795         1
138         4   1.10206   1.57735 -0.475288  -1.19147         1
139         6   1.10206         1  0.102062  -3.68648         1
140         4   1.10206   1.57735 -0.475288   5.99912         0
141         6   1.10206         1  0.102062   3.68648         1
142         4   1.10206   1.57735 -0.475288   1.19147         1
143         6   1.10206         1  0.102062  -2.63842         1
144         4   1.10206   1.57735 -0.475288   12.2937         0
145         6   1.10206         1  0.102062   2.63842         1
146         4   1.10206   1.57735 -0.475288   5.33176         0
147         6   1.10206         1  0.102062  -1.91259         1
148         4   1.10206   1.57735 -0.475288   7.24435         0
149         6   1.10206         1  0.102062   1.91259         1
150         4   1.10206   1.57735 -0.475288   5.33176         0
151         6   1.10206         1  0.102062  -3.19153         1
152         4   1.10206   1.57735 -0.475288    8.5233         0
153         6   1.10206         1  0.102062   3.19153         1
154         4   1.10206   1.57735 -0.475288   5.33176         0
155         6   1.10206         1  0.102062   -4.9649         0
156         4   1.10206   1.57735 -0.475288   5.33176         0
157         6   1.10206         1  0.102062   6.04172         1
158         4   1.10206   1.57735 -0.475288  -0.70996         1
159         6   1.10206         1  0.102062  -5.33176         1
160         4   1.10206   1.57735 -0.475288   6.04172         0
161         6   1.10206         1  0.102062   5.33176         1
162         4   1.10206   1.57735 -0.475288   0.70996         1
163         6   1.10206         1  0.102062  -6.28124         1
164         4   1.10206   1.57735 -0.475288   5.57128         0
165         6   1.10206         1  0.102062   6.28124         1
166         4   1.10206   1.57735 -0.475288  -0.70996         1
167         6   1.10206         1  0.102062  -5.57128         1
168         4   1.10206   1.57735 -0.475288   6.28124         0
169         6   1.10206         1  0.102062   5.57128         1
170         4   1.10206   1.57735 -0.475288   0.70996         1
171         6   1.10206         1  0.102062  -6.28124         0
172         4   1.10206   1.57735 -0.475288  -0.70996         1
173         6   1.10206         1  0.102062  -5.57128         1
174         4   1.10206   1.57735 -0.475288   6.28124         0
175         6   1.10206         1  0.102062   5.57128         1
176         4   1.10206   1.57735 -0.475288   0.70996         0
177         6   1.10206         1  0.102062  -5.57128         1
178         4   1.10206   1.57735 -0.475288   6.28124         1
179         6   1.10206         1  0.102062  -0.70996         1
180         4   1.10206   1.57735 -0.475288  -5.57128         1
181         6   1.10206         1  0.102062   6.28124         1
182         4   1.10206   1.57735 -0.475288  -0.70996         1
183         6   1.10206         1  0.102062  -5.57128         0
184         4   1.10206   1.57735 -0.475288   0.70996         0
185         6   1.10206         1  0.102062  -5.57128         0
186         4   1.10206   1.57735 -0.475288   0.70996         1
187         6   1.10206         1  0.102062  -6.28124         1
188         4   1.10206   1.57735 -0.475288   5.57128         0
189         6   1.10206         1  0.102062   6.28124         1
190         4   1.10206   1.57735 -0.475288  -0.70996         1
191         6   1.10206         1  0.102062  -5.57128         1
192         4   1.10206   1.57735 -0.475288   6.28124         0
193         6   1.10206         1  0.102062   5.57128         1
194         4   1.10206   1.57735 -0.475288   1.02682         1
195         6   1.10206         1  0.102062  -6.28124         0
196         4   1.10206   1.57735 -0.475288  -1.02682         1
197         6   1.10206         1  0.102062  -5.25441         1
198         4   1.10206   1.57735 -0.475288   6.28124         0
199         6   1.10206         1  0.102062   5.25441         1
200         4   1.10206   1.57735 -0.475288   1.02682         1
201         6   1.10206         1  0.102062  -5.73978         0
202         4   1.10206   1.57735 -0.475288  -1.02682         1
203         6   1.10206         1  0.102062  -4.71296         0
204         4   1.10206   1.57735 -0.475288   1.02682         1
205         6   1.10206         1  0.102062  -5.06333         0
206         4   1.10206   1.57735 -0.475288  -1.02682         1
207         6   1.10206         1  0.102062  -5.36531         0
208         4   1.10206   1.57735 -0.475288   1.02682         1
209         6   1.10206         1  0.102062  -6.39213         0
210         4   1.10206   1.57735 -0.475288  -1.02682         1
211         6   1.10206         1  0.102062  -2.55972         1
212         4   1.10206   1.57735 -0.475288   3.58654         1
213         6   1.10206         1  0.102062  -1.02682         1
214         4   1.10206   1.57735 -0.475288   -1.0504         1
215         6   1.10206         1  0.102062   2.07723         1
216         4   1.10206   1.57735 -0.475288  -1.02682         1
217         6   1.10206         1  0.102062   -1.0504         1
218         4   1.10206   1.57735 -0.475288   2.07723         0
219         6   1.10206         1  0.102062    1.0504         1
220         4   1.10206   1.57735 -0.475288   1.02682         1
221         6   1.10206         1  0.102062  -2.07723         1
222         4   1.10206   1.57735 -0.475288    1.0504         0
223         6   1.10206         1  0.102062   2.07723         1
224         4   1.10206   1.57735 -0.475288  -1.02682         1
225         6   1.10206         1  0.102062   -1.0504         1
226         4   1.10206   1.57735 -0.475288   2.07723         0
227         6   1.10206         1  0.102062   7.19493         1
228         4   1.10206   1.57735 -0.475288   1.02682         0
229         6   1.10206         1  0.102062  -5.22245         1
230         4   1.10206   1.57735 -0.475288   6.24927         0
231         6   1.10206         1  0.102062   5.22245         1
232         4   1.10206   1.57735 -0.475288   1.02682         1
233         6   1.10206         1  0.102062  -5.16353         1
234         4   1.10206   1.57735 -0.475288    4.1367         0
235         6   1.10206         1  0.102062   5.16353         1
236         4   1.10206   1.57735 -0.475288  -1.02682         1
237         6   1.10206         1  0.102062   -4.1367         0
238         4   1.10206   1.57735 -0.475288   1.02682         0
239         6   1.10206         1  0.102062   -4.1367         1
240         4   1.10206   1.57735 -0.475288   5.16353         0
241         6   1.10206         1  0.102062    4.1367         1
242         4   1.10206   1.57735 -0.475288   1.02682         1
243         6   1.10206         1  0.102062  -5.16353         0
244         4   1.10206   1.57735 -0.475288  -1.02682         1
245         6   1.10206         1  0.102062   -4.1367         0
246         4   1.10206   1.57735 -0.475288   1.02682         1
247         6   1.10206         1  0.102062  -5.16353         1
248         4   1.10206   1.57735 -0.475288   2.59006         0
249         6   1.10206         1  0.102062   3.61688         1
250         4   1.10206   1.57735 -0.475288  -1.02682         1
251         6   1.10206         1  0.102062  -2.59006         1
252         4   1.10206   1.57735 -0.475288   3.61688         0
253         6   1.10206         1  0.102062   2.59006         1
254         4   1.10206   1.57735 -0.475288   1.02682         1
255         6   1.10206         1  0.102062  -3.82094         1
256         4   1.10206   1.57735 -0.475288   2.79412         1
257         6   1.10206         1  0.102062   1.02682         1
258         4   1.10206   1.57735 -0.475288  -3.80752         1
259         6   1.10206         1  0.102062    2.7807         1
260         4   1.10206   1.57735 -0.475288   1.02682         1
261         6   1.10206         1  0.102062  -9.73652         1
262         4   1.10206   1.57735 -0.475288 0.0141072         1
263         6   1.10206         1  0.102062   1.02682         1
264         4   1.10206   1.57735 -0.475288  -1.04093         1
265         6   1.10206         1  0.102062  -1.07706         1
266         4   1.10206   1.57735 -0.475288   1.02682         0
267         6   1.10206         1  0.102062   1.07706         1
268         4   1.10206   1.57735 -0.475288-0.0502364         1
269         6   1.10206         1  0.102062  -1.02682         1
270         4   1.10206   1.57735 -0.475288   1.07706         1
271         6   1.10206         1  0.102062-0.0502364         1
272         4   1.10206   1.57735 -0.475288  -1.02682         1
273         6   1.10206         1  0.102062   1.07706         1
274         4   1.10206   1.57735 -0.475288-0.0502364         1
275         6   1.10206         1  0.102062  -1.02682         1
276         4   1.10206   1.57735 -0.475288   1.07706         0
277         6   1.10206         1  0.102062  0.932267         1
278         4   1.10206   1.57735 -0.475288 0.0502364         1
279         6   1.10206         1  0.102062 -0.982504         1
280         4   1.10206   1.57735 -0.475288  0.932267         0
281         6   1.10206         1  0.102062  0.982504         1
282         4   1.10206   1.57735 -0.475288-0.0502364         1
283         6   1.10206         1  0.102062  -1.10756         1
284         4   1.10206   1.57735 -0.475288    1.1578         0
285         6   1.10206         1  0.102062   1.10756         1
286         4   1.10206   1.57735 -0.475288 0.0502364         1
287         6   1.10206         1  0.102062  -1.27751         1
288         4   1.10206   1.57735 -0.475288   1.22728         1
289         6   1.10206         1  0.102062 0.0502364         1
290         4   1.10206   1.57735 -0.475288  -1.27751         1
291         6   1.10206         1  0.102062   1.22728         1
292         4   1.10206   1.57735 -0.475288 0.0502364         1
293         6   1.10206         1  0.102062  -1.27751         1
294         4   1.10206   1.57735 -0.475288   1.22728         0
295         6   1.10206         1  0.102062   1.27751         1
296         4   1.10206   1.57735 -0.475288-0.0502364         1
297         6   1.10206         1  0.102062  -1.45922         1
298         4   1.10206   1.57735 -0.475288   1.27751         1
299         6   1.10206         1  0.102062  0.181705         1
300         4   1.10206   1.57735 -0.475288  -1.45922         1
301         6   1.10206         1  0.102062   4.48246         1
302         4   1.10206   1.57735 -0.475288  -3.02325         1
303         6   1.10206         1  0.102062  -1.45922         1
304         4   1.10206   1.57735 -0.475288   4.48246         1
305         6   1.10206         1  0.102062  -3.02325         1
306         4   1.10206   1.57735 -0.475288  -1.45922         1
307         6   1.10206         1  0.102062   4.48246         1
308         4   1.10206   1.57735 -0.475288  -3.02325         1
309         6   1.10206         1  0.102062  -1.45922         1
310         4   1.10206   1.57735 -0.475288   4.48246         0
311         6   1.10206         1  0.102062   1.45922         1
312         4   1.10206   1.57735 -0.475288   3.02325         0
313         6   1.10206         1  0.102062  -1.45922         1
314         4   1.10206   1.57735 -0.475288   4.48246         0
315         6   1.10206         1  0.102062   1.45922         1
316         4   1.10206   1.57735 -0.475288   3.02325         0
317         6   1.10206         1  0.102062  -1.45922         1
318         4   1.10206   1.57735 -0.475288   4.48246         0
319         6   1.10206         1  0.102062   1.45922         1
320         4   1.10206   1.57735 -0.475288   3.02325         0
321         6   1.10206         1  0.102062  -1.45922         1
322         4   1.10206   1.57735 -0.475288   4.48246         0
323         6   1.10206         1  0.102062   1.45922         1
324         4   1.10206   1.57735 -0.475288   3.02325         1
325         6   1.10206         1  0.102062   -8.6953         0
326         4   1.10206   1.57735 -0.475288  -7.23608         1
327         6   1.10206         1  0.102062  -1.45922         1
328         4   1.10206   1.57735 -0.475288    8.6953         0
329         6   1.10206         1  0.102062   1.45922         1
330         4   1.10206   1.57735 -0.475288   7.61138         0
331         6   1.10206         1  0.102062  -1.45922         1
332         4   1.10206   1.57735 -0.475288    8.6953         0
333         6   1.10206         1  0.102062   1.45922         1
334         4   1.10206   1.57735 -0.475288   7.61138         0
335         6   1.10206         1  0.102062  -1.45922         1
336         4   1.10206   1.57735 -0.475288    8.6953         0
337         6   1.10206         1  0.102062   1.45922         1
338         4   1.10206   1.57735 -0.475288   7.61138         0
339         6   1.10206         1  0.102062  -1.45922         0
340         4   1.10206   1.57735 -0.475288   6.51889         0
341         6   1.10206         1  0.102062  -1.45922         1
342         4   1.10206   1.57735 -0.475288   7.97811         0
343         6   1.10206         1  0.102062   1.45922         1
344         4   1.10206   1.57735 -0.475288   7.61138         0
345         6   1.10206         1  0.102062  -1.45922         1
346         4   1.10206   1.57735 -0.475288   7.97811         0
347         6   1.10206         1  0.102062   1.45922         1
348         4   1.10206   1.57735 -0.475288   7.61138         0
349         6   1.10206         1  0.102062  -1.45922         1
350         4   1.10206   1.57735 -0.475288   7.97811         0
351         6   1.10206         1  0.102062   1.45922         1
352         4   1.10206   1.57735 -0.475288   6.51889         0
353         6   1.10206         1  0.102062  -1.45922         0
354         4   1.10206   1.57735 -0.475288   6.51889         0
355         6   1.10206         1  0.102062  -1.45922         1
356         4   1.10206   1.57735 -0.475288   7.97811         0
357         6   1.10206         1  0.102062   1.45922         1
358         4   1.10206   1.57735 -0.475288   6.51889         0
359         6   1.10206         1  0.102062  -1.45922         1
360         4   1.10206   1.57735 -0.475288   7.97811         1
361         6   1.10206         1  0.102062  -6.49491         0
362         4   1.10206   1.57735 -0.475288  -7.97811         1
363         6   1.10206         1  0.102062    1.4832         1
364         4   1.10206   1.57735 -0.475288   6.49491         0
365         6   1.10206         1  0.102062   -1.4832         1
366         4   1.10206   1.57735 -0.475288   7.97811         0
367         6   1.10206         1  0.102062    1.4832         1
368         4   1.10206   1.57735 -0.475288   6.49491         0
369         6   1.10206         1  0.102062  0.673206         1
370         4   1.10206   1.57735 -0.475288   7.97811         0
371         6   1.10206         1  0.102062 -0.673206         1
372         4   1.10206   1.57735 -0.475288   8.65132         0
373         6   1.10206         1  0.102062  0.673206         1
374         4   1.10206   1.57735 -0.475288   7.97811         0
375         6   1.10206         1  0.102062 -0.673206         1
376         4   1.10206   1.57735 -0.475288   8.65132         0
377         6   1.10206         1  0.102062  0.673206         1
378         4   1.10206   1.57735 -0.475288   7.97811         0
379         6   1.10206         1  0.102062 -0.673206         1
380         4   1.10206   1.57735 -0.475288   9.81406         0
381         6   1.10206         1  0.102062  0.673206         1
382         4   1.10206   1.57735 -0.475288   9.14085         0
383         6   1.10206         1  0.102062 -0.673206         0
384         4   1.10206   1.57735 -0.475288   6.42577         0
385         6   1.10206         1  0.102062  -3.38829         1
386         4   1.10206   1.57735 -0.475288   9.81406         0
387         6   1.10206         1  0.102062   3.03374         1
388         4   1.10206   1.57735 -0.475288   6.78032         0
389         6   1.10206         1  0.102062  -3.03374         1
390         4   1.10206   1.57735 -0.475288   9.05423         0
391         6   1.10206         1  0.102062    7.7999         1
392         4   1.10206   1.57735 -0.475288  -2.30504         1
393         6   1.10206         1  0.102062  -9.05423         1
394         4   1.10206   1.57735 -0.475288   11.3593         0
395         6   1.10206         1  0.102062   9.05423         1
396         4   1.10206   1.57735 -0.475288   2.30504         0
397         6   1.10206         1  0.102062  -9.05423         0
398         4   1.10206   1.57735 -0.475288   2.30504         0
399         6   1.10206         1  0.102062  -9.05423         0
400         4   1.10206   1.57735 -0.475288   2.30504         1
401         6   1.10206         1  0.102062  -7.06585         1
402         4   1.10206   1.57735 -0.475288   7.98752         0
403         6   1.10206         1  0.102062   7.06585         1
404         4   1.10206   1.57735 -0.475288  0.921664         1
405         6   1.10206         1  0.102062  -7.98752         0
406         4   1.10206   1.57735 -0.475288 -0.921664         1
407         6   1.10206         1  0.102062  -7.06585         1
408         4   1.10206   1.57735 -0.475288   8.24244         0
409         6   1.10206         1  0.102062   7.70185         1
410         4   1.10206   1.57735 -0.475288  0.285673         1
411         6   1.10206         1  0.102062  -7.98752         0
412         4   1.10206   1.57735 -0.475288 -0.285673         1
413         6   1.10206         1  0.102062  -7.70185         0
414         4   1.10206   1.57735 -0.475288 0.0458851         1
415         6   1.10206         1  0.102062  -8.81176         1
416         4   1.10206   1.57735 -0.475288   8.76588         0
417         6   1.10206         1  0.102062   8.81176         1
418         4   1.10206   1.57735 -0.475288 -0.254919         1
419         6   1.10206         1  0.102062  -8.55684         1
420         4   1.10206   1.57735 -0.475288   8.49408         0
421         6   1.10206         1  0.102062   8.55684         1
422         4   1.10206   1.57735 -0.475288  0.209034         1
423         6   1.10206         1  0.102062  -8.76588         0
424         4   1.10206   1.57735 -0.475288   -0.2718         1
425         6   1.10206         1  0.102062  -8.77875         0
426         4   1.10206   1.57735 -0.475288    0.2718         1
427         6   1.10206         1  0.102062  -4.82161         0
428         4   1.10206   1.57735 -0.475288  -3.39047         1
429         6   1.10206         1  0.102062  -4.34841         1
430         4   1.10206   1.57735 -0.475288   4.28565         1
431         6   1.10206         1  0.102062 0.0627659         1
432         4   1.10206   1.57735 -0.475288  -4.34841         1
433         6   1.10206         1  0.102062   4.28565         1
434         4   1.10206   1.57735 -0.475288  0.951503         0
435         6   1.10206         1  0.102062  -3.39691         1
436         4   1.10206   1.57735 -0.475288   4.97202         0
437         6   1.10206         1  0.102062   3.39691         1
438         4   1.10206   1.57735 -0.475288  0.951503         1
439         6   1.10206         1  0.102062  -4.34841         0
440         4   1.10206   1.57735 -0.475288  -1.48746         1
441         6   1.10206         1  0.102062  -5.02928         0
442         4   1.10206   1.57735 -0.475288   1.48746         1
443         6   1.10206         1  0.102062  -6.51674         1
444         4   1.10206   1.57735 -0.475288   5.02928         0
445         6   1.10206         1  0.102062   6.51674         1
446         4   1.10206   1.57735 -0.475288  -1.48746         1
447         6   1.10206         1  0.102062  -5.02928         1
448         4   1.10206   1.57735 -0.475288   7.14034         0
449         6   1.10206         1  0.102062   5.02928         1
450         4   1.10206   1.57735 -0.475288   1.48746         1
451         6   1.10206         1  0.102062  -6.51674         1
452         4   1.10206   1.57735 -0.475288   5.02928         0
453         6   1.10206         1  0.102062   8.85633         1
454         4   1.10206   1.57735 -0.475288  -3.82705         1
455         6   1.10206         1  0.102062  -5.02928         0
456         4   1.10206   1.57735 -0.475288   2.11106         0
457         6   1.10206         1  0.102062  -5.02928         1
458         4   1.10206   1.57735 -0.475288   7.14034         0
459         6   1.10206         1  0.102062   5.02928         1
460         4   1.10206   1.57735 -0.475288   2.11106         0
461         6   1.10206         1  0.102062  -5.02928         1
462         4   1.10206   1.57735 -0.475288   7.14034         0
463         6   1.10206         1  0.102062   5.02928         1
464         4   1.10206   1.57735 -0.475288   2.11106         0
465         6   1.10206         1  0.102062  -5.02928         1
466         4   1.10206   1.57735 -0.475288   7.14034         0
467         6   1.10206         1  0.102062   5.09759         1
468         4   1.10206   1.57735 -0.475288   2.04276         0
469         6   1.10206         1  0.102062  -2.20115         0
470         4   1.10206   1.57735 -0.475288   2.04276         0
471         6   1.10206         1  0.102062  -2.20115         1
472         4   1.10206   1.57735 -0.475288   4.24391         1
473         6   1.10206         1  0.102062  -2.04276         1
474         4   1.10206   1.57735 -0.475288  -2.20115         1
475         6   1.10206         1  0.102062   4.24391         1
476         4   1.10206   1.57735 -0.475288  -2.04276         1
477         6   1.10206         1  0.102062  -2.20115         1
478         4   1.10206   1.57735 -0.475288   4.24391         0
479         6   1.10206         1  0.102062   2.20115         1
480         4   1.10206   1.57735 -0.475288   2.04276         0
481         6   1.10206         1  0.102062  -2.20115         1
482         4   1.10206   1.57735 -0.475288   4.24391         0
483         6   1.10206         1  0.102062   2.20115         1
484         4   1.10206   1.57735 -0.475288   2.04276         0
485         6   1.10206         1  0.102062  -2.20115         1
486         4   1.10206   1.57735 -0.475288   4.24391         1
487         6   1.10206         1  0.102062  -2.04276         1
488         4   1.10206   1.57735 -0.475288  -2.20115         1
489         6   1.10206         1  0.102062   4.24391         1
490         4   1.10206   1.57735 -0.475288  -2.04276         1
491         6   1.10206         1  0.102062   2.35456         1
492         4   1.10206   1.57735 -0.475288   4.24391         0
493         6   1.10206         1  0.102062  -2.35456         0
494         4   1.10206   1.57735 -0.475288   4.24391         0
495         6   1.10206         1  0.102062  -2.35456         1
496         4   1.10206   1.57735 -0.475288   6.59847         0
497         6   1.10206         1  0.102062-0.0369894         1
498         4   1.10206   1.57735 -0.475288   4.24391         0
499         6   1.10206         1  0.102062 0.0369894         1
500         4   1.10206   1.57735 -0.475288   4.20692         0
501         6   1.10206         1  0.102062-0.0369894         1
502         4   1.10206   1.57735 -0.475288    4.9448         1
503         6   1.10206         1  0.102062  -4.90781         0
504         4   1.10206   1.57735 -0.475288   -4.9448         1
505         6   1.10206         1  0.102062 0.0369894         1
506         4   1.10206   1.57735 -0.475288   4.90781         0
507         6   1.10206         1  0.102062 -0.485115         1
508         4   1.10206   1.57735 -0.475288    4.9448         0
509         6   1.10206         1  0.102062  0.485115         1
510         4   1.10206   1.57735 -0.475288   4.45969         0
511         6   1.10206         1  0.102062 -0.485115         1
512         4   1.10206   1.57735 -0.475288    4.9448         0
513         6   1.10206         1  0.102062  0.485115         1
514         4   1.10206   1.57735 -0.475288   4.45969         0
515         6   1.10206         1  0.102062 -0.485115         1
516         4   1.10206   1.57735 -0.475288    4.9448         0
517         6   1.10206         1  0.102062  0.401346         1
518         4   1.10206   1.57735 -0.475288   4.54346         0
519         6   1.10206         1  0.102062 -0.401346         1
520         4   1.10206   1.57735 -0.475288    4.9448         0
521         6   1.10206         1  0.102062  0.401346         1
522         4   1.10206   1.57735 -0.475288   4.54346         0
523         6   1.10206         1  0.102062 -0.401346         1
524         4   1.10206   1.57735 -0.475288    4.9448         0
525         6   1.10206         1  0.102062  0.401346         1
526         4   1.10206   1.57735 -0.475288   4.54346         0
527         6   1.10206         1  0.102062 -0.401346         1
528         4   1.10206   1.57735 -0.475288    4.9448         0
529         6   1.10206         1  0.102062  0.401346         1
530         4   1.10206   1.57735 -0.475288   4.54346         0
531         6   1.10206         1  0.102062 -0.401346         1
532         4   1.10206   1.57735 -0.475288    4.9448         0
533         6   1.10206         1  0.102062  0.401346         1
534         4   1.10206   1.57735 -0.475288   4.54346         0
535         6   1.10206         1  0.102062 -0.401346         1
536         4   1.10206   1.57735 -0.475288    4.9448         0
537         6   1.10206         1  0.102062  0.401346         1
538         4   1.10206   1.57735 -0.475288   4.54346         0
539         6   1.10206         1  0.102062 -0.401346         1
540         4   1.10206   1.57735 -0.475288    4.9448         0
541         6   1.10206         1  0.102062  0.401346         1
542         4   1.10206   1.57735 -0.475288   4.54346         0
543         6   1.10206         1  0.102062 -0.401346         1
544         4   1.10206   1.57735 -0.475288    4.9448         0
545         6   1.10206         1  0.102062  0.401346         1
546         4   1.10206   1.57735 -0.475288   4.54346         0
547         6   1.10206         1  0.102062 -0.401346         1
548         4   1.10206   1.57735 -0.475288    4.9448         0
549         6   1.10206         1  0.102062  0.168156         1
550         4   1.10206   1.57735 -0.475288   4.77665         0
551         6   1.10206         1  0.102062 -0.168156         1
552         4   1.10206   1.57735 -0.475288    4.9448         0
553         6   1.10206         1  0.102062  0.168156         1
554         4   1.10206   1.57735 -0.475288   4.77665         0
555         6   1.10206         1  0.102062  0.389262         1
556         4   1.10206   1.57735 -0.475288    4.9448         0
557         6   1.10206         1  0.102062  -5.44413         0
558         4   1.10206   1.57735 -0.475288    4.9448         0
559         6   1.10206         1  0.102062   -4.5727         0
560         4   1.10206   1.57735 -0.475288    4.9448         0
561         6   1.10206         1  0.102062   -4.5727         0
562         4   1.10206   1.57735 -0.475288    4.9448         0
563         6   1.10206         1  0.102062   -4.5727         1
564         4   1.10206   1.57735 -0.475288   11.2662         0
565         6   1.10206         1  0.102062    6.3214         1
566         4   1.10206   1.57735 -0.475288    4.9448         0
567         6   1.10206         1  0.102062   -6.3214         1
568         4   1.10206   1.57735 -0.475288   11.2662         0
569         6   1.10206         1  0.102062    6.3214         1
570         4   1.10206   1.57735 -0.475288    4.9448         0
571         6   1.10206         1  0.102062   -6.3214         0
572         4   1.10206   1.57735 -0.475288    4.9448         0
573         6   1.10206         1  0.102062   -6.3214         0
574         4   1.10206   1.57735 -0.475288    4.9448         0
575         6   1.10206         1  0.102062   -8.7973         0
576         4   1.10206   1.57735 -0.475288    4.9448         0
577         6   1.10206         1  0.102062  -9.62989         0
578         4   1.10206   1.57735 -0.475288    4.9448         0
579         6   1.10206         1  0.102062  -12.2025         0
580         4   1.10206   1.57735 -0.475288    4.9448         0
581         6   1.10206         1  0.102062  -12.2025         0
582         4   1.10206   1.57735 -0.475288    4.9448         0
583         6   1.10206         1  0.102062  -12.7881         0
584         4   1.10206   1.57735 -0.475288    4.9448         0
585         6   1.10206         1  0.102062  -13.0255         1
586         4   1.10206   1.57735 -0.475288   17.9703         0
587         6   1.10206         1  0.102062   13.0255         1
588         4   1.10206   1.57735 -0.475288    4.9448         0
589         6   1.10206         1  0.102062  -13.0255         0
590         4   1.10206   1.57735 -0.475288    4.9448         0
591         6   1.10206         1  0.102062   -10.864         1
592         4   1.10206   1.57735 -0.475288   15.8088         0
593         6   1.10206         1  0.102062    10.864         1
594         4   1.10206   1.57735 -0.475288    4.9448         1
595         6   1.10206         1  0.102062  -15.8088         0
596         4   1.10206   1.57735 -0.475288   -4.9448         1
597         6   1.10206         1  0.102062  -9.20208         0
598         4   1.10206   1.57735 -0.475288    4.9448         0
599         6   1.10206         1  0.102062  -8.76846         1
600         4   1.10206   1.57735 -0.475288   13.7133         0
601         6   1.10206         1  0.102062   8.76846         1
602         4   1.10206   1.57735 -0.475288    4.9448         0
603         6   1.10206         1  0.102062  -4.84193         1
604         4   1.10206   1.57735 -0.475288   9.87883         0
605         6   1.10206         1  0.102062   4.93403         1
606         4   1.10206   1.57735 -0.475288    4.9448         0
607         6   1.10206         1  0.102062  -4.93403         0
608         4   1.10206   1.57735 -0.475288    4.9448         0
609         6   1.10206         1  0.102062  -4.93403         0
610         4   1.10206   1.57735 -0.475288    4.9448         0
611         6   1.10206         1  0.102062  -4.93403         0
612         4   1.10206   1.57735 -0.475288    4.9448         0
613         6   1.10206         1  0.102062  -4.93403         0
614         4   1.10206   1.57735 -0.475288    4.9448         0
615         6   1.10206         1  0.102062  -4.93403         0
616         4   1.10206   1.57735 -0.475288    4.9448         0
617         6   1.10206         1  0.102062  -4.93403         1
618         4   1.10206   1.57735 -0.475288   9.87883         0
619         6   1.10206         1  0.102062   4.93403         1
620         4   1.10206   1.57735 -0.475288    4.9448         0
621         6   1.10206         1  0.102062  -4.93403         1
622         4   1.10206   1.57735 -0.475288   9.87883         0
623         6   1.10206         1  0.102062   4.93403         1
624         4   1.10206   1.57735 -0.475288    4.9448         0
625         6   1.10206         1  0.102062  -4.93403         1
626         4   1.10206   1.57735 -0.475288   9.87883         0
627         6   1.10206         1  0.102062   2.18319         1
628         4   1.10206   1.57735 -0.475288    4.9448         0
629         6   1.10206         1  0.102062  -2.18319         0
630         4   1.10206   1.57735 -0.475288    4.9448         0
631         6   1.10206         1  0.102062  -2.18319         1
632         4   1.10206   1.57735 -0.475288     7.128         0
633         6   1.10206         1  0.102062   2.18319         1
634         4   1.10206   1.57735 -0.475288    4.9448         0
635         6   1.10206         1  0.102062  -2.18319         1
636         4   1.10206   1.57735 -0.475288     7.128         0
637         6   1.10206         1  0.102062   2.18319         1
638         4   1.10206   1.57735 -0.475288    4.9448         0
639         6   1.10206         1  0.102062  -7.60892         0
640         4   1.10206   1.57735 -0.475288 -0.480926         1
641         6   1.10206         1  0.102062  -3.93089         1
642         4   1.10206   1.57735 -0.475288   4.41182         0
643         6   1.10206         1  0.102062   3.93089         1
644         4   1.10206   1.57735 -0.475288  0.480926         0
645         6   1.10206         1  0.102062  -2.14865         1
646         4   1.10206   1.57735 -0.475288   2.62957         0
647         6   1.10206         1  0.102062   2.14865         1
648         4   1.10206   1.57735 -0.475288  0.480926         1
649         6   1.10206         1  0.102062  -2.62957         0
650         4   1.10206   1.57735 -0.475288 -0.480926         1
651         6   1.10206         1  0.102062   -2.5703         0
652         4   1.10206   1.57735 -0.475288  0.480926         0
653         6   1.10206         1  0.102062   -2.5703         1
654         4   1.10206   1.57735 -0.475288   2.29078         1
655         6   1.10206         1  0.102062 -0.480926         0
656         4   1.10206   1.57735 -0.475288  -2.29078         1
657         6   1.10206         1  0.102062   1.80986         1
658         4   1.10206   1.57735 -0.475288  0.480926         1
659         6   1.10206         1  0.102062  -4.11951         1
660         4   1.10206   1.57735 -0.475288   3.63858         0
661         6   1.10206         1  0.102062   4.11951         1
662         4   1.10206   1.57735 -0.475288 -0.480926         1
663         6   1.10206         1  0.102062  -3.63858         1
664         4   1.10206   1.57735 -0.475288   4.11951         1
665         6   1.10206         1  0.102062 -0.480926         1
666         4   1.10206   1.57735 -0.475288  -3.63858         1
667         6   1.10206         1  0.102062   4.11951         1
668         4   1.10206   1.57735 -0.475288  0.411122         1
669         6   1.10206         1  0.102062  -3.63858         1
670         4   1.10206   1.57735 -0.475288   3.22746         0
671         6   1.10206         1  0.102062   3.63858         1
672         4   1.10206   1.57735 -0.475288 -0.411122         1
673         6   1.10206         1  0.102062  -3.22746         0
674         4   1.10206   1.57735 -0.475288  0.411122         1
675         6   1.10206         1  0.102062  -3.63858         0
676         4   1.10206   1.57735 -0.475288 -0.411122         1
677         6   1.10206         1  0.102062  -3.22746         1
678         4   1.10206   1.57735 -0.475288   3.63858         0
679         6   1.10206         1  0.102062   3.22746         1
680         4   1.10206   1.57735 -0.475288  0.411122         1
681         6   1.10206         1  0.102062  -3.63858         1
682         4   1.10206   1.57735 -0.475288   3.22746         0
683         6   1.10206         1  0.102062   3.63858         1
684         4   1.10206   1.57735 -0.475288 -0.411122         1
685         6   1.10206         1  0.102062    -5.035         1
686         4   1.10206   1.57735 -0.475288   3.63858         0
687         6   1.10206         1  0.102062     5.035         1
688         4   1.10206   1.57735 -0.475288  -1.39642         1
689         6   1.10206         1  0.102062  -3.63858         1
690         4   1.10206   1.57735 -0.475288     5.035         0
691         6   1.10206         1  0.102062   3.63858         1
692         4   1.10206   1.57735 -0.475288   1.39642         0
693         6   1.10206         1  0.102062  -3.63858         1
694         4   1.10206   1.57735 -0.475288     5.035         0
695         6   1.10206         1  0.102062   3.63858         1
696         4   1.10206   1.57735 -0.475288   1.39642         1
697         6   1.10206         1  0.102062    -5.035         0
698         4   1.10206   1.57735 -0.475288  -1.39642         1
699         6   1.10206         1  0.102062  -3.63858         1
700         4   1.10206   1.57735 -0.475288     5.035         0
701         6   1.10206         1  0.102062   3.63858         1
702         4   1.10206   1.57735 -0.475288   1.39642         1
703         6   1.10206         1  0.102062    -5.035         1
704         4   1.10206   1.57735 -0.475288   3.63858         0
705         6   1.10206         1  0.102062     5.035         1
706         4   1.10206   1.57735 -0.475288  -1.39642         1
707         6   1.10206         1  0.102062  -3.63858         1
708         4   1.10206   1.57735 -0.475288     5.035         0
709         6   1.10206         1  0.102062   3.63858         1
710         4   1.10206   1.57735 -0.475288   1.39642         1
711         6   1.10206         1  0.102062    -5.035         0
712         4   1.10206   1.57735 -0.475288  -1.39642         1
713         6   1.10206         1  0.102062  -2.41812         1
714         4   1.10206   1.57735 -0.475288   3.81454         0
715         6   1.10206         1  0.102062   2.41812         1
716         4   1.10206   1.57735 -0.475288   1.39642         1
717         6   1.10206         1  0.102062  -3.81454         1
718         4   1.10206   1.57735 -0.475288   2.41812         1
719         6   1.10206         1  0.102062   1.39642         1
720         4   1.10206   1.57735 -0.475288  -3.81454         1
721         6   1.10206         1  0.102062    0.6679         1
722         4   1.10206   1.57735 -0.475288   1.39642         1
723         6   1.10206         1  0.102062  -2.06432         1
724         4   1.10206   1.57735 -0.475288    0.6679         1
725         6   1.10206         1  0.102062   1.39642         1
726         4   1.10206   1.57735 -0.475288  -2.06432         1
727         6   1.10206         1  0.102062    0.6679         1
728         4   1.10206   1.57735 -0.475288   1.39642         0
729         6   1.10206         1  0.102062   -0.6679         1
730         4   1.10206   1.57735 -0.475288   0.76939         1
731         6   1.10206         1  0.102062 -0.101489         1
732         4   1.10206   1.57735 -0.475288   -0.6679         1
733         6   1.10206         1  0.102062   0.76939         1
734         4   1.10206   1.57735 -0.475288 -0.101489         1
735         6   1.10206         1  0.102062   -0.6679         1
736         4   1.10206   1.57735 -0.475288   0.76939         0
737         6   1.10206         1  0.102062    0.6679         1
738         4   1.10206   1.57735 -0.475288  0.101489         1
739         6   1.10206         1  0.102062  -0.76939         1
740         4   1.10206   1.57735 -0.475288    0.6679         1
741         6   1.10206         1  0.102062  0.101489         1
742         4   1.10206   1.57735 -0.475288  -0.76939         1
743         6   1.10206         1  0.102062    0.6679         1
744         4   1.10206   1.57735 -0.475288  0.101489         1
745         6   1.10206         1  0.102062  -0.76939         1
746         4   1.10206   1.57735 -0.475288    0.6679         1
747         6   1.10206         1  0.102062  0.101489         1
748         4   1.10206   1.57735 -0.475288  -0.76939         1
749         6   1.10206         1  0.102062    0.6679         1
750         4   1.10206   1.57735 -0.475288  0.101489         1
751         6   1.10206         1  0.102062  -0.76939         1
752         4   1.10206   1.57735 -0.475288    0.6679         1
753         6   1.10206         1  0.102062  0.101489         1
754         4   1.10206   1.57735 -0.475288  -0.76939         1
755         6   1.10206         1  0.102062   2.06596         1
756         4   1.10206   1.57735 -0.475288  0.101489         1
757         6   1.10206         1  0.102062  -1.35992         1
758         4   1.10206   1.57735 -0.475288   1.25843         0
759         6   1.10206         1  0.102062   1.35992         1
760         4   1.10206   1.57735 -0.475288 -0.101489         1
761         6   1.10206         1  0.102062  -1.25843         1
762         4   1.10206   1.57735 -0.475288   1.35992         0
763         6   1.10206         1  0.102062   1.25843         1
764         4   1.10206   1.57735 -0.475288  0.101489         1
765         6   1.10206         1  0.102062   4.45948         1
766         4   1.10206   1.57735 -0.475288   1.25843         1
767         6   1.10206         1  0.102062  -5.71791         1
768         4   1.10206   1.57735 -0.475288   4.45948         0
769         6   1.10206         1  0.102062   5.71791         1
770         4   1.10206   1.57735 -0.475288  -0.44282         1
771         6   1.10206         1  0.102062  -1.42841         1
772         4   1.10206   1.57735 -0.475288   1.87123         0
773         6   1.10206         1  0.102062   1.42841         1
774         4   1.10206   1.57735 -0.475288   0.44282         1
775         6   1.10206         1  0.102062  -1.87123         0
776         4   1.10206   1.57735 -0.475288  -0.44282         1
777         6   1.10206         1  0.102062  -1.42841         0
778         4   1.10206   1.57735 -0.475288   0.44282         1
779         6   1.10206         1  0.102062  -1.87123         1
780         4   1.10206   1.57735 -0.475288  -3.96584         1
781         6   1.10206         1  0.102062   0.44282         1
782         4   1.10206   1.57735 -0.475288   3.52302         0
783         6   1.10206         1  0.102062  -0.44282         1
784         4   1.10206   1.57735 -0.475288   3.96584         1
785         6   1.10206         1  0.102062  -3.52302         1
786         4   1.10206   1.57735 -0.475288  -0.44282         1
787         6   1.10206         1  0.102062   3.96584         1
788         4   1.10206   1.57735 -0.475288  -3.52302         1
789         6   1.10206         1  0.102062  -0.44282         1
790         4   1.10206   1.57735 -0.475288   3.96584         0
791         6   1.10206         1  0.102062   0.44282         1
792         4   1.10206   1.57735 -0.475288   3.52302         0
793         6   1.10206         1  0.102062  -0.44282         1
794         4   1.10206   1.57735 -0.475288   3.96584         0
795         6   1.10206         1  0.102062   0.44282         1
796         4   1.10206   1.57735 -0.475288   3.52302         0
797         6   1.10206         1  0.102062  -0.44282         1
798         4   1.10206   1.57735 -0.475288   3.96584         0
799         6   1.10206         1  0.102062   0.44282         1
800         4   1.10206   1.57735 -0.475288   3.52302         0
801         6   1.10206         1  0.102062  -0.44282         1
802         4   1.10206   1.57735 -0.475288   3.96584         0
803         6   1.10206         1  0.102062   0.44282         1
804         4   1.10206   1.57735 -0.475288   3.52302         1
805         6   1.10206         1  0.102062  -3.96584         1
806         4   1.10206   1.57735 -0.475288   0.44282         1
807         6   1.10206         1  0.102062   3.52302         1
808         4   1.10206   1.57735 -0.475288  -3.96584         1
809         6   1.10206         1  0.102062   0.44282         1
810         4   1.10206   1.57735 -0.475288   3.52302         1
811         6   1.10206         1  0.102062  -3.96584         1
812         4   1.10206   1.57735 -0.475288   0.44282         0
813         6   1.10206         1  0.102062   3.96584         1
814         4   1.10206   1.57735 -0.475288  -3.52302         1
815         6   1.10206         1  0.102062  -0.44282         1
816         4   1.10206   1.57735 -0.475288   2.41517         1
817         6   1.10206         1  0.102062  -3.52302         1
818         4   1.10206   1.57735 -0.475288  0.675448         0
819         6   1.10206         1  0.102062   3.09062         1
820         4   1.10206   1.57735 -0.475288  -2.41517         1
821         6   1.10206         1  0.102062 -0.675448         1
822         4   1.10206   1.57735 -0.475288   3.09062         0
823         6   1.10206         1  0.102062  0.675448         1
824         4   1.10206   1.57735 -0.475288   2.41517         0
825         6   1.10206         1  0.102062 -0.675448         1
826         4   1.10206   1.57735 -0.475288   3.09062         0
827         6   1.10206         1  0.102062   1.12573         1
828         4   1.10206   1.57735 -0.475288  0.392853         1
829         6   1.10206         1  0.102062  -3.09062         1
830         4   1.10206   1.57735 -0.475288   2.69777         0
831         6   1.10206         1  0.102062   3.09062         1
832         4   1.10206   1.57735 -0.475288 -0.392853         1
833         6   1.10206         1  0.102062  -2.69777         1
834         4   1.10206   1.57735 -0.475288   3.09062         0
835         6   1.10206         1  0.102062   2.69777         1
836         4   1.10206   1.57735 -0.475288  0.392853         1
837         6   1.10206         1  0.102062  -3.09062         0
838         4   1.10206   1.57735 -0.475288 -0.392853         1
839         6   1.10206         1  0.102062  -2.69777         0
840         4   1.10206   1.57735 -0.475288  0.392853         1
841         6   1.10206         1  0.102062  -3.09062         1
842         4   1.10206   1.57735 -0.475288   2.69777         0
843         6   1.10206         1  0.102062   3.09062         1
844         4   1.10206   1.57735 -0.475288 -0.392853         1
845         6   1.10206         1  0.102062  -2.69777         1
846         4   1.10206   1.57735 -0.475288   3.09062         0
847         6   1.10206         1  0.102062   2.69777         1
848         4   1.10206   1.57735 -0.475288  0.392853         1
849         6   1.10206         1  0.102062  -3.09062         1
850         4   1.10206   1.57735 -0.475288   2.69777         1
851         6   1.10206         1  0.102062  0.392853         1
852         4   1.10206   1.57735 -0.475288  -3.09062         1
853         6   1.10206         1  0.102062   2.69777         1
854         4   1.10206   1.57735 -0.475288   1.28048         0
855         6   1.10206         1  0.102062  -1.81014         1
856         4   1.10206   1.57735 -0.475288   3.09062         0
857         6   1.10206         1  0.102062   1.81014         1
858         4   1.10206   1.57735 -0.475288   1.28048         0
859         6   1.10206         1  0.102062  -1.18817         1
860         4   1.10206   1.57735 -0.475288   3.09062         1
861         6   1.10206         1  0.102062  -2.62542         1
862         4   1.10206   1.57735 -0.475288  -1.18817         1
863         6   1.10206         1  0.102062   3.81359         1
864         4   1.10206   1.57735 -0.475288  -2.62542         1
865         6   1.10206         1  0.102062  -1.18817         1
866         4   1.10206   1.57735 -0.475288   3.81359         0
867         6   1.10206         1  0.102062   1.18817         1
868         4   1.10206   1.57735 -0.475288 0.0858712         1
869         6   1.10206         1  0.102062  -1.27404         1
870         4   1.10206   1.57735 -0.475288   7.27099         0
871         6   1.10206         1  0.102062   1.27404         1
872         4   1.10206   1.57735 -0.475288   5.99695         0
873         6   1.10206         1  0.102062  -1.27404         1
874         4   1.10206   1.57735 -0.475288   7.27099         0
875         6   1.10206         1  0.102062   1.27404         1
876         4   1.10206   1.57735 -0.475288   5.99695         0
877         6   1.10206         1  0.102062  -1.27404         1
878         4   1.10206   1.57735 -0.475288   7.27099         0
879         6   1.10206         1  0.102062   3.22064         1
880         4   1.10206   1.57735 -0.475288   5.99695         0
881         6   1.10206         1  0.102062  -2.09681         1
882         4   1.10206   1.57735 -0.475288   8.09376         0
883         6   1.10206         1  0.102062   2.09681         1
884         4   1.10206   1.57735 -0.475288   5.99695         0
885         6   1.10206         1  0.102062  -2.09681         0
886         4   1.10206   1.57735 -0.475288   5.99695         0
887         6   1.10206         1  0.102062  -2.09681         1
888         4   1.10206   1.57735 -0.475288   8.09376         0
889         6   1.10206         1  0.102062   2.09681         1
890         4   1.10206   1.57735 -0.475288   5.99695         0
891         6   1.10206         1  0.102062  -4.50923         1
892         4   1.10206   1.57735 -0.475288   10.5062         0
893         6   1.10206         1  0.102062   4.50923         1
894         4   1.10206   1.57735 -0.475288   5.99695         0
895         6   1.10206         1  0.102062  -4.50923         0
896         4   1.10206   1.57735 -0.475288   5.99695         0
897         6   1.10206         1  0.102062  -4.50923         0
898         4   1.10206   1.57735 -0.475288   5.99695         0
899         6   1.10206         1  0.102062  -4.50923         1
900         4   1.10206   1.57735 -0.475288   10.5062         0
901         6   1.10206         1  0.102062   4.50923         1
902         4   1.10206   1.57735 -0.475288   5.99695         0
903         6   1.10206         1  0.102062  -4.50923         0
904         4   1.10206   1.57735 -0.475288   5.99695         0
905         6   1.10206         1  0.102062  -4.50923         0
906         4   1.10206   1.57735 -0.475288   5.99695         0
907         6   1.10206         1  0.102062  -4.50923         0
908         4   1.10206   1.57735 -0.475288   5.99695         0
909         6   1.10206         1  0.102062  -4.50923         1
910         4   1.10206   1.57735 -0.475288   10.5062         0
911         6   1.10206         1  0.102062   4.50923         1
912         4   1.10206   1.57735 -0.475288   5.99695         0
913         6   1.10206         1  0.102062  -4.50923         0
914         4   1.10206   1.57735 -0.475288   5.99695         0
915         6   1.10206         1  0.102062  -4.50923         1
916         4   1.10206   1.57735 -0.475288   10.5062         0
917         6   1.10206         1  0.102062   4.50923         1
918         4   1.10206   1.57735 -0.475288   5.99695         0
919         6   1.10206         1  0.102062  -4.50923         0
920         4   1.10206   1.57735 -0.475288   5.99695         0
921         6   1.10206         1  0.102062  -4.50923         1
922         4   1.10206   1.57735 -0.475288   10.5062         0
923         6   1.10206         1  0.102062   4.50923         1
924         4   1.10206   1.57735 -0.475288   5.99695         0
925         6   1.10206         1  0.102062  -4.50923         1
926         4   1.10206   1.57735 -0.475288   10.5062         0
927         6   1.10206         1  0.102062   4.50923         1
928         4   1.10206   1.57735 -0.475288   5.99695         0
929         6   1.10206         1  0.102062  -4.50923         1
930         4   1.10206   1.57735 -0.475288   10.5062         0
931         6   1.10206         1  0.102062   4.50923         1
932         4   1.10206   1.57735 -0.475288   5.99695         0
933         6   1.10206         1  0.102062  -4.50923         1
934         4   1.10206   1.57735 -0.475288   10.5062         0
935         6   1.10206         1  0.102062   4.50923         1
936         4   1.10206   1.57735 -0.475288   5.99695         0
937         6   1.10206         1  0.102062  -4.50923         0
938         4   1.10206   1.57735 -0.475288   5.99695         0
939         6   1.10206         1  0.102062  -4.50923         0
940         4   1.10206   1.57735 -0.475288   5.99695         0
941         6   1.10206         1  0.102062  -4.50923         1
942         4   1.10206   1.57735 -0.475288   10.5062         0
943         6   1.10206         1  0.102062   4.50923         1
944         4   1.10206   1.57735 -0.475288   5.99695         0
945         6   1.10206         1  0.102062  -4.50923         1
946         4   1.10206   1.57735 -0.475288   10.5062         0
947         6   1.10206         1  0.102062   4.50923         1
948         4   1.10206   1.57735 -0.475288   5.99695         0
949         6   1.10206         1  0.102062  -4.50923         1
950         4   1.10206   1.57735 -0.475288   10.5062         0
951         6   1.10206         1  0.102062   4.50923         1
952         4   1.10206   1.57735 -0.475288   6.52968         0
953         6   1.10206         1  0.102062   -3.9765         0
954         4   1.10206   1.57735 -0.475288   6.52968         0
955         6   1.10206         1  0.102062   -3.9765         1
956         4   1.10206   1.57735 -0.475288   10.5062         0
957         6   1.10206         1  0.102062    3.9765         1
958         4   1.10206   1.57735 -0.475288   6.52968         0
959         6   1.10206         1  0.102062   -3.9765         0
960         4   1.10206   1.57735 -0.475288   6.52968         0
961         6   1.10206         1  0.102062   -3.9765         1
962         4   1.10206   1.57735 -0.475288   10.5062         0
963         6   1.10206         1  0.102062    3.9765         1
964         4   1.10206   1.57735 -0.475288   6.52968         0
965         6   1.10206         1  0.102062   -3.9765         1
966         4   1.10206   1.57735 -0.475288   10.5062         0
967         6   1.10206         1  0.102062    3.9765         1
968         4   1.10206   1.57735 -0.475288   6.52968         0
969         6   1.10206         1  0.102062   -3.9765         1
970         4   1.10206   1.57735 -0.475288   10.5062         0
971         6   1.10206         1  0.102062    3.9765         1
972         4   1.10206   1.57735 -0.475288   6.52968         0
973         6   1.10206         1  0.102062   -3.9765         1
974         4   1.10206   1.57735 -0.475288   10.5062         0
975         6   1.10206         1  0.102062    3.9765         1
976         4   1.10206   1.57735 -0.475288   6.52968         0
977         6   1.10206         1  0.102062   -3.9765         1
978         4   1.10206   1.57735 -0.475288   10.5062         0
979         6   1.10206         1  0.102062    3.9765         1
980         4   1.10206   1.57735 -0.475288   6.52968         0
981         6   1.10206         1  0.102062   -3.9765         1
982         4   1.10206   1.57735 -0.475288   10.5062         0
983         6   1.10206         1  0.102062    3.9765         1
984         4   1.10206   1.57735 -0.475288   6.52968         0
985         6   1.10206         1  0.102062   -3.9765         1
986         4   1.10206   1.57735 -0.475288   10.5062         0
987         6   1.10206         1  0.102062    3.9765         1
988         4   1.10206   1.57735 -0.475288   6.52968         0
989         6   1.10206         1  0.102062   -3.9765         1
990         4   1.10206   1.57735 -0.475288   10.5062         0
991         6   1.10206         1  0.102062    3.9765         1
992         4   1.10206   1.57735 -0.475288   6.52968         0
993         6   1.10206         1  0.102062   -3.9765         0
994         4   1.10206   1.57735 -0.475288   6.52968         0
995         6   1.10206         1  0.102062   -3.9765         1
996         4   1.10206   1.57735 -0.475288   10.5062         0
997         6   1.10206         1  0.102062    3.9765         1
998         4   1.10206   1.57735 -0.475288   5.37367         0
999         6   1.10206         1  0.102062   -3.9765         0
