#GEN         T         A
0      0.385953        0.0037
1      0.385953        0.0005
2      0.385953        0.0001
3      0.385953             0
4      0.385953        0.0001
5      0.385953             0
6      0.385953             0
7      0.385953        0.0005
8      0.385953        0.0001
9      0.385953             0
10      0.385953             0
11      0.385953             0
12      0.385953             0
13      0.385953             0
14      0.385953             0
15      0.385953             0
16      0.385953             0
17      0.385953             0
18      0.385953             0
19      0.385953             0
20      0.385953        0.0001
21      0.385953             0
22      0.385953             0
23      0.385953             0
24      0.385953             0
25      0.385953        0.0001
26      0.385953             0
27      0.385953             0
28      0.385953             0
29      0.385953        0.0001
30      0.385953        0.0001
31      0.385953             0
32      0.385953        0.0001
33      0.385953             0
34      0.385953             0
35      0.385953             0
36      0.385953             0
37      0.385953        0.0001
38      0.385953             0
39      0.385953             0
40      0.385953             0
41      0.385953             0
42      0.385953             0
43      0.385953             0
44      0.385953             0
45      0.385953             0
46      0.385953        0.0001
47      0.385953             0
48      0.385953             0
49      0.385953             0
50      0.385953             0
51      0.385953             0
52      0.385953             0
53      0.385953             0
54      0.385953             0
55      0.385953             0
56      0.385953             0
57      0.385953             0
58      0.385953             0
59      0.385953             0
60      0.385953             0
61      0.385953             0
62      0.385953        0.0001
63      0.385953             0
64      0.385953        0.0001
65      0.385953             0
66      0.385953             0
67      0.385953             0
68      0.385953             0
69      0.385953             0
70      0.385953             0
71      0.385953             0
72      0.385953             0
73      0.385953             0
74      0.385953             0
75      0.385953        0.0001
76      0.385953             0
77      0.385953             0
78      0.385953             0
79      0.385953             0
80      0.385953             0
81      0.385953             0
82      0.385953             0
83      0.385953             0
84      0.385953             0
85      0.385953             0
86      0.385953             0
87      0.385953             0
88      0.385953             0
89      0.385953             0
90      0.385953             0
91      0.385953             0
92      0.385953             0
93      0.385953             0
94      0.385953             0
95      0.385953             0
96      0.385953             0
97      0.385953             0
98      0.385953             0
99      0.385953             0
100      0.385953             0
101      0.385953             0
102      0.385953             0
103      0.385953             0
104      0.385953             0
105      0.385953             0
106      0.385953             0
107      0.385953             0
108      0.385953             0
109      0.385953             0
110      0.385953        0.0001
111      0.385953             0
112      0.385953             0
113      0.385953             0
114      0.385953             0
115      0.385953             0
116      0.385953             0
117      0.385953             0
118      0.385953             0
119      0.385953             0
120      0.385953             0
121      0.385953             0
122      0.385953             0
123      0.385953             0
124      0.385953             0
125      0.385953             0
126      0.385953             0
127      0.385953             0
128      0.385953             0
129      0.385953             0
130      0.385953             0
131      0.385953             0
132      0.385953             0
133      0.385953             0
134      0.385953             0
135      0.385953             0
136      0.385953             0
137      0.385953             0
138      0.385953             0
139      0.385953             0
140      0.385953             0
141      0.385953             0
142      0.385953             0
143      0.385953             0
144      0.385953             0
145      0.385953             0
146      0.385953             0
147      0.385953             0
148      0.385953             0
149      0.385953             0
150      0.385953             0
151      0.385953             0
152      0.385953             0
153      0.385953             0
154      0.385953             0
155      0.385953             0
156      0.385953             0
157      0.385953             0
158      0.385953             0
159      0.385953             0
160      0.385953             0
161      0.385953             0
162      0.385953             0
163      0.385953             0
164      0.385953             0
165      0.385953             0
166      0.385953             0
167      0.385953             0
168      0.385953             0
169      0.385953             0
170      0.385953             0
171      0.385953             0
172      0.385953             0
173      0.385953             0
174      0.385953             0
175      0.385953             0
176      0.385953             0
177      0.385953             0
178      0.385953             0
179      0.385953             0
180      0.385953             0
181      0.385953             0
182      0.385953             0
183      0.385953             0
184      0.385953             0
185      0.385953             0
186      0.385953             0
187      0.385953             0
188      0.385953             0
189      0.385953             0
190      0.385953             0
191      0.385953             0
192      0.385953             0
193      0.385953             0
194      0.385953             0
195      0.385953             0
196      0.385953             0
197      0.385953             0
198      0.385953             0
199      0.385953             0
200      0.385953             0
201      0.385953             0
202      0.385953             0
203      0.385953             0
204      0.385953             0
205      0.385953             0
206      0.385953             0
207      0.385953             0
208      0.385953             0
209      0.385953             0
210      0.385953             0
211      0.385953             0
212      0.385953             0
213      0.385953             0
214      0.385953             0
215      0.385953        0.0001
216      0.385953        0.0001
217      0.385953             0
218      0.385953             0
219      0.385953             0
220      0.385953             0
221      0.385953             0
222      0.385953             0
223      0.385953             0
224      0.385953             0
225      0.385953             0
226      0.385953             0
227      0.385953        0.0001
228      0.385953             0
229      0.385953             0
230      0.385953             0
231      0.385953             0
232      0.385953             0
233      0.385953             0
234      0.385953             0
235      0.385953             0
236      0.385953             0
237      0.385953             0
238      0.385953             0
239      0.385953             0
240      0.385953             0
241      0.385953             0
242      0.385953             0
243      0.385953             0
244      0.385953             0
245      0.385953             0
246      0.385953             0
247      0.385953             0
248      0.385953             0
249      0.385953             0
250      0.385953             0
251      0.385953             0
252      0.385953             0
253      0.385953             0
254      0.385953             0
255      0.385953             0
256      0.385953             0
257      0.385953             0
258      0.385953             0
259      0.385953             0
260      0.385953             0
261      0.385953             0
262      0.385953             0
263      0.385953             0
264      0.385953             0
265      0.385953             0
266      0.385953             0
267      0.385953             0
268      0.385953             0
269      0.385953             0
270      0.385953             0
271      0.385953             0
272      0.385953             0
273      0.385953             0
274      0.385953             0
275      0.385953             0
276      0.385953             0
277      0.385953             0
278      0.385953             0
279      0.385953             0
280      0.385953             0
281      0.385953             0
282      0.385953             0
283      0.385953             0
284      0.385953             0
285      0.385953             0
286      0.385953             0
287      0.385953             0
288      0.385953             0
289      0.385953             0
290      0.385953             0
291      0.385953             0
292      0.385953             0
293      0.385953             0
294      0.385953             0
295      0.385953             0
296      0.385953             0
297      0.385953             0
298      0.385953             0
299      0.385953             0
300      0.385953             0
301      0.385953             0
302      0.385953             0
303      0.385953             0
304      0.385953             0
305      0.385953             0
306      0.385953             0
307      0.385953             0
308      0.385953             0
309      0.385953             0
310      0.385953             0
311      0.385953             0
312      0.385953             0
313      0.385953             0
314      0.385953             0
315      0.385953             0
316      0.385953             0
317      0.385953             0
318      0.385953             0
319      0.385953             0
320      0.385953             0
321      0.385953             0
322      0.385953             0
323      0.385953             0
324      0.385953             0
325      0.385953             0
326      0.385953             0
327      0.385953             0
328      0.385953             0
329      0.385953             0
330      0.385953             0
331      0.385953             0
332      0.385953             0
333      0.385953             0
334      0.385953             0
335      0.385953             0
336      0.385953             0
337      0.385953             0
338      0.385953        0.0001
339      0.385953             0
340      0.385953             0
341      0.385953             0
342      0.385953             0
343      0.385953             0
344      0.385953             0
345      0.385953             0
346      0.385953             0
347      0.385953             0
348      0.385953             0
349      0.385953             0
350      0.385953             0
351      0.385953             0
352      0.385953             0
353      0.385953             0
354      0.385953             0
355      0.385953             0
356      0.385953             0
357      0.385953             0
358      0.385953             0
359      0.385953             0
360      0.385953             0
361      0.385953             0
362      0.385953             0
363      0.385953             0
364      0.385953             0
365      0.385953             0
366      0.385953             0
367      0.385953             0
368      0.385953             0
369      0.385953             0
370      0.385953             0
371      0.385953             0
372      0.385953             0
373      0.385953             0
374      0.385953             0
375      0.385953             0
376      0.385953             0
377      0.385953             0
378      0.385953             0
379      0.385953             0
380      0.385953             0
381      0.385953             0
382      0.385953             0
383      0.385953             0
384      0.385953             0
385      0.385953             0
386      0.385953             0
387      0.385953             0
388      0.385953             0
389      0.385953             0
390      0.385953             0
391      0.385953             0
392      0.385953             0
393      0.385953             0
394      0.385953             0
395      0.385953             0
396      0.385953             0
397      0.385953             0
398      0.385953             0
399      0.385953             0
400      0.385953             0
401      0.385953             0
402      0.385953             0
403      0.385953             0
404      0.385953             0
405      0.385953             0
406      0.385953             0
407      0.385953             0
408      0.385953             0
409      0.385953             0
410      0.385953             0
411      0.385953             0
412      0.385953             0
413      0.385953             0
414      0.385953             0
415      0.385953             0
416      0.385953             0
417      0.385953             0
418      0.385953             0
419      0.385953             0
420      0.385953             0
421      0.385953             0
422      0.385953             0
423      0.385953             0
424      0.385953             0
425      0.385953             0
426      0.385953             0
427      0.385953             0
428      0.385953             0
429      0.385953             0
430      0.385953             0
431      0.385953             0
432      0.385953             0
433      0.385953             0
434      0.385953             0
435      0.385953             0
436      0.385953             0
437      0.385953             0
438      0.385953             0
439      0.385953             0
440      0.385953             0
441      0.385953             0
442      0.385953             0
443      0.385953             0
444      0.385953             0
445      0.385953             0
446      0.385953             0
447      0.385953             0
448      0.385953             0
449      0.385953             0
450      0.385953             0
451      0.385953             0
452      0.385953             0
453      0.385953             0
454      0.385953             0
455      0.385953             0
456      0.385953             0
457      0.385953             0
458      0.385953             0
459      0.385953             0
460      0.385953             0
461      0.385953             0
462      0.385953             0
463      0.385953             0
464      0.385953             0
465      0.385953             0
466      0.385953             0
467      0.385953             0
468      0.385953             0
469      0.385953             0
470      0.385953             0
471      0.385953             0
472      0.385953             0
473      0.385953             0
474      0.385953             0
475      0.385953             0
476      0.385953             0
477      0.385953             0
478      0.385953             0
479      0.385953             0
480      0.385953             0
481      0.385953             0
482      0.385953             0
483      0.385953             0
484      0.385953             0
485      0.385953             0
486      0.385953             0
487      0.385953             0
488      0.385953             0
489      0.385953             0
490      0.385953             0
491      0.385953             0
492      0.385953             0
493      0.385953             0
494      0.385953             0
495      0.385953             0
496      0.385953             0
497      0.385953             0
498      0.385953             0
499      0.385953             0
500      0.385953             0
501      0.385953             0
502      0.385953             0
503      0.385953             0
504      0.385953             0
505      0.385953             0
506      0.385953             0
507      0.385953             0
508      0.385953             0
509      0.385953             0
510      0.385953             0
511      0.385953             0
512      0.385953             0
513      0.385953             0
514      0.385953             0
515      0.385953             0
516      0.385953             0
517      0.385953             0
518      0.385953             0
519      0.385953             0
520      0.385953             0
521      0.385953             0
522      0.385953             0
523      0.385953             0
524      0.385953             0
525      0.385953        0.0001
526      0.385953             0
527      0.385953             0
528      0.385953             0
529      0.385953             0
530      0.385953             0
531      0.385953             0
532      0.385953             0
533      0.385953             0
534      0.385953        0.0001
535      0.385953             0
536      0.385953             0
537      0.385953             0
538      0.385953             0
539      0.385953             0
540      0.385953             0
541      0.385953             0
542      0.385953             0
543      0.385953             0
544      0.385953        0.0001
545      0.385953             0
546      0.385953             0
547      0.385953             0
548      0.385953             0
549      0.385953             0
550      0.385953             0
551      0.385953             0
552      0.385953             0
553      0.385953             0
554      0.385953             0
555      0.385953             0
556      0.385953             0
557      0.385953             0
558      0.385953             0
559      0.385953             0
560      0.385953             0
561      0.385953             0
562      0.385953             0
563      0.385953             0
564      0.385953             0
565      0.385953             0
566      0.385953             0
567      0.385953             0
568      0.385953             0
569      0.385953             0
570      0.385953             0
571      0.385953             0
572      0.385953             0
573      0.385953             0
574      0.385953             0
575      0.385953             0
576      0.385953             0
577      0.385953             0
578      0.385953             0
579      0.385953             0
580      0.385953             0
581      0.385953             0
582      0.385953             0
583      0.385953             0
584      0.385953             0
585      0.385953             0
586      0.385953             0
587      0.385953             0
588      0.385953             0
589      0.385953             0
590      0.385953             0
591      0.385953             0
592      0.385953             0
593      0.385953             0
594      0.385953             0
595      0.385953        0.0001
596      0.385953             0
597      0.385953             0
598      0.385953             0
599      0.385953             0
600      0.385953             0
601      0.385953             0
602      0.385953             0
603      0.385953             0
604      0.385953             0
605      0.385953             0
606      0.385953             0
607      0.385953             0
608      0.385953             0
609      0.385953             0
610      0.385953             0
611      0.385953             0
612      0.385953             0
613      0.385953             0
614      0.385953             0
615      0.385953             0
616      0.385953             0
617      0.385953             0
618      0.385953             0
619      0.385953             0
620      0.385953             0
621      0.385953             0
622      0.385953        0.0001
623      0.385953             0
624      0.385953             0
625      0.385953             0
626      0.385953             0
627      0.385953             0
628      0.385953             0
629      0.385953             0
630      0.385953             0
631      0.385953             0
632      0.385953             0
633      0.385953             0
634      0.385953             0
635      0.385953             0
636      0.385953             0
637      0.385953             0
638      0.385953             0
639      0.385953             0
640      0.385953             0
641      0.385953             0
642      0.385953             0
643      0.385953             0
644      0.385953             0
645      0.385953             0
646      0.385953             0
647      0.385953             0
648      0.385953             0
649      0.385953             0
650      0.385953             0
651      0.385953             0
652      0.385953             0
653      0.385953             0
654      0.385953             0
655      0.385953             0
656      0.385953             0
657      0.385953             0
658      0.385953             0
659      0.385953             0
660      0.385953             0
661      0.385953             0
662      0.385953             0
663      0.385953             0
664      0.385953             0
665      0.385953             0
666      0.385953             0
667      0.385953             0
668      0.385953             0
669      0.385953             0
670      0.385953             0
671      0.385953             0
672      0.385953             0
673      0.385953             0
674      0.385953             0
675      0.385953             0
676      0.385953             0
677      0.385953             0
678      0.385953             0
679      0.385953             0
680      0.385953             0
681      0.385953             0
682      0.385953             0
683      0.385953             0
684      0.385953             0
685      0.385953             0
686      0.385953             0
687      0.385953             0
688      0.385953             0
689      0.385953             0
690      0.385953             0
691      0.385953             0
692      0.385953             0
693      0.385953             0
694      0.385953             0
695      0.385953             0
696      0.385953             0
697      0.385953             0
698      0.385953             0
699      0.385953             0
700      0.385953             0
701      0.385953             0
702      0.385953             0
703      0.385953             0
704      0.385953             0
705      0.385953             0
706      0.385953             0
707      0.385953             0
708      0.385953             0
709      0.385953             0
710      0.385953             0
711      0.385953             0
712      0.385953             0
713      0.385953             0
714      0.385953             0
715      0.385953             0
716      0.385953             0
717      0.385953             0
718      0.385953             0
719      0.385953             0
720      0.385953             0
721      0.385953             0
722      0.385953             0
723      0.385953             0
724      0.385953             0
725      0.385953             0
726      0.385953             0
727      0.385953             0
728      0.385953             0
729      0.385953             0
730      0.385953             0
731      0.385953             0
732      0.385953             0
733      0.385953             0
734      0.385953             0
735      0.385953             0
736      0.385953             0
737      0.385953             0
738      0.385953             0
739      0.385953             0
740      0.385953             0
741      0.385953             0
742      0.385953             0
743      0.385953             0
744      0.385953             0
745      0.385953             0
746      0.385953             0
747      0.385953             0
748      0.385953             0
749      0.385953             0
750      0.385953             0
751      0.385953             0
752      0.385953             0
753      0.385953             0
754      0.385953             0
755      0.385953             0
756      0.385953             0
757      0.385953             0
758      0.385953             0
759      0.385953             0
760      0.385953             0
761      0.385953             0
762      0.385953             0
763      0.385953             0
764      0.385953             0
765      0.385953             0
766      0.385953             0
767      0.385953             0
768      0.385953             0
769      0.385953             0
770      0.385953             0
771      0.385953             0
772      0.385953             0
773      0.385953             0
774      0.385953             0
775      0.385953             0
776      0.385953             0
777      0.385953             0
778      0.385953             0
779      0.385953             0
780      0.385953             0
781      0.385953             0
782      0.385953             0
783      0.385953             0
784      0.385953             0
785      0.385953             0
786      0.385953             0
787      0.385953             0
788      0.385953             0
789      0.385953             0
790      0.385953             0
791      0.385953             0
792      0.385953             0
793      0.385953             0
794      0.385953             0
795      0.385953             0
796      0.385953             0
797      0.385953             0
798      0.385953             0
799      0.385953             0
800      0.385953             0
801      0.385953             0
802      0.385953             0
803      0.385953             0
804      0.385953             0
805      0.385953             0
806      0.385953             0
807      0.385953        0.0001
808      0.385953             0
809      0.385953             0
810      0.385953             0
811      0.385953             0
812      0.385953             0
813      0.385953             0
814      0.385953             0
815      0.385953             0
816      0.385953             0
817      0.385953             0
818      0.385953             0
819      0.385953             0
820      0.385953             0
821      0.385953             0
822      0.385953             0
823      0.385953             0
824      0.385953             0
825      0.385953             0
826      0.385953             0
827      0.385953             0
828      0.385953             0
829      0.385953             0
830      0.385953             0
831      0.385953             0
832      0.385953             0
833      0.385953             0
834      0.385953             0
835      0.385953             0
836      0.385953             0
837      0.385953             0
838      0.385953             0
839      0.385953             0
840      0.385953             0
841      0.385953             0
842      0.385953             0
843      0.385953             0
844      0.385953             0
845      0.385953             0
846      0.385953             0
847      0.385953             0
848      0.385953             0
849      0.385953             0
850      0.385953             0
851      0.385953             0
852      0.385953             0
853      0.385953             0
854      0.385953             0
855      0.385953             0
856      0.385953             0
857      0.385953             0
858      0.385953             0
859      0.385953             0
860      0.385953             0
861      0.385953             0
862      0.385953             0
863      0.385953             0
864      0.385953             0
865      0.385953             0
866      0.385953             0
867      0.385953             0
868      0.385953             0
869      0.385953             0
870      0.385953             0
871      0.385953             0
872      0.385953             0
873      0.385953             0
874      0.385953             0
875      0.385953             0
876      0.385953             0
877      0.385953             0
878      0.385953             0
879      0.385953             0
880      0.385953             0
881      0.385953             0
882      0.385953             0
883      0.385953             0
884      0.385953             0
885      0.385953             0
886      0.385953             0
887      0.385953             0
888      0.385953             0
889      0.385953             0
890      0.385953        0.0001
891      0.385953             0
892      0.385953             0
893      0.385953             0
894      0.385953             0
895      0.385953             0
896      0.385953             0
897      0.385953             0
898      0.385953             0
899      0.385953             0
900      0.385953             0
901      0.385953             0
902      0.385953             0
903      0.385953             0
904      0.385953             0
905      0.385953             0
906      0.385953             0
907      0.385953             0
908      0.385953             0
909      0.385953             0
910      0.385953             0
911      0.385953             0
912      0.385953             0
913      0.385953             0
914      0.385953             0
915      0.385953             0
916      0.385953             0
917      0.385953             0
918      0.385953             0
919      0.385953             0
920      0.385953             0
921      0.385953             0
922      0.385953             0
923      0.385953             0
924      0.385953             0
925      0.385953             0
926      0.385953             0
927      0.385953             0
928      0.385953             0
929      0.385953             0
930      0.385953             0
931      0.385953             0
932      0.385953             0
933      0.385953             0
934      0.385953             0
935      0.385953             0
936      0.385953             0
937      0.385953             0
938      0.385953             0
939      0.385953             0
940      0.385953             0
941      0.385953             0
942      0.385953             0
943      0.385953             0
944      0.385953             0
945      0.385953             0
946      0.385953             0
947      0.385953             0
948      0.385953             0
949      0.385953             0
950      0.385953             0
951      0.385953             0
952      0.385953             0
953      0.385953             0
954      0.385953             0
955      0.385953             0
956      0.385953             0
957      0.385953             0
958      0.385953             0
959      0.385953             0
960      0.385953             0
961      0.385953             0
962      0.385953             0
963      0.385953             0
964      0.385953             0
965      0.385953             0
966      0.385953             0
967      0.385953             0
968      0.385953             0
969      0.385953             0
970      0.385953             0
971      0.385953             0
972      0.385953             0
973      0.385953             0
974      0.385953             0
975      0.385953             0
976      0.385953             0
977      0.385953             0
978      0.385953             0
979      0.385953             0
980      0.385953             0
981      0.385953             0
982      0.385953             0
983      0.385953             0
984      0.385953             0
985      0.385953             0
986      0.385953             0
987      0.385953             0
988      0.385953             0
989      0.385953             0
990      0.385953             0
991      0.385953             0
992      0.385953             0
993      0.385953             0
994      0.385953             0
995      0.385953             0
996      0.385953             0
997      0.385953             0
998      0.385953             0
999      0.385953             0
