#GEN         T         A
0      0.633975        0.0035
1      0.633975        0.0008
2      0.633975        0.0001
3      0.633975        0.0003
4      0.633975             0
5      0.633975             0
6      0.633975        0.0001
7      0.633975        0.0005
8      0.633975             0
9      0.633975             0
10      0.633975             0
11      0.633975        0.0001
12      0.633975             0
13      0.633975             0
14      0.633975             0
15      0.633975             0
16      0.633975             0
17      0.633975        0.0002
18      0.633975        0.0001
19      0.633975             0
20      0.633975             0
21      0.633975             0
22      0.633975        0.0001
23      0.633975             0
24      0.633975             0
25      0.633975        0.0001
26      0.633975             0
27      0.633975             0
28      0.633975             0
29      0.633975             0
30      0.633975             0
31      0.633975             0
32      0.633975             0
33      0.633975             0
34      0.633975             0
35      0.633975             0
36      0.633975             0
37      0.633975             0
38      0.633975        0.0001
39      0.633975        0.0001
40      0.633975             0
41      0.633975             0
42      0.633975             0
43      0.633975             0
44      0.633975             0
45      0.633975             0
46      0.633975             0
47      0.633975        0.0002
48      0.633975             0
49      0.633975             0
50      0.633975        0.0001
51      0.633975             0
52      0.633975             0
53      0.633975             0
54      0.633975             0
55      0.633975             0
56      0.633975             0
57      0.633975             0
58      0.633975             0
59      0.633975             0
60      0.633975             0
61      0.633975             0
62      0.633975             0
63      0.633975        0.0001
64      0.633975             0
65      0.633975             0
66      0.633975             0
67      0.633975             0
68      0.633975             0
69      0.633975             0
70      0.633975             0
71      0.633975             0
72      0.633975             0
73      0.633975             0
74      0.633975        0.0001
75      0.633975             0
76      0.633975             0
77      0.633975             0
78      0.633975        0.0001
79      0.633975             0
80      0.633975             0
81      0.633975             0
82      0.633975             0
83      0.633975             0
84      0.633975             0
85      0.633975             0
86      0.633975             0
87      0.633975             0
88      0.633975             0
89      0.633975             0
90      0.633975             0
91      0.633975             0
92      0.633975             0
93      0.633975             0
94      0.633975             0
95      0.633975             0
96      0.633975             0
97      0.633975             0
98      0.633975             0
99      0.633975             0
100      0.633975             0
101      0.633975             0
102      0.633975             0
103      0.633975             0
104      0.633975             0
105      0.633975             0
106      0.633975        0.0001
107      0.633975             0
108      0.633975             0
109      0.633975             0
110      0.633975             0
111      0.633975             0
112      0.633975             0
113      0.633975             0
114      0.633975             0
115      0.633975             0
116      0.633975             0
117      0.633975             0
118      0.633975             0
119      0.633975             0
120      0.633975             0
121      0.633975             0
122      0.633975             0
123      0.633975             0
124      0.633975             0
125      0.633975             0
126      0.633975             0
127      0.633975             0
128      0.633975             0
129      0.633975             0
130      0.633975             0
131      0.633975        0.0001
132      0.633975             0
133      0.633975             0
134      0.633975             0
135      0.633975             0
136      0.633975             0
137      0.633975             0
138      0.633975        0.0001
139      0.633975             0
140      0.633975             0
141      0.633975             0
142      0.633975             0
143      0.633975             0
144      0.633975        0.0002
145      0.633975             0
146      0.633975             0
147      0.633975             0
148      0.633975             0
149      0.633975             0
150      0.633975             0
151      0.633975             0
152      0.633975             0
153      0.633975             0
154      0.633975             0
155      0.633975             0
156      0.633975             0
157      0.633975             0
158      0.633975             0
159      0.633975             0
160      0.633975             0
161      0.633975             0
162      0.633975             0
163      0.633975             0
164      0.633975             0
165      0.633975             0
166      0.633975             0
167      0.633975             0
168      0.633975             0
169      0.633975             0
170      0.633975             0
171      0.633975             0
172      0.633975             0
173      0.633975             0
174      0.633975             0
175      0.633975             0
176      0.633975             0
177      0.633975             0
178      0.633975             0
179      0.633975             0
180      0.633975             0
181      0.633975             0
182      0.633975             0
183      0.633975             0
184      0.633975             0
185      0.633975             0
186      0.633975             0
187      0.633975             0
188      0.633975             0
189      0.633975             0
190      0.633975             0
191      0.633975             0
192      0.633975             0
193      0.633975             0
194      0.633975             0
195      0.633975             0
196      0.633975             0
197      0.633975             0
198      0.633975             0
199      0.633975             0
200      0.633975             0
201      0.633975             0
202      0.633975             0
203      0.633975             0
204      0.633975             0
205      0.633975             0
206      0.633975             0
207      0.633975             0
208      0.633975             0
209      0.633975             0
210      0.633975             0
211      0.633975             0
212      0.633975             0
213      0.633975        0.0001
214      0.633975             0
215      0.633975             0
216      0.633975             0
217      0.633975             0
218      0.633975             0
219      0.633975             0
220      0.633975             0
221      0.633975             0
222      0.633975             0
223      0.633975             0
224      0.633975             0
225      0.633975             0
226      0.633975             0
227      0.633975             0
228      0.633975             0
229      0.633975             0
230      0.633975             0
231      0.633975             0
232      0.633975             0
233      0.633975             0
234      0.633975             0
235      0.633975             0
236      0.633975             0
237      0.633975             0
238      0.633975             0
239      0.633975             0
240      0.633975             0
241      0.633975             0
242      0.633975             0
243      0.633975             0
244      0.633975             0
245      0.633975             0
246      0.633975             0
247      0.633975             0
248      0.633975             0
249      0.633975             0
250      0.633975             0
251      0.633975             0
252      0.633975             0
253      0.633975             0
254      0.633975             0
255      0.633975             0
256      0.633975             0
257      0.633975             0
258      0.633975        0.0002
259      0.633975             0
260      0.633975             0
261      0.633975             0
262      0.633975             0
263      0.633975             0
264      0.633975             0
265      0.633975             0
266      0.633975             0
267      0.633975             0
268      0.633975             0
269      0.633975             0
270      0.633975             0
271      0.633975             0
272      0.633975             0
273      0.633975             0
274      0.633975             0
275      0.633975             0
276      0.633975             0
277      0.633975             0
278      0.633975             0
279      0.633975             0
280      0.633975             0
281      0.633975             0
282      0.633975             0
283      0.633975             0
284      0.633975             0
285      0.633975             0
286      0.633975             0
287      0.633975             0
288      0.633975             0
289      0.633975             0
290      0.633975             0
291      0.633975             0
292      0.633975             0
293      0.633975             0
294      0.633975             0
295      0.633975             0
296      0.633975             0
297      0.633975             0
298      0.633975             0
299      0.633975             0
300      0.633975             0
301      0.633975             0
302      0.633975             0
303      0.633975             0
304      0.633975             0
305      0.633975             0
306      0.633975             0
307      0.633975             0
308      0.633975             0
309      0.633975             0
310      0.633975             0
311      0.633975             0
312      0.633975             0
313      0.633975             0
314      0.633975             0
315      0.633975             0
316      0.633975             0
317      0.633975             0
318      0.633975             0
319      0.633975             0
320      0.633975             0
321      0.633975             0
322      0.633975             0
323      0.633975             0
324      0.633975             0
325      0.633975             0
326      0.633975             0
327      0.633975             0
328      0.633975             0
329      0.633975             0
330      0.633975             0
331      0.633975             0
332      0.633975             0
333      0.633975             0
334      0.633975             0
335      0.633975             0
336      0.633975             0
337      0.633975             0
338      0.633975             0
339      0.633975             0
340      0.633975             0
341      0.633975             0
342      0.633975             0
343      0.633975             0
344      0.633975             0
345      0.633975             0
346      0.633975             0
347      0.633975             0
348      0.633975             0
349      0.633975        0.0001
350      0.633975             0
351      0.633975             0
352      0.633975             0
353      0.633975             0
354      0.633975             0
355      0.633975             0
356      0.633975             0
357      0.633975             0
358      0.633975             0
359      0.633975             0
360      0.633975             0
361      0.633975             0
362      0.633975             0
363      0.633975             0
364      0.633975             0
365      0.633975             0
366      0.633975             0
367      0.633975             0
368      0.633975             0
369      0.633975             0
370      0.633975             0
371      0.633975             0
372      0.633975             0
373      0.633975             0
374      0.633975             0
375      0.633975             0
376      0.633975             0
377      0.633975             0
378      0.633975             0
379      0.633975             0
380      0.633975        0.0001
381      0.633975             0
382      0.633975             0
383      0.633975             0
384      0.633975             0
385      0.633975             0
386      0.633975             0
387      0.633975             0
388      0.633975             0
389      0.633975             0
390      0.633975        0.0001
391      0.633975             0
392      0.633975             0
393      0.633975             0
394      0.633975             0
395      0.633975             0
396      0.633975             0
397      0.633975             0
398      0.633975             0
399      0.633975             0
400      0.633975             0
401      0.633975        0.0001
402      0.633975             0
403      0.633975             0
404      0.633975             0
405      0.633975             0
406      0.633975             0
407      0.633975             0
408      0.633975             0
409      0.633975             0
410      0.633975             0
411      0.633975             0
412      0.633975             0
413      0.633975             0
414      0.633975             0
415      0.633975             0
416      0.633975             0
417      0.633975             0
418      0.633975             0
419      0.633975             0
420      0.633975        0.0001
421      0.633975             0
422      0.633975             0
423      0.633975             0
424      0.633975             0
425      0.633975             0
426      0.633975             0
427      0.633975             0
428      0.633975             0
429      0.633975             0
430      0.633975             0
431      0.633975             0
432      0.633975             0
433      0.633975             0
434      0.633975             0
435      0.633975             0
436      0.633975             0
437      0.633975             0
438      0.633975             0
439      0.633975        0.0001
440      0.633975             0
441      0.633975             0
442      0.633975             0
443      0.633975             0
444      0.633975             0
445      0.633975             0
446      0.633975             0
447      0.633975             0
448      0.633975             0
449      0.633975             0
450      0.633975             0
451      0.633975             0
452      0.633975             0
453      0.633975             0
454      0.633975             0
455      0.633975        0.0001
456      0.633975             0
457      0.633975             0
458      0.633975             0
459      0.633975             0
460      0.633975             0
461      0.633975             0
462      0.633975             0
463      0.633975             0
464      0.633975             0
465      0.633975             0
466      0.633975             0
467      0.633975             0
468      0.633975             0
469      0.633975             0
470      0.633975             0
471      0.633975             0
472      0.633975             0
473      0.633975             0
474      0.633975             0
475      0.633975             0
476      0.633975             0
477      0.633975             0
478      0.633975             0
479      0.633975             0
480      0.633975             0
481      0.633975             0
482      0.633975             0
483      0.633975             0
484      0.633975             0
485      0.633975             0
486      0.633975             0
487      0.633975             0
488      0.633975             0
489      0.633975             0
490      0.633975             0
491      0.633975             0
492      0.633975             0
493      0.633975             0
494      0.633975             0
495      0.633975             0
496      0.633975             0
497      0.633975             0
498      0.633975             0
499      0.633975             0
500      0.633975             0
501      0.633975             0
502      0.633975        0.0001
503      0.633975             0
504      0.633975             0
505      0.633975             0
506      0.633975             0
507      0.633975             0
508      0.633975             0
509      0.633975             0
510      0.633975             0
511      0.633975             0
512      0.633975             0
513      0.633975             0
514      0.633975             0
515      0.633975             0
516      0.633975             0
517      0.633975             0
518      0.633975             0
519      0.633975             0
520      0.633975             0
521      0.633975             0
522      0.633975             0
523      0.633975             0
524      0.633975             0
525      0.633975             0
526      0.633975             0
527      0.633975             0
528      0.633975             0
529      0.633975             0
530      0.633975             0
531      0.633975             0
532      0.633975             0
533      0.633975             0
534      0.633975             0
535      0.633975             0
536      0.633975             0
537      0.633975             0
538      0.633975             0
539      0.633975             0
540      0.633975             0
541      0.633975             0
542      0.633975             0
543      0.633975             0
544      0.633975             0
545      0.633975             0
546      0.633975             0
547      0.633975             0
548      0.633975             0
549      0.633975             0
550      0.633975             0
551      0.633975             0
552      0.633975             0
553      0.633975             0
554      0.633975             0
555      0.633975             0
556      0.633975             0
557      0.633975             0
558      0.633975             0
559      0.633975             0
560      0.633975             0
561      0.633975             0
562      0.633975             0
563      0.633975             0
564      0.633975             0
565      0.633975             0
566      0.633975             0
567      0.633975             0
568      0.633975             0
569      0.633975             0
570      0.633975             0
571      0.633975             0
572      0.633975             0
573      0.633975             0
574      0.633975             0
575      0.633975             0
576      0.633975             0
577      0.633975             0
578      0.633975             0
579      0.633975             0
580      0.633975             0
581      0.633975             0
582      0.633975             0
583      0.633975             0
584      0.633975             0
585      0.633975             0
586      0.633975             0
587      0.633975             0
588      0.633975             0
589      0.633975             0
590      0.633975             0
591      0.633975             0
592      0.633975             0
593      0.633975             0
594      0.633975             0
595      0.633975             0
596      0.633975             0
597      0.633975             0
598      0.633975             0
599      0.633975             0
600      0.633975             0
601      0.633975             0
602      0.633975             0
603      0.633975             0
604      0.633975             0
605      0.633975             0
606      0.633975             0
607      0.633975             0
608      0.633975             0
609      0.633975             0
610      0.633975             0
611      0.633975             0
612      0.633975             0
613      0.633975             0
614      0.633975             0
615      0.633975             0
616      0.633975             0
617      0.633975             0
618      0.633975             0
619      0.633975             0
620      0.633975             0
621      0.633975             0
622      0.633975             0
623      0.633975             0
624      0.633975             0
625      0.633975             0
626      0.633975             0
627      0.633975             0
628      0.633975             0
629      0.633975             0
630      0.633975             0
631      0.633975             0
632      0.633975             0
633      0.633975             0
634      0.633975             0
635      0.633975             0
636      0.633975             0
637      0.633975             0
638      0.633975             0
639      0.633975             0
640      0.633975             0
641      0.633975             0
642      0.633975             0
643      0.633975             0
644      0.633975             0
645      0.633975             0
646      0.633975             0
647      0.633975             0
648      0.633975             0
649      0.633975             0
650      0.633975             0
651      0.633975             0
652      0.633975             0
653      0.633975             0
654      0.633975             0
655      0.633975             0
656      0.633975             0
657      0.633975             0
658      0.633975             0
659      0.633975             0
660      0.633975             0
661      0.633975             0
662      0.633975             0
663      0.633975             0
664      0.633975             0
665      0.633975             0
666      0.633975             0
667      0.633975             0
668      0.633975             0
669      0.633975             0
670      0.633975             0
671      0.633975             0
672      0.633975             0
673      0.633975             0
674      0.633975             0
675      0.633975             0
676      0.633975             0
677      0.633975             0
678      0.633975             0
679      0.633975             0
680      0.633975             0
681      0.633975             0
682      0.633975             0
683      0.633975             0
684      0.633975             0
685      0.633975             0
686      0.633975             0
687      0.633975             0
688      0.633975             0
689      0.633975             0
690      0.633975             0
691      0.633975             0
692      0.633975             0
693      0.633975             0
694      0.633975             0
695      0.633975             0
696      0.633975             0
697      0.633975             0
698      0.633975             0
699      0.633975             0
700      0.633975             0
701      0.633975             0
702      0.633975             0
703      0.633975             0
704      0.633975             0
705      0.633975             0
706      0.633975             0
707      0.633975             0
708      0.633975             0
709      0.633975             0
710      0.633975             0
711      0.633975             0
712      0.633975             0
713      0.633975             0
714      0.633975             0
715      0.633975             0
716      0.633975             0
717      0.633975             0
718      0.633975             0
719      0.633975             0
720      0.633975             0
721      0.633975             0
722      0.633975             0
723      0.633975             0
724      0.633975             0
725      0.633975             0
726      0.633975             0
727      0.633975             0
728      0.633975             0
729      0.633975        0.0001
730      0.633975             0
731      0.633975             0
732      0.633975             0
733      0.633975             0
734      0.633975             0
735      0.633975             0
736      0.633975             0
737      0.633975             0
738      0.633975             0
739      0.633975             0
740      0.633975             0
741      0.633975             0
742      0.633975             0
743      0.633975             0
744      0.633975             0
745      0.633975             0
746      0.633975             0
747      0.633975             0
748      0.633975             0
749      0.633975             0
750      0.633975             0
751      0.633975             0
752      0.633975             0
753      0.633975             0
754      0.633975             0
755      0.633975             0
756      0.633975             0
757      0.633975             0
758      0.633975             0
759      0.633975             0
760      0.633975             0
761      0.633975             0
762      0.633975             0
763      0.633975             0
764      0.633975             0
765      0.633975             0
766      0.633975             0
767      0.633975             0
768      0.633975             0
769      0.633975        0.0001
770      0.633975             0
771      0.633975             0
772      0.633975             0
773      0.633975             0
774      0.633975             0
775      0.633975             0
776      0.633975             0
777      0.633975             0
778      0.633975             0
779      0.633975             0
780      0.633975             0
781      0.633975             0
782      0.633975             0
783      0.633975             0
784      0.633975             0
785      0.633975             0
786      0.633975             0
787      0.633975             0
788      0.633975             0
789      0.633975             0
790      0.633975             0
791      0.633975             0
792      0.633975             0
793      0.633975             0
794      0.633975             0
795      0.633975             0
796      0.633975             0
797      0.633975             0
798      0.633975             0
799      0.633975             0
800      0.633975             0
801      0.633975             0
802      0.633975             0
803      0.633975             0
804      0.633975             0
805      0.633975             0
806      0.633975             0
807      0.633975             0
808      0.633975             0
809      0.633975             0
810      0.633975             0
811      0.633975             0
812      0.633975             0
813      0.633975             0
814      0.633975             0
815      0.633975             0
816      0.633975             0
817      0.633975             0
818      0.633975             0
819      0.633975             0
820      0.633975             0
821      0.633975             0
822      0.633975             0
823      0.633975             0
824      0.633975             0
825      0.633975             0
826      0.633975             0
827      0.633975             0
828      0.633975             0
829      0.633975             0
830      0.633975             0
831      0.633975             0
832      0.633975             0
833      0.633975             0
834      0.633975             0
835      0.633975             0
836      0.633975             0
837      0.633975             0
838      0.633975             0
839      0.633975             0
840      0.633975             0
841      0.633975             0
842      0.633975             0
843      0.633975             0
844      0.633975             0
845      0.633975             0
846      0.633975             0
847      0.633975             0
848      0.633975             0
849      0.633975             0
850      0.633975             0
851      0.633975             0
852      0.633975             0
853      0.633975             0
854      0.633975             0
855      0.633975             0
856      0.633975             0
857      0.633975             0
858      0.633975             0
859      0.633975             0
860      0.633975             0
861      0.633975             0
862      0.633975             0
863      0.633975             0
864      0.633975             0
865      0.633975             0
866      0.633975             0
867      0.633975             0
868      0.633975        0.0001
869      0.633975             0
870      0.633975        0.0001
871      0.633975             0
872      0.633975             0
873      0.633975             0
874      0.633975             0
875      0.633975             0
876      0.633975             0
877      0.633975             0
878      0.633975             0
879      0.633975             0
880      0.633975             0
881      0.633975             0
882      0.633975             0
883      0.633975             0
884      0.633975             0
885      0.633975             0
886      0.633975             0
887      0.633975             0
888      0.633975             0
889      0.633975             0
890      0.633975             0
891      0.633975             0
892      0.633975             0
893      0.633975             0
894      0.633975             0
895      0.633975             0
896      0.633975             0
897      0.633975             0
898      0.633975             0
899      0.633975             0
900      0.633975             0
901      0.633975             0
902      0.633975             0
903      0.633975             0
904      0.633975             0
905      0.633975             0
906      0.633975             0
907      0.633975             0
908      0.633975             0
909      0.633975             0
910      0.633975             0
911      0.633975             0
912      0.633975             0
913      0.633975             0
914      0.633975             0
915      0.633975             0
916      0.633975             0
917      0.633975             0
918      0.633975             0
919      0.633975             0
920      0.633975             0
921      0.633975             0
922      0.633975             0
923      0.633975             0
924      0.633975             0
925      0.633975             0
926      0.633975             0
927      0.633975             0
928      0.633975             0
929      0.633975             0
930      0.633975             0
931      0.633975             0
932      0.633975             0
933      0.633975             0
934      0.633975             0
935      0.633975             0
936      0.633975             0
937      0.633975             0
938      0.633975             0
939      0.633975             0
940      0.633975             0
941      0.633975             0
942      0.633975             0
943      0.633975             0
944      0.633975             0
945      0.633975             0
946      0.633975             0
947      0.633975             0
948      0.633975             0
949      0.633975             0
950      0.633975             0
951      0.633975             0
952      0.633975             0
953      0.633975             0
954      0.633975             0
955      0.633975             0
956      0.633975             0
957      0.633975             0
958      0.633975             0
959      0.633975             0
960      0.633975             0
961      0.633975             0
962      0.633975             0
963      0.633975             0
964      0.633975             0
965      0.633975             0
966      0.633975             0
967      0.633975             0
968      0.633975             0
969      0.633975             0
970      0.633975             0
971      0.633975             0
972      0.633975             0
973      0.633975             0
974      0.633975             0
975      0.633975             0
976      0.633975             0
977      0.633975             0
978      0.633975             0
979      0.633975             0
980      0.633975             0
981      0.633975             0
982      0.633975             0
983      0.633975             0
984      0.633975             0
985      0.633975             0
986      0.633975             0
987      0.633975             0
988      0.633975             0
989      0.633975             0
990      0.633975             0
991      0.633975             0
992      0.633975             0
993      0.633975             0
994      0.633975             0
995      0.633975             0
996      0.633975             0
997      0.633975             0
998      0.633975        0.0001
999      0.633975             0
