#BLOCK   PARTNER   MY_BETA PART_BETA   DELTA_BDELTA_E  ACCEPTED
0         2   2.59099   4.26599    -1.675   -23.082         1
1         4   2.59099   1.57735   1.01364   5.43634         1
2         2   2.59099   4.26599    -1.675   9.84751         0
3         4   2.59099   1.57735   1.01364   4.29582         1
4         2   2.59099   4.26599    -1.675   -15.528         1
5         4   2.59099   1.57735   1.01364   4.49805         1
6         2   2.59099   4.26599    -1.675     7.844         0
7         4   2.59099   1.57735   1.01364  0.363278         1
8         2   2.59099   4.26599    -1.675   6.63769         0
9         4   2.59099   1.57735   1.01364    4.5112         1
10         2   2.59099   4.26599    -1.675   2.12649         0
11         4   2.59099   1.57735   1.01364  -1.56255         0
12         2   2.59099   4.26599    -1.675   2.12649         0
13         4   2.59099   1.57735   1.01364  -1.56255         0
14         2   2.59099   4.26599    -1.675   5.97803         0
15         4   2.59099   1.57735   1.01364  -1.56255         0
16         2   2.59099   4.26599    -1.675   5.97803         0
17         4   2.59099   1.57735   1.01364    1.8608         1
18         2   2.59099   4.26599    -1.675   4.11723         0
19         4   2.59099   1.57735   1.01364   10.7107         1
20         2   2.59099   4.26599    -1.675  -4.54653         1
21         4   2.59099   1.57735   1.01364  -8.84949         0
22         2   2.59099   4.26599    -1.675   2.14752         0
23         4   2.59099   1.57735   1.01364    9.1792         1
24         2   2.59099   4.26599    -1.675  -7.03169         1
25         4   2.59099   1.57735   1.01364  -7.28695         0
26         2   2.59099   4.26599    -1.675  -1.05447         1
27         4   2.59099   1.57735   1.01364  -6.03108         0
28         2   2.59099   4.26599    -1.675   1.05447         1
29         4   2.59099   1.57735   1.01364   -10.762         0
30         2   2.59099   4.26599    -1.675  -6.05948         1
31         4   2.59099   1.57735   1.01364  -4.52066         0
32         2   2.59099   4.26599    -1.675  -4.35504         1
33         4   2.59099   1.57735   1.01364  -5.89173         0
34         2   2.59099   4.26599    -1.675   4.02817         0
35         4   2.59099   1.57735   1.01364  -4.08956         0
36         2   2.59099   4.26599    -1.675   4.02817         0
37         4   2.59099   1.57735   1.01364  -5.14237         0
38         2   2.59099   4.26599    -1.675   2.97535         0
39         4   2.59099   1.57735   1.01364  -3.66479         1
40         2   2.59099   4.26599    -1.675   6.64014         0
41         4   2.59099   1.57735   1.01364   3.66479         1
42         2   2.59099   4.26599    -1.675   5.93587         0
43         4   2.59099   1.57735   1.01364   -1.5637         0
44         2   2.59099   4.26599    -1.675   6.41783         0
45         4   2.59099   1.57735   1.01364   -1.5637         0
46         2   2.59099   4.26599    -1.675   4.57223         0
47         4   2.59099   1.57735   1.01364 -0.733797         1
48         2   2.59099   4.26599    -1.675   5.30602         0
49         4   2.59099   1.57735   1.01364  0.733797         1
50         2   2.59099   4.26599    -1.675   4.57223         0
51         4   2.59099   1.57735   1.01364  -1.56524         0
52         2   2.59099   4.26599    -1.675   4.57223         0
53         4   2.59099   1.57735   1.01364  -1.56524         1
54         2   2.59099   4.26599    -1.675   6.13747         0
55         4   2.59099   1.57735   1.01364   1.56524         1
56         2   2.59099   4.26599    -1.675   4.57223         0
57         4   2.59099   1.57735   1.01364  -1.56524         0
58         2   2.59099   4.26599    -1.675   4.57223         0
59         4   2.59099   1.57735   1.01364   -3.9538         0
60         2   2.59099   4.26599    -1.675   4.57223         0
61         4   2.59099   1.57735   1.01364   -3.9538         0
62         2   2.59099   4.26599    -1.675   2.40296         0
63         4   2.59099   1.57735   1.01364  0.119072         1
64         2   2.59099   4.26599    -1.675  -1.43617         1
65         4   2.59099   1.57735   1.01364  -2.40296         0
66         2   2.59099   4.26599    -1.675   1.34917         0
67         4   2.59099   1.57735   1.01364  -2.40296         0
68         2   2.59099   4.26599    -1.675   1.34917         0
69         4   2.59099   1.57735   1.01364  -2.40296         0
70         2   2.59099   4.26599    -1.675   1.34917         0
71         4   2.59099   1.57735   1.01364  -2.40296         0
72         2   2.59099   4.26599    -1.675   1.34917         0
73         4   2.59099   1.57735   1.01364  -2.40296         0
74         2   2.59099   4.26599    -1.675   1.34917         0
75         4   2.59099   1.57735   1.01364   1.19231         1
76         2   2.59099   4.26599    -1.675 0.0703463         1
77         4   2.59099   1.57735   1.01364  -1.26265         0
78         2   2.59099   4.26599    -1.675-0.0703463         1
79         4   2.59099   1.57735   1.01364 -0.805349         0
80         2   2.59099   4.26599    -1.675 0.0703463         1
81         4   2.59099   1.57735   1.01364 -0.875695         1
82         2   2.59099   4.26599    -1.675  0.805349         0
83         4   2.59099   1.57735   1.01364  0.875695         1
84         2   2.59099   4.26599    -1.675   2.50993         0
85         4   2.59099   1.57735   1.01364 -0.875695         0
86         2   2.59099   4.26599    -1.675   2.50993         0
87         4   2.59099   1.57735   1.01364 -0.875695         0
88         2   2.59099   4.26599    -1.675   2.50993         0
89         4   2.59099   1.57735   1.01364 -0.875695         1
90         2   2.59099   4.26599    -1.675   3.38563         0
91         4   2.59099   1.57735   1.01364  0.875695         1
92         2   2.59099   4.26599    -1.675   2.50993         0
93         4   2.59099   1.57735   1.01364 -0.875695         0
94         2   2.59099   4.26599    -1.675   2.50993         0
95         4   2.59099   1.57735   1.01364   6.57569         1
96         2   2.59099   4.26599    -1.675  -4.06576         1
97         4   2.59099   1.57735   1.01364  -1.49401         0
98         2   2.59099   4.26599    -1.675    1.4608         1
99         4   2.59099   1.57735   1.01364  -4.84643         0
100         2   2.59099   4.26599    -1.675  -1.03132         1
101         4   2.59099   1.57735   1.01364  -2.93942         0
102         2   2.59099   4.26599    -1.675   1.03132         0
103         4   2.59099   1.57735   1.01364  -1.92349         0
104         2   2.59099   4.26599    -1.675   1.03132         0
105         4   2.59099   1.57735   1.01364  -1.92349         0
106         2   2.59099   4.26599    -1.675   1.03132         0
107         4   2.59099   1.57735   1.01364  -2.93942         0
108         2   2.59099   4.26599    -1.675   1.03132         0
109         4   2.59099   1.57735   1.01364  -3.81511         0
110         2   2.59099   4.26599    -1.675  -3.10075         1
111         4   2.59099   1.57735   1.01364   0.64376         1
112         2   2.59099   4.26599    -1.675    1.9612         0
113         4   2.59099   1.57735   1.01364  -0.64376         1
114         2   2.59099   4.26599    -1.675   3.10075         0
115         4   2.59099   1.57735   1.01364   0.64376         1
116         2   2.59099   4.26599    -1.675    1.9612         0
117         4   2.59099   1.57735   1.01364  -0.64376         1
118         2   2.59099   4.26599    -1.675   2.60496         0
119         4   2.59099   1.57735   1.01364   0.64376         1
120         2   2.59099   4.26599    -1.675    1.9612         0
121         4   2.59099   1.57735   1.01364  -0.64376         0
122         2   2.59099   4.26599    -1.675   2.45699         0
123         4   2.59099   1.57735   1.01364  -0.64376         0
124         2   2.59099   4.26599    -1.675    1.9612         0
125         4   2.59099   1.57735   1.01364  -0.64376         1
126         2   2.59099   4.26599    -1.675   2.60496         0
127         4   2.59099   1.57735   1.01364   0.64376         1
128         2   2.59099   4.26599    -1.675    1.9612         0
129         4   2.59099   1.57735   1.01364  -0.64376         0
130         2   2.59099   4.26599    -1.675   2.45699         0
131         4   2.59099   1.57735   1.01364  -1.12117         1
132         2   2.59099   4.26599    -1.675   3.08237         0
133         4   2.59099   1.57735   1.01364   1.12117         1
134         2   2.59099   4.26599    -1.675    1.9612         0
135         4   2.59099   1.57735   1.01364  -2.98261         0
136         2   2.59099   4.26599    -1.675   2.45699         0
137         4   2.59099   1.57735   1.01364  -2.98261         0
138         2   2.59099   4.26599    -1.675    1.9612         0
139         4   2.59099   1.57735   1.01364  -1.12117         1
140         2   2.59099   4.26599    -1.675   3.08237         0
141         4   2.59099   1.57735   1.01364   1.12117         1
142         2   2.59099   4.26599    -1.675    1.9612         0
143         4   2.59099   1.57735   1.01364  -2.31264         1
144         2   2.59099   4.26599    -1.675   4.76963         0
145         4   2.59099   1.57735   1.01364    4.3235         1
146         2   2.59099   4.26599    -1.675-0.0496606         1
147         4   2.59099   1.57735   1.01364  -4.27384         0
148         2   2.59099   4.26599    -1.675  0.495789         0
149         4   2.59099   1.57735   1.01364  -4.27384         0
150         2   2.59099   4.26599    -1.675  0.495789         0
151         4   2.59099   1.57735   1.01364  -4.27384         0
152         2   2.59099   4.26599    -1.675  0.495789         1
153         4   2.59099   1.57735   1.01364  -4.76963         0
154         2   2.59099   4.26599    -1.675 -0.495789         1
155         4   2.59099   1.57735   1.01364  -4.27384         0
156         2   2.59099   4.26599    -1.675  0.495789         0
157         4   2.59099   1.57735   1.01364  -4.27384         0
158         2   2.59099   4.26599    -1.675  0.495789         1
159         4   2.59099   1.57735   1.01364  -4.05967         0
160         2   2.59099   4.26599    -1.675 -0.495789         1
161         4   2.59099   1.57735   1.01364  -3.56388         0
162         2   2.59099   4.26599    -1.675  0.495789         1
163         4   2.59099   1.57735   1.01364  -4.76963         0
164         2   2.59099   4.26599    -1.675 -0.495789         1
165         4   2.59099   1.57735   1.01364  -4.27384         0
166         2   2.59099   4.26599    -1.675   3.37834         0
167         4   2.59099   1.57735   1.01364  -3.56388         0
168         2   2.59099   4.26599    -1.675   3.37834         0
169         4   2.59099   1.57735   1.01364  -3.56388         0
170         2   2.59099   4.26599    -1.675   3.37834         0
171         4   2.59099   1.57735   1.01364  -4.27384         0
172         2   2.59099   4.26599    -1.675   3.37834         0
173         4   2.59099   1.57735   1.01364  -3.56388         0
174         2   2.59099   4.26599    -1.675   3.37834         0
175         4   2.59099   1.57735   1.01364  -3.56388         0
176         2   2.59099   4.26599    -1.675   3.37834         0
177         4   2.59099   1.57735   1.01364  -3.56388         0
178         2   2.59099   4.26599    -1.675   3.37834         0
179         4   2.59099   1.57735   1.01364  -9.84512         0
180         2   2.59099   4.26599    -1.675   3.37834         0
181         4   2.59099   1.57735   1.01364  -4.27384         0
182         2   2.59099   4.26599    -1.675   3.16687         0
183         4   2.59099   1.57735   1.01364  -3.56388         0
184         2   2.59099   4.26599    -1.675   3.16687         0
185         4   2.59099   1.57735   1.01364  -3.56388         0
186         2   2.59099   4.26599    -1.675    4.6545         0
187         4   2.59099   1.57735   1.01364  -4.27384         0
188         2   2.59099   4.26599    -1.675   5.94952         0
189         4   2.59099   1.57735   1.01364  -4.27384         0
190         2   2.59099   4.26599    -1.675   5.19822         0
191         4   2.59099   1.57735   1.01364  -3.56388         0
192         2   2.59099   4.26599    -1.675   5.19822         0
193         4   2.59099   1.57735   1.01364  -3.56388         0
194         2   2.59099   4.26599    -1.675   5.94952         0
195         4   2.59099   1.57735   1.01364   -4.5907         0
196         2   2.59099   4.26599    -1.675   5.19822         0
197         4   2.59099   1.57735   1.01364  -3.56388         0
198         2   2.59099   4.26599    -1.675   5.19822         0
199         4   2.59099   1.57735   1.01364  -3.56388         0
200         2   2.59099   4.26599    -1.675   6.53665         0
201         4   2.59099   1.57735   1.01364   -4.5907         0
202         2   2.59099   4.26599    -1.675   5.19822         0
203         4   2.59099   1.57735   1.01364  -3.56388         0
204         2   2.59099   4.26599    -1.675   5.19822         0
205         4   2.59099   1.57735   1.01364   -4.5907         0
206         2   2.59099   4.26599    -1.675   5.19822         0
207         4   2.59099   1.57735   1.01364  -3.56388         0
208         2   2.59099   4.26599    -1.675   5.19822         0
209         4   2.59099   1.57735   1.01364   -4.5907         0
210         2   2.59099   4.26599    -1.675   5.19822         0
211         4   2.59099   1.57735   1.01364  -3.56388         0
212         2   2.59099   4.26599    -1.675   5.19822         0
213         4   2.59099   1.57735   1.01364  -5.64111         0
214         2   2.59099   4.26599    -1.675   5.19822         0
215         4   2.59099   1.57735   1.01364   -6.3735         0
216         2   2.59099   4.26599    -1.675  0.341709         1
217         4   2.59099   1.57735   1.01364   -8.7621         0
218         2   2.59099   4.26599    -1.675 -0.341709         1
219         4   2.59099   1.57735   1.01364  -8.42039         0
220         2   2.59099   4.26599    -1.675 -0.577069         1
221         4   2.59099   1.57735   1.01364  -8.87014         0
222         2   2.59099   4.26599    -1.675  0.577069         1
223         4   2.59099   1.57735   1.01364  -9.44721         0
224         2   2.59099   4.26599    -1.675 -0.577069         1
225         4   2.59099   1.57735   1.01364  -7.84332         0
226         2   2.59099   4.26599    -1.675  0.577069         1
227         4   2.59099   1.57735   1.01364  -12.2018         0
228         2   2.59099   4.26599    -1.675  -4.35848         1
229         4   2.59099   1.57735   1.01364  -7.84332         0
230         2   2.59099   4.26599    -1.675   3.16074         0
231         4   2.59099   1.57735   1.01364  -7.84332         0
232         2   2.59099   4.26599    -1.675   4.35848         0
233         4   2.59099   1.57735   1.01364  -8.87014         0
234         2   2.59099   4.26599    -1.675   3.16074         0
235         4   2.59099   1.57735   1.01364  -8.87014         0
236         2   2.59099   4.26599    -1.675   3.16074         0
237         4   2.59099   1.57735   1.01364  -7.84332         0
238         2   2.59099   4.26599    -1.675   3.16074         0
239         4   2.59099   1.57735   1.01364  -7.84332         0
240         2   2.59099   4.26599    -1.675   3.16074         0
241         4   2.59099   1.57735   1.01364  -7.84332         0
242         2   2.59099   4.26599    -1.675   3.16074         0
243         4   2.59099   1.57735   1.01364  -8.87014         0
244         2   2.59099   4.26599    -1.675   3.16074         0
245         4   2.59099   1.57735   1.01364  -7.84332         0
246         2   2.59099   4.26599    -1.675   3.16074         0
247         4   2.59099   1.57735   1.01364  -8.87014         0
248         2   2.59099   4.26599    -1.675   3.16074         0
249         4   2.59099   1.57735   1.01364  -8.87014         0
250         2   2.59099   4.26599    -1.675   3.16074         0
251         4   2.59099   1.57735   1.01364  -7.84332         0
252         2   2.59099   4.26599    -1.675   3.16074         0
253         4   2.59099   1.57735   1.01364  -7.84332         0
254         2   2.59099   4.26599    -1.675   3.16074         0
255         4   2.59099   1.57735   1.01364  -8.87014         0
256         2   2.59099   4.26599    -1.675   3.16074         0
257         4   2.59099   1.57735   1.01364  -11.6643         0
258         2   2.59099   4.26599    -1.675   3.16074         0
259         4   2.59099   1.57735   1.01364  -7.84332         0
260         2   2.59099   4.26599    -1.675   3.16074         0
261         4   2.59099   1.57735   1.01364  -8.87014         0
262         2   2.59099   4.26599    -1.675   3.16074         0
263         4   2.59099   1.57735   1.01364  -8.88425         0
264         2   2.59099   4.26599    -1.675   3.16074         0
265         4   2.59099   1.57735   1.01364  -7.84332         0
266         2   2.59099   4.26599    -1.675   3.16074         0
267         4   2.59099   1.57735   1.01364  -7.84332         0
268         2   2.59099   4.26599    -1.675   3.16074         0
269         4   2.59099   1.57735   1.01364  -7.79309         0
270         2   2.59099   4.26599    -1.675   3.16074         0
271         4   2.59099   1.57735   1.01364  -8.87014         0
272         2   2.59099   4.26599    -1.675   3.16074         0
273         4   2.59099   1.57735   1.01364  -7.84332         0
274         2   2.59099   4.26599    -1.675   3.16074         0
275         4   2.59099   1.57735   1.01364  -7.79309         0
276         2   2.59099   4.26599    -1.675   3.16074         0
277         4   2.59099   1.57735   1.01364  -7.79309         0
278         2   2.59099   4.26599    -1.675   3.16074         0
279         4   2.59099   1.57735   1.01364  -7.84332         0
280         2   2.59099   4.26599    -1.675   3.16074         0
281         4   2.59099   1.57735   1.01364  -7.84332         0
282         2   2.59099   4.26599    -1.675   3.16074         0
283         4   2.59099   1.57735   1.01364  -7.79309         0
284         2   2.59099   4.26599    -1.675   3.16074         0
285         4   2.59099   1.57735   1.01364  -7.79309         0
286         2   2.59099   4.26599    -1.675   3.16074         0
287         4   2.59099   1.57735   1.01364  -7.84332         0
288         2   2.59099   4.26599    -1.675   3.16074         0
289         4   2.59099   1.57735   1.01364   -9.0706         0
290         2   2.59099   4.26599    -1.675   3.16074         0
291         4   2.59099   1.57735   1.01364  -7.79309         0
292         2   2.59099   4.26599    -1.675   3.16074         0
293         4   2.59099   1.57735   1.01364  -7.84332         0
294         2   2.59099   4.26599    -1.675   3.16074         0
295         4   2.59099   1.57735   1.01364  -7.84332         0
296         2   2.59099   4.26599    -1.675   3.16074         0
297         4   2.59099   1.57735   1.01364  -7.79309         0
298         2   2.59099   4.26599    -1.675   3.16074         0
299         4   2.59099   1.57735   1.01364   -9.0706         0
300         2   2.59099   4.26599    -1.675   3.16074         0
301         4   2.59099   1.57735   1.01364  -7.61138         0
302         2   2.59099   4.26599    -1.675   3.16074         0
303         4   2.59099   1.57735   1.01364  -4.58814         0
304         2   2.59099   4.26599    -1.675   3.16074         0
305         4   2.59099   1.57735   1.01364   -9.0706         0
306         2   2.59099   4.26599    -1.675   3.16074         0
307         4   2.59099   1.57735   1.01364  -7.61138         0
308         2   2.59099   4.26599    -1.675   3.16074         0
309         4   2.59099   1.57735   1.01364  -4.58814         0
310         2   2.59099   4.26599    -1.675   3.16074         0
311         4   2.59099   1.57735   1.01364  -4.58814         0
312         2   2.59099   4.26599    -1.675   3.16074         0
313         4   2.59099   1.57735   1.01364  -4.58814         0
314         2   2.59099   4.26599    -1.675   3.16074         0
315         4   2.59099   1.57735   1.01364  -4.58814         0
316         2   2.59099   4.26599    -1.675   3.16074         0
317         4   2.59099   1.57735   1.01364  -4.58814         0
318         2   2.59099   4.26599    -1.675   3.16074         0
319         4   2.59099   1.57735   1.01364  -4.58814         0
320         2   2.59099   4.26599    -1.675   3.16074         0
321         4   2.59099   1.57735   1.01364  -4.58814         0
322         2   2.59099   4.26599    -1.675   3.16074         0
323         4   2.59099   1.57735   1.01364  -4.58814         0
324         2   2.59099   4.26599    -1.675   3.16074         0
325         4   2.59099   1.57735   1.01364  -7.61138         0
326         2   2.59099   4.26599    -1.675   3.16074         0
327         4   2.59099   1.57735   1.01364 -0.375298         0
328         2   2.59099   4.26599    -1.675   4.56113         0
329         4   2.59099   1.57735   1.01364 -0.375298         1
330         2   2.59099   4.26599    -1.675   3.53604         0
331         4   2.59099   1.57735   1.01364  0.375298         1
332         2   2.59099   4.26599    -1.675   3.16074         0
333         4   2.59099   1.57735   1.01364 -0.375298         1
334         2   2.59099   4.26599    -1.675   3.53604         0
335         4   2.59099   1.57735   1.01364  0.375298         1
336         2   2.59099   4.26599    -1.675   3.16074         0
337         4   2.59099   1.57735   1.01364 -0.375298         1
338         2   2.59099   4.26599    -1.675   4.25323         0
339         4   2.59099   1.57735   1.01364   1.09249         1
340         2   2.59099   4.26599    -1.675   3.16074         0
341         4   2.59099   1.57735   1.01364  -1.09249         0
342         2   2.59099   4.26599    -1.675   3.16074         0
343         4   2.59099   1.57735   1.01364  -1.09249         1
344         2   2.59099   4.26599    -1.675   4.25323         0
345         4   2.59099   1.57735   1.01364   1.09249         1
346         2   2.59099   4.26599    -1.675   3.16074         0
347         4   2.59099   1.57735   1.01364  -1.09249         1
348         2   2.59099   4.26599    -1.675   4.25323         0
349         4   2.59099   1.57735   1.01364   3.62962         1
350         2   2.59099   4.26599    -1.675  0.623607         1
351         4   2.59099   1.57735   1.01364  -4.25323         0
352         2   2.59099   4.26599    -1.675 -0.623607         1
353         4   2.59099   1.57735   1.01364  -3.62962         0
354         2   2.59099   4.26599    -1.675  0.623607         0
355         4   2.59099   1.57735   1.01364  -3.62962         0
356         2   2.59099   4.26599    -1.675  0.623607         0
357         4   2.59099   1.57735   1.01364  -3.62962         0
358         2   2.59099   4.26599    -1.675  0.623607         0
359         4   2.59099   1.57735   1.01364  -3.62962         0
360         2   2.59099   4.26599    -1.675  0.623607         0
361         4   2.59099   1.57735   1.01364  -11.6077         0
362         2   2.59099   4.26599    -1.675  0.623607         0
363         4   2.59099   1.57735   1.01364  -3.62962         0
364         2   2.59099   4.26599    -1.675  0.623607         1
365         4   2.59099   1.57735   1.01364  -4.25323         0
366         2   2.59099   4.26599    -1.675 -0.623607         1
367         4   2.59099   1.57735   1.01364  -3.62962         0
368         2   2.59099   4.26599    -1.675  0.623607         0
369         4   2.59099   1.57735   1.01364  -3.62962         0
370         2   2.59099   4.26599    -1.675  0.623607         0
371         4   2.59099   1.57735   1.01364  -3.62962         0
372         2   2.59099   4.26599    -1.675  0.623607         1
373         4   2.59099   1.57735   1.01364  -4.25323         0
374         2   2.59099   4.26599    -1.675 -0.623607         1
375         4   2.59099   1.57735   1.01364  -3.62962         0
376         2   2.59099   4.26599    -1.675  0.623607         0
377         4   2.59099   1.57735   1.01364  -3.62962         0
378         2   2.59099   4.26599    -1.675  0.623607         0
379         4   2.59099   1.57735   1.01364  -3.62962         0
380         2   2.59099   4.26599    -1.675  0.623607         1
381         4   2.59099   1.57735   1.01364  -3.09048         0
382         2   2.59099   4.26599    -1.675 -0.623607         1
383         4   2.59099   1.57735   1.01364  -2.46688         0
384         2   2.59099   4.26599    -1.675  0.623607         0
385         4   2.59099   1.57735   1.01364  -2.46688         0
386         2   2.59099   4.26599    -1.675  0.623607         0
387         4   2.59099   1.57735   1.01364  -2.46688         0
388         2   2.59099   4.26599    -1.675  0.623607         0
389         4   2.59099   1.57735   1.01364  -2.46688         0
390         2   2.59099   4.26599    -1.675  0.623607         1
391         4   2.59099   1.57735   1.01364  -3.85031         0
392         2   2.59099   4.26599    -1.675 -0.623607         1
393         4   2.59099   1.57735   1.01364 -0.921664         0
394         2   2.59099   4.26599    -1.675  0.623607         0
395         4   2.59099   1.57735   1.01364 -0.921664         0
396         2   2.59099   4.26599    -1.675  0.623607         0
397         4   2.59099   1.57735   1.01364 -0.921664         0
398         2   2.59099   4.26599    -1.675  0.623607         1
399         4   2.59099   1.57735   1.01364  -1.54527         0
400         2   2.59099   4.26599    -1.675 -0.623607         1
401         4   2.59099   1.57735   1.01364  0.254919         1
402         2   2.59099   4.26599    -1.675  0.368687         1
403         4   2.59099   1.57735   1.01364 -0.623607         0
404         2   2.59099   4.26599    -1.675 -0.368687         1
405         4   2.59099   1.57735   1.01364  -1.17658         0
406         2   2.59099   4.26599    -1.675  0.368687         0
407         4   2.59099   1.57735   1.01364 -0.254919         1
408         2   2.59099   4.26599    -1.675  0.623607         0
409         4   2.59099   1.57735   1.01364  0.254919         1
410         2   2.59099   4.26599    -1.675  0.368687         1
411         4   2.59099   1.57735   1.01364  -0.90928         0
412         2   2.59099   4.26599    -1.675 -0.368687         1
413         4   2.59099   1.57735   1.01364 -0.254919         1
414         2   2.59099   4.26599    -1.675  0.623607         1
415         4   2.59099   1.57735   1.01364 -0.414572         0
416         2   2.59099   4.26599    -1.675 -0.623607         1
417         4   2.59099   1.57735   1.01364  0.209034         1
418         2   2.59099   4.26599    -1.675  0.414572         1
419         4   2.59099   1.57735   1.01364 -0.368687         0
420         2   2.59099   4.26599    -1.675 -0.414572         1
421         4   2.59099   1.57735   1.01364   -0.2718         1
422         2   2.59099   4.26599    -1.675  0.686373         0
423         4   2.59099   1.57735   1.01364 0.0627659         1
424         2   2.59099   4.26599    -1.675  0.623607         1
425         4   2.59099   1.57735   1.01364 -0.414572         0
426         2   2.59099   4.26599    -1.675 -0.623607         1
427         4   2.59099   1.57735   1.01364-0.0627659         1
428         2   2.59099   4.26599    -1.675  0.686373         0
429         4   2.59099   1.57735   1.01364   3.45324         1
430         2   2.59099   4.26599    -1.675  -2.76687         1
431         4   2.59099   1.57735   1.01364  -4.97202         0
432         2   2.59099   4.26599    -1.675   2.76687         0
433         4   2.59099   1.57735   1.01364 -0.623607         0
434         2   2.59099   4.26599    -1.675   2.76687         0
435         4   2.59099   1.57735   1.01364 -0.623607         1
436         2   2.59099   4.26599    -1.675   3.39047         0
437         4   2.59099   1.57735   1.01364  0.623607         1
438         2   2.59099   4.26599    -1.675   2.76687         0
439         4   2.59099   1.57735   1.01364  -2.11106         0
440         2   2.59099   4.26599    -1.675   2.76687         0
441         4   2.59099   1.57735   1.01364 -0.623607         0
442         2   2.59099   4.26599    -1.675   4.90061         0
443         4   2.59099   1.57735   1.01364  -2.11106         0
444         2   2.59099   4.26599    -1.675   4.90061         0
445         4   2.59099   1.57735   1.01364  -2.11106         0
446         2   2.59099   4.26599    -1.675   4.90061         0
447         4   2.59099   1.57735   1.01364 -0.623607         1
448         2   2.59099   4.26599    -1.675   5.52422         0
449         4   2.59099   1.57735   1.01364  0.623607         1
450         2   2.59099   4.26599    -1.675   9.91945         0
451         4   2.59099   1.57735   1.01364  -2.11106         0
452         2   2.59099   4.26599    -1.675   7.95553         0
453         4   2.59099   1.57735   1.01364  -2.11106         0
454         2   2.59099   4.26599    -1.675   7.95553         0
455         4   2.59099   1.57735   1.01364   4.07287         1
456         2   2.59099   4.26599    -1.675   3.88266         0
457         4   2.59099   1.57735   1.01364  -4.07287         0
458         2   2.59099   4.26599    -1.675   3.88266         0
459         4   2.59099   1.57735   1.01364  -4.07287         0
460         2   2.59099   4.26599    -1.675   3.88266         0
461         4   2.59099   1.57735   1.01364  -4.07287         0
462         2   2.59099   4.26599    -1.675   3.88266         0
463         4   2.59099   1.57735   1.01364  -4.07287         0
464         2   2.59099   4.26599    -1.675   3.88266         0
465         4   2.59099   1.57735   1.01364  -4.07287         0
466         2   2.59099   4.26599    -1.675   6.49854         0
467         4   2.59099   1.57735   1.01364  -4.07287         0
468         2   2.59099   4.26599    -1.675   5.84658         0
469         4   2.59099   1.57735   1.01364  -4.07287         0
470         2   2.59099   4.26599    -1.675   5.84658         0
471         4   2.59099   1.57735   1.01364  -4.07287         0
472         2   2.59099   4.26599    -1.675   5.84658         0
473         4   2.59099   1.57735   1.01364  -8.31678         0
474         2   2.59099   4.26599    -1.675   5.84658         0
475         4   2.59099   1.57735   1.01364  -6.11563         0
476         2   2.59099   4.26599    -1.675   6.49854         0
477         4   2.59099   1.57735   1.01364  -4.07287         0
478         2   2.59099   4.26599    -1.675   5.84658         0
479         4   2.59099   1.57735   1.01364  -4.07287         0
480         2   2.59099   4.26599    -1.675   5.84658         0
481         4   2.59099   1.57735   1.01364  -4.07287         0
482         2   2.59099   4.26599    -1.675   5.84658         0
483         4   2.59099   1.57735   1.01364  -4.07287         0
484         2   2.59099   4.26599    -1.675   5.84658         0
485         4   2.59099   1.57735   1.01364  -4.07287         0
486         2   2.59099   4.26599    -1.675   5.84658         0
487         4   2.59099   1.57735   1.01364  -8.31678         0
488         2   2.59099   4.26599    -1.675   5.84658         0
489         4   2.59099   1.57735   1.01364  -6.11563         0
490         2   2.59099   4.26599    -1.675   5.84658         0
491         4   2.59099   1.57735   1.01364  -4.07287         0
492         2   2.59099   4.26599    -1.675   6.49854         0
493         4   2.59099   1.57735   1.01364  -4.07287         0
494         2   2.59099   4.26599    -1.675   5.84658         0
495         4   2.59099   1.57735   1.01364  -4.07287         0
496         2   2.59099   4.26599    -1.675   5.84658         0
497         4   2.59099   1.57735   1.01364  -4.07287         0
498         2   2.59099   4.26599    -1.675   5.84658         0
499         4   2.59099   1.57735   1.01364  -4.07287         0
500         2   2.59099   4.26599    -1.675   5.84658         0
501         4   2.59099   1.57735   1.01364  -4.07287         0
502         2   2.59099   4.26599    -1.675   6.49854         0
503         4   2.59099   1.57735   1.01364  -8.31678         0
504         2   2.59099   4.26599    -1.675   5.84658         0
505         4   2.59099   1.57735   1.01364  -3.37198         0
506         2   2.59099   4.26599    -1.675   5.84658         0
507         4   2.59099   1.57735   1.01364  -3.37198         0
508         2   2.59099   4.26599    -1.675   5.84658         0
509         4   2.59099   1.57735   1.01364  -3.37198         0
510         2   2.59099   4.26599    -1.675   5.84658         0
511         4   2.59099   1.57735   1.01364  -3.37198         0
512         2   2.59099   4.26599    -1.675   5.84658         0
513         4   2.59099   1.57735   1.01364  -3.37198         0
514         2   2.59099   4.26599    -1.675   5.84658         0
515         4   2.59099   1.57735   1.01364  -3.37198         0
516         2   2.59099   4.26599    -1.675   5.84658         0
517         4   2.59099   1.57735   1.01364  -3.37198         0
518         2   2.59099   4.26599    -1.675   5.84658         0
519         4   2.59099   1.57735   1.01364  -3.37198         0
520         2   2.59099   4.26599    -1.675   5.84658         0
521         4   2.59099   1.57735   1.01364  -3.37198         0
522         2   2.59099   4.26599    -1.675   5.84658         0
523         4   2.59099   1.57735   1.01364  -3.37198         0
524         2   2.59099   4.26599    -1.675   5.84658         0
525         4   2.59099   1.57735   1.01364  -3.61301         0
526         2   2.59099   4.26599    -1.675    6.2575         0
527         4   2.59099   1.57735   1.01364  -3.61301         0
528         2   2.59099   4.26599    -1.675   5.60554         0
529         4   2.59099   1.57735   1.01364  -3.61301         0
530         2   2.59099   4.26599    -1.675   5.60554         0
531         4   2.59099   1.57735   1.01364  -3.61301         0
532         2   2.59099   4.26599    -1.675   5.60554         0
533         4   2.59099   1.57735   1.01364  -3.61301         0
534         2   2.59099   4.26599    -1.675   5.10241         0
535         4   2.59099   1.57735   1.01364  -4.11614         0
536         2   2.59099   4.26599    -1.675   5.10241         0
537         4   2.59099   1.57735   1.01364  -4.11614         0
538         2   2.59099   4.26599    -1.675   5.10241         0
539         4   2.59099   1.57735   1.01364  -4.11614         0
540         2   2.59099   4.26599    -1.675   5.75437         0
541         4   2.59099   1.57735   1.01364  -4.11614         0
542         2   2.59099   4.26599    -1.675   5.10241         0
543         4   2.59099   1.57735   1.01364  -4.11614         0
544         2   2.59099   4.26599    -1.675   -1.6428         1
545         4   2.59099   1.57735   1.01364  -9.21856         0
546         2   2.59099   4.26599    -1.675  0.651961         1
547         4   2.59099   1.57735   1.01364  -9.87052         0
548         2   2.59099   4.26599    -1.675 -0.651961         1
549         4   2.59099   1.57735   1.01364  -9.21856         0
550         2   2.59099   4.26599    -1.675  0.651961         0
551         4   2.59099   1.57735   1.01364  -9.21856         0
552         2   2.59099   4.26599    -1.675  0.651961         1
553         4   2.59099   1.57735   1.01364  -9.87052         0
554         2   2.59099   4.26599    -1.675 -0.651961         1
555         4   2.59099   1.57735   1.01364  -9.21856         0
556         2   2.59099   4.26599    -1.675  0.651961         0
557         4   2.59099   1.57735   1.01364  -9.21856         0
558         2   2.59099   4.26599    -1.675  0.651961         0
559         4   2.59099   1.57735   1.01364  -9.21856         0
560         2   2.59099   4.26599    -1.675  0.651961         1
561         4   2.59099   1.57735   1.01364  -9.87052         0
562         2   2.59099   4.26599    -1.675 -0.651961         1
563         4   2.59099   1.57735   1.01364  -9.21856         0
564         2   2.59099   4.26599    -1.675  0.651961         1
565         4   2.59099   1.57735   1.01364  -9.87052         0
566         2   2.59099   4.26599    -1.675 -0.651961         1
567         4   2.59099   1.57735   1.01364  -9.21856         0
568         2   2.59099   4.26599    -1.675  0.651961         1
569         4   2.59099   1.57735   1.01364  -9.87052         0
570         2   2.59099   4.26599    -1.675 -0.651961         1
571         4   2.59099   1.57735   1.01364  -9.21856         0
572         2   2.59099   4.26599    -1.675  0.651961         1
573         4   2.59099   1.57735   1.01364  -9.87052         0
574         2   2.59099   4.26599    -1.675 -0.651961         1
575         4   2.59099   1.57735   1.01364  -9.21856         0
576         2   2.59099   4.26599    -1.675  0.651961         0
577         4   2.59099   1.57735   1.01364  -9.21856         0
578         2   2.59099   4.26599    -1.675  0.651961         0
579         4   2.59099   1.57735   1.01364  -9.21856         0
580         2   2.59099   4.26599    -1.675  0.651961         0
581         4   2.59099   1.57735   1.01364  -9.21856         0
582         2   2.59099   4.26599    -1.675  0.651961         1
583         4   2.59099   1.57735   1.01364  -9.87052         0
584         2   2.59099   4.26599    -1.675 -0.651961         1
585         4   2.59099   1.57735   1.01364  -9.21856         0
586         2   2.59099   4.26599    -1.675  0.651961         0
587         4   2.59099   1.57735   1.01364  -9.21856         0
588         2   2.59099   4.26599    -1.675  0.651961         0
589         4   2.59099   1.57735   1.01364  -9.21856         0
590         2   2.59099   4.26599    -1.675  0.651961         1
591         4   2.59099   1.57735   1.01364  -9.87052         0
592         2   2.59099   4.26599    -1.675 -0.651961         1
593         4   2.59099   1.57735   1.01364  -9.21856         0
594         2   2.59099   4.26599    -1.675  0.651961         0
595         4   2.59099   1.57735   1.01364  -14.3305         0
596         2   2.59099   4.26599    -1.675  0.484781         1
597         4   2.59099   1.57735   1.01364  -9.87052         0
598         2   2.59099   4.26599    -1.675 -0.484781         1
599         4   2.59099   1.57735   1.01364  -9.38574         0
600         2   2.59099   4.26599    -1.675  0.484781         1
601         4   2.59099   1.57735   1.01364  -9.87052         0
602         2   2.59099   4.26599    -1.675 -0.484781         1
603         4   2.59099   1.57735   1.01364  -9.38574         0
604         2   2.59099   4.26599    -1.675  0.484781         1
605         4   2.59099   1.57735   1.01364  -9.87052         0
606         2   2.59099   4.26599    -1.675 -0.484781         1
607         4   2.59099   1.57735   1.01364  -9.38574         0
608         2   2.59099   4.26599    -1.675  0.484781         0
609         4   2.59099   1.57735   1.01364  -9.38574         0
610         2   2.59099   4.26599    -1.675  0.484781         0
611         4   2.59099   1.57735   1.01364  -9.38574         0
612         2   2.59099   4.26599    -1.675  0.484781         0
613         4   2.59099   1.57735   1.01364  -9.38574         0
614         2   2.59099   4.26599    -1.675  0.484781         1
615         4   2.59099   1.57735   1.01364  -9.87052         0
616         2   2.59099   4.26599    -1.675 -0.484781         1
617         4   2.59099   1.57735   1.01364  -9.38574         0
618         2   2.59099   4.26599    -1.675  0.484781         1
619         4   2.59099   1.57735   1.01364  -9.87052         0
620         2   2.59099   4.26599    -1.675 -0.484781         1
621         4   2.59099   1.57735   1.01364  -9.38574         0
622         2   2.59099   4.26599    -1.675  0.773242         1
623         4   2.59099   1.57735   1.01364  -9.87052         0
624         2   2.59099   4.26599    -1.675 -0.773242         1
625         4   2.59099   1.57735   1.01364  -9.09728         0
626         2   2.59099   4.26599    -1.675  0.773242         0
627         4   2.59099   1.57735   1.01364  -9.09728         0
628         2   2.59099   4.26599    -1.675  0.773242         1
629         4   2.59099   1.57735   1.01364  -9.87052         0
630         2   2.59099   4.26599    -1.675 -0.773242         1
631         4   2.59099   1.57735   1.01364  -9.09728         0
632         2   2.59099   4.26599    -1.675  0.773242         1
633         4   2.59099   1.57735   1.01364  -9.87052         0
634         2   2.59099   4.26599    -1.675 -0.773242         1
635         4   2.59099   1.57735   1.01364  -9.09728         0
636         2   2.59099   4.26599    -1.675  0.773242         1
637         4   2.59099   1.57735   1.01364  -9.87052         0
638         2   2.59099   4.26599    -1.675 -0.773242         1
639         4   2.59099   1.57735   1.01364  -9.09728         0
640         2   2.59099   4.26599    -1.675  0.773242         1
641         4   2.59099   1.57735   1.01364  -9.38959         0
642         2   2.59099   4.26599    -1.675 -0.773242         1
643         4   2.59099   1.57735   1.01364  -8.61635         0
644         2   2.59099   4.26599    -1.675  0.773242         0
645         4   2.59099   1.57735   1.01364  -8.61635         0
646         2   2.59099   4.26599    -1.675  0.773242         0
647         4   2.59099   1.57735   1.01364  -8.61635         0
648         2   2.59099   4.26599    -1.675  0.773242         0
649         4   2.59099   1.57735   1.01364  -9.09728         0
650         2   2.59099   4.26599    -1.675  0.773242         0
651         4   2.59099   1.57735   1.01364  -8.61635         0
652         2   2.59099   4.26599    -1.675  0.773242         1
653         4   2.59099   1.57735   1.01364  -9.38959         0
654         2   2.59099   4.26599    -1.675 -0.773242         1
655         4   2.59099   1.57735   1.01364  -10.9071         0
656         2   2.59099   4.26599    -1.675  0.773242         1
657         4   2.59099   1.57735   1.01364  -9.38959         0
658         2   2.59099   4.26599    -1.675 -0.773242         1
659         4   2.59099   1.57735   1.01364  -9.09728         0
660         2   2.59099   4.26599    -1.675  0.773242         1
661         4   2.59099   1.57735   1.01364  -9.87052         0
662         2   2.59099   4.26599    -1.675 -0.773242         1
663         4   2.59099   1.57735   1.01364  -8.61635         0
664         2   2.59099   4.26599    -1.675  0.350857         1
665         4   2.59099   1.57735   1.01364  -13.0867         0
666         2   2.59099   4.26599    -1.675 -0.350857         1
667         4   2.59099   1.57735   1.01364  -9.09728         0
668         2   2.59099   4.26599    -1.675  0.350857         1
669         4   2.59099   1.57735   1.01364  -9.85925         0
670         2   2.59099   4.26599    -1.675 -0.350857         1
671         4   2.59099   1.57735   1.01364   -9.5084         0
672         2   2.59099   4.26599    -1.675  0.350857         1
673         4   2.59099   1.57735   1.01364  -9.44813         0
674         2   2.59099   4.26599    -1.675 -0.350857         1
675         4   2.59099   1.57735   1.01364   -9.5084         0
676         2   2.59099   4.26599    -1.675  0.350857         1
677         4   2.59099   1.57735   1.01364  -9.44813         0
678         2   2.59099   4.26599    -1.675 -0.350857         1
679         4   2.59099   1.57735   1.01364  -9.09728         0
680         2   2.59099   4.26599    -1.675  0.350857         0
681         4   2.59099   1.57735   1.01364   -9.5084         0
682         2   2.59099   4.26599    -1.675  0.350857         0
683         4   2.59099   1.57735   1.01364   -9.5084         0
684         2   2.59099   4.26599    -1.675  0.350857         0
685         4   2.59099   1.57735   1.01364  -9.09728         0
686         2   2.59099   4.26599    -1.675   1.34054         1
687         4   2.59099   1.57735   1.01364  -10.4378         0
688         2   2.59099   4.26599    -1.675  -1.34054         1
689         4   2.59099   1.57735   1.01364  -7.70085         0
690         2   2.59099   4.26599    -1.675   1.34054         0
691         4   2.59099   1.57735   1.01364  -7.70085         0
692         2   2.59099   4.26599    -1.675   1.34054         0
693         4   2.59099   1.57735   1.01364  -7.70085         0
694         2   2.59099   4.26599    -1.675   1.34054         0
695         4   2.59099   1.57735   1.01364  -7.70085         0
696         2   2.59099   4.26599    -1.675   1.34054         0
697         4   2.59099   1.57735   1.01364  -9.09728         0
698         2   2.59099   4.26599    -1.675   8.42324         0
699         4   2.59099   1.57735   1.01364  -7.70085         0
700         2   2.59099   4.26599    -1.675   7.84884         0
701         4   2.59099   1.57735   1.01364  -7.70085         0
702         2   2.59099   4.26599    -1.675   7.84884         0
703         4   2.59099   1.57735   1.01364  -9.09728         0
704         2   2.59099   4.26599    -1.675   8.42324         0
705         4   2.59099   1.57735   1.01364  -9.09728         0
706         2   2.59099   4.26599    -1.675   7.84884         0
707         4   2.59099   1.57735   1.01364  -7.70085         0
708         2   2.59099   4.26599    -1.675   8.42324         0
709         4   2.59099   1.57735   1.01364  -7.70085         0
710         2   2.59099   4.26599    -1.675   7.84884         0
711         4   2.59099   1.57735   1.01364  -9.09728         0
712         2   2.59099   4.26599    -1.675   7.84884         0
713         4   2.59099   1.57735   1.01364  -7.70085         0
714         2   2.59099   4.26599    -1.675   7.84884         0
715         4   2.59099   1.57735   1.01364  -7.70085         0
716         2   2.59099   4.26599    -1.675   8.56041         0
717         4   2.59099   1.57735   1.01364  -9.09728         0
718         2   2.59099   4.26599    -1.675   7.84884         0
719         4   2.59099   1.57735   1.01364  -11.5154         0
720         2   2.59099   4.26599    -1.675   7.84884         0
721         4   2.59099   1.57735   1.01364  -7.70085         0
722         2   2.59099   4.26599    -1.675   7.84884         0
723         4   2.59099   1.57735   1.01364  -9.09728         0
724         2   2.59099   4.26599    -1.675   8.81345         0
725         4   2.59099   1.57735   1.01364  -9.76518         0
726         2   2.59099   4.26599    -1.675   8.81345         0
727         4   2.59099   1.57735   1.01364  -7.70085         0
728         2   2.59099   4.26599    -1.675   8.81345         0
729         4   2.59099   1.57735   1.01364  -8.99579         0
730         2   2.59099   4.26599    -1.675   8.81345         0
731         4   2.59099   1.57735   1.01364  -9.76518         0
732         2   2.59099   4.26599    -1.675   8.81345         0
733         4   2.59099   1.57735   1.01364  -9.09728         0
734         2   2.59099   4.26599    -1.675   10.3098         0
735         4   2.59099   1.57735   1.01364  -8.99579         0
736         2   2.59099   4.26599    -1.675   10.3098         0
737         4   2.59099   1.57735   1.01364  -8.99579         0
738         2   2.59099   4.26599    -1.675   10.3098         0
739         4   2.59099   1.57735   1.01364  -9.09728         0
740         2   2.59099   4.26599    -1.675   10.3098         0
741         4   2.59099   1.57735   1.01364  -9.76518         0
742         2   2.59099   4.26599    -1.675   10.7394         0
743         4   2.59099   1.57735   1.01364  -8.99579         0
744         2   2.59099   4.26599    -1.675   10.3098         0
745         4   2.59099   1.57735   1.01364  -9.09728         0
746         2   2.59099   4.26599    -1.675   10.7394         0
747         4   2.59099   1.57735   1.01364  -9.76518         0
748         2   2.59099   4.26599    -1.675   10.3098         0
749         4   2.59099   1.57735   1.01364  -8.99579         0
750         2   2.59099   4.26599    -1.675   10.3098         0
751         4   2.59099   1.57735   1.01364  -9.09728         0
752         2   2.59099   4.26599    -1.675   10.3098         0
753         4   2.59099   1.57735   1.01364  -9.76518         0
754         2   2.59099   4.26599    -1.675   10.7394         0
755         4   2.59099   1.57735   1.01364  -8.99579         0
756         2   2.59099   4.26599    -1.675   10.3098         0
757         4   2.59099   1.57735   1.01364  -9.09728         0
758         2   2.59099   4.26599    -1.675   10.3098         0
759         4   2.59099   1.57735   1.01364  -9.09728         0
760         2   2.59099   4.26599    -1.675   10.3098         0
761         4   2.59099   1.57735   1.01364  -8.99579         0
762         2   2.59099   4.26599    -1.675   10.7394         0
763         4   2.59099   1.57735   1.01364  -8.99579         0
764         2   2.59099   4.26599    -1.675   10.3098         0
765         4   2.59099   1.57735   1.01364  -9.09728         0
766         2   2.59099   4.26599    -1.675   10.3098         0
767         4   2.59099   1.57735   1.01364  -10.3557         0
768         2   2.59099   4.26599    -1.675   10.7394         0
769         4   2.59099   1.57735   1.01364  -9.54009         0
770         2   2.59099   4.26599    -1.675   10.3098         0
771         4   2.59099   1.57735   1.01364  -9.09728         0
772         2   2.59099   4.26599    -1.675   10.3098         0
773         4   2.59099   1.57735   1.01364  -9.09728         0
774         2   2.59099   4.26599    -1.675   10.3098         0
775         4   2.59099   1.57735   1.01364  -9.54009         0
776         2   2.59099   4.26599    -1.675   10.7394         0
777         4   2.59099   1.57735   1.01364  -9.09728         0
778         2   2.59099   4.26599    -1.675   10.3098         0
779         4   2.59099   1.57735   1.01364  -9.54009         0
780         2   2.59099   4.26599    -1.675   10.7394         0
781         4   2.59099   1.57735   1.01364  -5.57425         0
782         2   2.59099   4.26599    -1.675   10.3098         0
783         4   2.59099   1.57735   1.01364  -5.57425         0
784         2   2.59099   4.26599    -1.675   10.7394         0
785         4   2.59099   1.57735   1.01364  -9.54009         0
786         2   2.59099   4.26599    -1.675   10.3098         0
787         4   2.59099   1.57735   1.01364  -9.09728         0
788         2   2.59099   4.26599    -1.675   10.7394         0
789         4   2.59099   1.57735   1.01364  -5.57425         0
790         2   2.59099   4.26599    -1.675   10.3098         0
791         4   2.59099   1.57735   1.01364  -5.57425         0
792         2   2.59099   4.26599    -1.675   10.3098         0
793         4   2.59099   1.57735   1.01364  -5.57425         0
794         2   2.59099   4.26599    -1.675   10.3098         0
795         4   2.59099   1.57735   1.01364  -5.57425         0
796         2   2.59099   4.26599    -1.675   10.7394         0
797         4   2.59099   1.57735   1.01364  -5.57425         0
798         2   2.59099   4.26599    -1.675   10.3098         0
799         4   2.59099   1.57735   1.01364  -5.57425         0
800         2   2.59099   4.26599    -1.675   10.7394         0
801         4   2.59099   1.57735   1.01364  -5.57425         0
802         2   2.59099   4.26599    -1.675   10.3098         0
803         4   2.59099   1.57735   1.01364  -5.57425         0
804         2   2.59099   4.26599    -1.675   10.7394         0
805         4   2.59099   1.57735   1.01364  -9.09728         0
806         2   2.59099   4.26599    -1.675   10.3098         0
807         4   2.59099   1.57735   1.01364  -11.4869         0
808         2   2.59099   4.26599    -1.675   8.79264         0
809         4   2.59099   1.57735   1.01364  -7.52104         0
810         2   2.59099   4.26599    -1.675   8.36301         0
811         4   2.59099   1.57735   1.01364  -11.0441         0
812         2   2.59099   4.26599    -1.675   8.79264         0
813         4   2.59099   1.57735   1.01364  -11.0441         0
814         2   2.59099   4.26599    -1.675   8.36301         0
815         4   2.59099   1.57735   1.01364  -7.52104         0
816         2   2.59099   4.26599    -1.675   8.79264         0
817         4   2.59099   1.57735   1.01364  -9.93621         0
818         2   2.59099   4.26599    -1.675   8.79264         0
819         4   2.59099   1.57735   1.01364  -9.93621         0
820         2   2.59099   4.26599    -1.675   8.36301         0
821         4   2.59099   1.57735   1.01364  -7.52104         0
822         2   2.59099   4.26599    -1.675   8.79264         0
823         4   2.59099   1.57735   1.01364  -7.52104         0
824         2   2.59099   4.26599    -1.675   8.36301         0
825         4   2.59099   1.57735   1.01364  -7.52104         0
826         2   2.59099   4.26599    -1.675   8.36301         0
827         4   2.59099   1.57735   1.01364  -7.52104         0
828         2   2.59099   4.26599    -1.675   8.36301         0
829         4   2.59099   1.57735   1.01364  -7.91389         0
830         2   2.59099   4.26599    -1.675   8.36301         0
831         4   2.59099   1.57735   1.01364  -7.91389         0
832         2   2.59099   4.26599    -1.675   8.36301         0
833         4   2.59099   1.57735   1.01364  -7.52104         0
834         2   2.59099   4.26599    -1.675   8.79264         0
835         4   2.59099   1.57735   1.01364  -7.52104         0
836         2   2.59099   4.26599    -1.675   8.36301         0
837         4   2.59099   1.57735   1.01364  -7.91389         0
838         2   2.59099   4.26599    -1.675   9.21761         0
839         4   2.59099   1.57735   1.01364  -7.52104         0
840         2   2.59099   4.26599    -1.675   8.79264         0
841         4   2.59099   1.57735   1.01364  -7.91389         0
842         2   2.59099   4.26599    -1.675   8.36301         0
843         4   2.59099   1.57735   1.01364  -7.91389         0
844         2   2.59099   4.26599    -1.675   8.36301         0
845         4   2.59099   1.57735   1.01364  -7.52104         0
846         2   2.59099   4.26599    -1.675   8.36301         0
847         4   2.59099   1.57735   1.01364  -7.52104         0
848         2   2.59099   4.26599    -1.675   8.36301         0
849         4   2.59099   1.57735   1.01364  -7.91389         0
850         2   2.59099   4.26599    -1.675   8.36301         0
851         4   2.59099   1.57735   1.01364  -10.6117         0
852         2   2.59099   4.26599    -1.675   8.36301         0
853         4   2.59099   1.57735   1.01364  -7.52104         0
854         2   2.59099   4.26599    -1.675   8.79264         0
855         4   2.59099   1.57735   1.01364  -7.52104         0
856         2   2.59099   4.26599    -1.675   8.36301         0
857         4   2.59099   1.57735   1.01364  -7.52104         0
858         2   2.59099   4.26599    -1.675   8.36301         0
859         4   2.59099   1.57735   1.01364  -7.52104         0
860         2   2.59099   4.26599    -1.675   8.36301         0
861         4   2.59099   1.57735   1.01364  -10.6117         0
862         2   2.59099   4.26599    -1.675   8.36301         0
863         4   2.59099   1.57735   1.01364  -9.42349         0
864         2   2.59099   4.26599    -1.675   8.36301         0
865         4   2.59099   1.57735   1.01364  -6.79807         0
866         2   2.59099   4.26599    -1.675   8.36301         0
867         4   2.59099   1.57735   1.01364  -6.79807         0
868         2   2.59099   4.26599    -1.675   8.36301         0
869         4   2.59099   1.57735   1.01364  -9.42349         0
870         2   2.59099   4.26599    -1.675   8.79264         0
871         4   2.59099   1.57735   1.01364  -3.34067         0
872         2   2.59099   4.26599    -1.675   8.36301         0
873         4   2.59099   1.57735   1.01364  -3.34067         0
874         2   2.59099   4.26599    -1.675   8.36301         0
875         4   2.59099   1.57735   1.01364  -3.34067         0
876         2   2.59099   4.26599    -1.675   8.79264         0
877         4   2.59099   1.57735   1.01364  -3.34067         0
878         2   2.59099   4.26599    -1.675   8.36301         0
879         4   2.59099   1.57735   1.01364  -3.34067         0
880         2   2.59099   4.26599    -1.675   8.36301         0
881         4   2.59099   1.57735   1.01364  -3.34067         0
882         2   2.59099   4.26599    -1.675   8.36301         0
883         4   2.59099   1.57735   1.01364  -3.34067         0
884         2   2.59099   4.26599    -1.675   8.36301         0
885         4   2.59099   1.57735   1.01364  -3.34067         0
886         2   2.59099   4.26599    -1.675   8.36301         0
887         4   2.59099   1.57735   1.01364  -3.34067         0
888         2   2.59099   4.26599    -1.675   8.36301         0
889         4   2.59099   1.57735   1.01364  -3.34067         0
890         2   2.59099   4.26599    -1.675   0.56859         1
891         4   2.59099   1.57735   1.01364  -11.7037         0
892         2   2.59099   4.26599    -1.675  -0.56859         1
893         4   2.59099   1.57735   1.01364  -11.1351         0
894         2   2.59099   4.26599    -1.675   0.56859         1
895         4   2.59099   1.57735   1.01364  -11.7037         0
896         2   2.59099   4.26599    -1.675  -0.56859         1
897         4   2.59099   1.57735   1.01364  -11.1351         0
898         2   2.59099   4.26599    -1.675  0.998221         0
899         4   2.59099   1.57735   1.01364  -11.1351         0
900         2   2.59099   4.26599    -1.675   0.56859         0
901         4   2.59099   1.57735   1.01364  -11.1351         0
902         2   2.59099   4.26599    -1.675  0.998221         0
903         4   2.59099   1.57735   1.01364  -11.1351         0
904         2   2.59099   4.26599    -1.675   0.56859         0
905         4   2.59099   1.57735   1.01364  -11.1351         0
906         2   2.59099   4.26599    -1.675  0.998221         0
907         4   2.59099   1.57735   1.01364  -11.1351         0
908         2   2.59099   4.26599    -1.675   0.56859         0
909         4   2.59099   1.57735   1.01364  -11.1351         0
910         2   2.59099   4.26599    -1.675   0.56859         0
911         4   2.59099   1.57735   1.01364  -11.1351         0
912         2   2.59099   4.26599    -1.675   0.56859         0
913         4   2.59099   1.57735   1.01364  -11.1351         0
914         2   2.59099   4.26599    -1.675   0.56859         0
915         4   2.59099   1.57735   1.01364  -11.1351         0
916         2   2.59099   4.26599    -1.675   0.56859         0
917         4   2.59099   1.57735   1.01364  -11.1351         0
918         2   2.59099   4.26599    -1.675   0.56859         1
919         4   2.59099   1.57735   1.01364  -11.7037         0
920         2   2.59099   4.26599    -1.675  -0.56859         1
921         4   2.59099   1.57735   1.01364  -11.1351         0
922         2   2.59099   4.26599    -1.675   0.56859         1
923         4   2.59099   1.57735   1.01364  -11.7037         0
924         2   2.59099   4.26599    -1.675  -0.56859         1
925         4   2.59099   1.57735   1.01364  -11.1351         0
926         2   2.59099   4.26599    -1.675   0.56859         0
927         4   2.59099   1.57735   1.01364  -11.1351         0
928         2   2.59099   4.26599    -1.675   0.56859         0
929         4   2.59099   1.57735   1.01364  -11.1351         0
930         2   2.59099   4.26599    -1.675   0.56859         1
931         4   2.59099   1.57735   1.01364  -11.7037         0
932         2   2.59099   4.26599    -1.675  -0.56859         1
933         4   2.59099   1.57735   1.01364  -11.1351         0
934         2   2.59099   4.26599    -1.675  0.998221         0
935         4   2.59099   1.57735   1.01364  -11.1351         0
936         2   2.59099   4.26599    -1.675   0.56859         1
937         4   2.59099   1.57735   1.01364  -11.7037         0
938         2   2.59099   4.26599    -1.675  -0.56859         1
939         4   2.59099   1.57735   1.01364  -11.1351         0
940         2   2.59099   4.26599    -1.675  0.998221         1
941         4   2.59099   1.57735   1.01364  -12.1333         0
942         2   2.59099   4.26599    -1.675 -0.998221         1
943         4   2.59099   1.57735   1.01364  -11.1351         0
944         2   2.59099   4.26599    -1.675   0.56859         0
945         4   2.59099   1.57735   1.01364  -11.1351         0
946         2   2.59099   4.26599    -1.675   0.56859         0
947         4   2.59099   1.57735   1.01364  -11.1351         0
948         2   2.59099   4.26599    -1.675   0.56859         1
949         4   2.59099   1.57735   1.01364  -11.7037         0
950         2   2.59099   4.26599    -1.675  -0.56859         1
951         4   2.59099   1.57735   1.01364  -11.1351         0
952         2   2.59099   4.26599    -1.675   0.56859         0
953         4   2.59099   1.57735   1.01364  -11.1351         0
954         2   2.59099   4.26599    -1.675  0.998221         0
955         4   2.59099   1.57735   1.01364  -11.1351         0
956         2   2.59099   4.26599    -1.675   0.56859         1
957         4   2.59099   1.57735   1.01364  -11.7037         0
958         2   2.59099   4.26599    -1.675  -0.56859         1
959         4   2.59099   1.57735   1.01364  -11.1351         0
960         2   2.59099   4.26599    -1.675   0.56859         0
961         4   2.59099   1.57735   1.01364  -11.1351         0
962         2   2.59099   4.26599    -1.675  0.280964         0
963         4   2.59099   1.57735   1.01364  -11.1351         0
964         2   2.59099   4.26599    -1.675  0.280964         0
965         4   2.59099   1.57735   1.01364  -11.1351         0
966         2   2.59099   4.26599    -1.675  0.280964         1
967         4   2.59099   1.57735   1.01364  -11.4161         0
968         2   2.59099   4.26599    -1.675 -0.280964         1
969         4   2.59099   1.57735   1.01364  -11.1351         0
970         2   2.59099   4.26599    -1.675  0.280964         0
971         4   2.59099   1.57735   1.01364  -11.1351         0
972         2   2.59099   4.26599    -1.675  0.280964         0
973         4   2.59099   1.57735   1.01364  -11.1351         0
974         2   2.59099   4.26599    -1.675  0.280964         0
975         4   2.59099   1.57735   1.01364  -11.1351         0
976         2   2.59099   4.26599    -1.675  0.998221         0
977         4   2.59099   1.57735   1.01364  -11.1351         0
978         2   2.59099   4.26599    -1.675  0.280964         1
979         4   2.59099   1.57735   1.01364  -11.4161         0
980         2   2.59099   4.26599    -1.675 -0.280964         1
981         4   2.59099   1.57735   1.01364  -11.1351         0
982         2   2.59099   4.26599    -1.675  0.280964         0
983         4   2.59099   1.57735   1.01364  -11.1351         0
984         2   2.59099   4.26599    -1.675  0.280964         1
985         4   2.59099   1.57735   1.01364  -11.4161         0
986         2   2.59099   4.26599    -1.675 -0.280964         1
987         4   2.59099   1.57735   1.01364  -11.1351         0
988         2   2.59099   4.26599    -1.675  0.280964         1
989         4   2.59099   1.57735   1.01364  -11.4161         0
990         2   2.59099   4.26599    -1.675 -0.280964         1
991         4   2.59099   1.57735   1.01364  -11.1351         0
992         2   2.59099   4.26599    -1.675  0.280964         1
993         4   2.59099   1.57735   1.01364  -11.4161         0
994         2   2.59099   4.26599    -1.675 -0.280964         1
995         4   2.59099   1.57735   1.01364  -11.1351         0
996         2   2.59099   4.26599    -1.675  0.280964         1
997         4   2.59099   1.57735   1.01364  -11.4161         0
998         2   2.59099   4.26599    -1.675 -0.280964         1
999         4   2.59099   1.57735   1.01364  -12.2911         0
