#BLOCK   PARTNER   MY_BETA PART_BETA   DELTA_BDELTA_E  ACCEPTED
0         0   6.70544        10  -3.29456  -3.27966         1
1         2   6.70544   4.26599   2.43946  -2.33462         0
2         0   6.70544        10  -3.29456  -10.1925         1
3         2   6.70544   4.26599   2.43946   11.1995         1
4         0   6.70544        10  -3.29456  0.302014         1
5         2   6.70544   4.26599   2.43946   4.02643         1
6         0   6.70544        10  -3.29456  -11.0003         1
7         2   6.70544   4.26599   2.43946  -6.52296         0
8         0   6.70544        10  -3.29456   2.40668         0
9         2   6.70544   4.26599   2.43946  -3.62972         0
10         0   6.70544        10  -3.29456   1.35252         0
11         2   6.70544   4.26599   2.43946   -12.244         0
12         0   6.70544        10  -3.29456  -1.51269         1
13         2   6.70544   4.26599   2.43946  -6.87978         0
14         0   6.70544        10  -3.29456   1.51269         0
15         2   6.70544   4.26599   2.43946  -6.87978         0
16         0   6.70544        10  -3.29456   2.15876         0
17         2   6.70544   4.26599   2.43946  -6.87978         0
18         0   6.70544        10  -3.29456   4.01473         0
19         2   6.70544   4.26599   2.43946  -6.24922         0
20         0   6.70544        10  -3.29456   4.01473         0
21         2   6.70544   4.26599   2.43946   2.39902         1
22         0   6.70544        10  -3.29456   1.61571         0
23         2   6.70544   4.26599   2.43946  -2.39902         0
24         0   6.70544        10  -3.29456   1.61571         0
25         2   6.70544   4.26599   2.43946   5.33584         1
26         0   6.70544        10  -3.29456  -3.72012         1
27         2   6.70544   4.26599   2.43946 -0.561248         0
28         0   6.70544        10  -3.29456    7.2273         0
29         2   6.70544   4.26599   2.43946  -1.61571         0
30         0   6.70544        10  -3.29456    7.2273         0
31         2   6.70544   4.26599   2.43946   6.74404         1
32         0   6.70544        10  -3.29456   3.44217         0
33         2   6.70544   4.26599   2.43946  -2.96052         0
34         0   6.70544        10  -3.29456   3.44217         0
35         2   6.70544   4.26599   2.43946  -2.96052         0
36         0   6.70544        10  -3.29456   3.44217         0
37         2   6.70544   4.26599   2.43946  -2.96052         0
38         0   6.70544        10  -3.29456   3.44217         0
39         2   6.70544   4.26599   2.43946  -2.96052         0
40         0   6.70544        10  -3.29456   6.65278         0
41         2   6.70544   4.26599   2.43946   0.48196         1
42         0   6.70544        10  -3.29456   6.17082         0
43         2   6.70544   4.26599   2.43946  -0.48196         1
44         0   6.70544        10  -3.29456   6.98022         0
45         2   6.70544   4.26599   2.43946   0.48196         1
46         0   6.70544        10  -3.29456   6.49826         0
47         2   6.70544   4.26599   2.43946  -5.36969         0
48         0   6.70544        10  -3.29456   1.61054         0
49         2   6.70544   4.26599   2.43946  -5.36969         0
50         0   6.70544        10  -3.29456   1.61054         0
51         2   6.70544   4.26599   2.43946  -5.36969         0
52         0   6.70544        10  -3.29456   1.61054         0
53         2   6.70544   4.26599   2.43946  -5.36969         0
54         0   6.70544        10  -3.29456   1.61054         0
55         2   6.70544   4.26599   2.43946  -5.36969         0
56         0   6.70544        10  -3.29456   1.61054         0
57         2   6.70544   4.26599   2.43946  -5.36969         0
58         0   6.70544        10  -3.29456   1.61054         0
59         2   6.70544   4.26599   2.43946  -5.36969         0
60         0   6.70544        10  -3.29456   1.42404         0
61         2   6.70544   4.26599   2.43946   -5.3199         0
62         0   6.70544        10  -3.29456    1.5644         0
63         2   6.70544   4.26599   2.43946   -5.3199         0
64         0   6.70544        10  -3.29456    1.5644         0
65         2   6.70544   4.26599   2.43946  -3.97073         0
66         0   6.70544        10  -3.29456    1.5644         0
67         2   6.70544   4.26599   2.43946  -3.97073         0
68         0   6.70544        10  -3.29456    1.5644         0
69         2   6.70544   4.26599   2.43946  -3.97073         0
70         0   6.70544        10  -3.29456    1.5644         0
71         2   6.70544   4.26599   2.43946  -3.97073         0
72         0   6.70544        10  -3.29456    1.5644         0
73         2   6.70544   4.26599   2.43946  -3.97073         0
74         0   6.70544        10  -3.29456    1.5644         0
75         2   6.70544   4.26599   2.43946  -3.97073         0
76         0   6.70544        10  -3.29456   2.85844         0
77         2   6.70544   4.26599   2.43946  -4.04108         0
78         0   6.70544        10  -3.29456   2.85844         0
79         2   6.70544   4.26599   2.43946  -3.97073         0
80         0   6.70544        10  -3.29456   2.85844         0
81         2   6.70544   4.26599   2.43946  -4.04108         0
82         0   6.70544        10  -3.29456   2.85844         0
83         2   6.70544   4.26599   2.43946   -1.4608         0
84         0   6.70544        10  -3.29456   2.85844         0
85         2   6.70544   4.26599   2.43946   -1.4608         0
86         0   6.70544        10  -3.29456   2.85844         0
87         2   6.70544   4.26599   2.43946   -1.4608         0
88         0   6.70544        10  -3.29456   2.85844         0
89         2   6.70544   4.26599   2.43946   -1.4608         0
90         0   6.70544        10  -3.29456   2.85844         0
91         2   6.70544   4.26599   2.43946   -1.4608         0
92         0   6.70544        10  -3.29456   2.85844         0
93         2   6.70544   4.26599   2.43946   -1.4608         0
94         0   6.70544        10  -3.29456    5.9833         0
95         2   6.70544   4.26599   2.43946   -1.4608         0
96         0   6.70544        10  -3.29456    5.9833         0
97         2   6.70544   4.26599   2.43946   2.60496         1
98         0   6.70544        10  -3.29456   3.37834         0
99         2   6.70544   4.26599   2.43946  -3.63628         0
100         0   6.70544        10  -3.29456   3.37834         0
101         2   6.70544   4.26599   2.43946  -2.60496         0
102         0   6.70544        10  -3.29456   3.37834         0
103         2   6.70544   4.26599   2.43946  -2.60496         0
104         0   6.70544        10  -3.29456   3.37834         0
105         2   6.70544   4.26599   2.43946  -2.60496         0
106         0   6.70544        10  -3.29456   3.37834         0
107         2   6.70544   4.26599   2.43946  -2.60496         0
108         0   6.70544        10  -3.29456   3.37834         0
109         2   6.70544   4.26599   2.43946  -2.60496         0
110         0   6.70544        10  -3.29456   3.37834         0
111         2   6.70544   4.26599   2.43946  0.495789         1
112         0   6.70544        10  -3.29456   2.88255         0
113         2   6.70544   4.26599   2.43946 -0.495789         1
114         0   6.70544        10  -3.29456   3.37834         0
115         2   6.70544   4.26599   2.43946  0.495789         1
116         0   6.70544        10  -3.29456   2.88255         0
117         2   6.70544   4.26599   2.43946 -0.495789         0
118         0   6.70544        10  -3.29456   2.88255         0
119         2   6.70544   4.26599   2.43946 -0.495789         0
120         0   6.70544        10  -3.29456   2.88255         0
121         2   6.70544   4.26599   2.43946 -0.495789         1
122         0   6.70544        10  -3.29456   3.37834         0
123         2   6.70544   4.26599   2.43946  0.495789         1
124         0   6.70544        10  -3.29456   2.88255         0
125         2   6.70544   4.26599   2.43946 -0.495789         0
126         0   6.70544        10  -3.29456   2.88255         0
127         2   6.70544   4.26599   2.43946 -0.495789         0
128         0   6.70544        10  -3.29456   2.88255         0
129         2   6.70544   4.26599   2.43946 -0.495789         1
130         0   6.70544        10  -3.29456   3.37834         0
131         2   6.70544   4.26599   2.43946  0.495789         1
132         0   6.70544        10  -3.29456   2.88255         0
133         2   6.70544   4.26599   2.43946 -0.495789         0
134         0   6.70544        10  -3.29456   2.88255         0
135         2   6.70544   4.26599   2.43946 -0.495789         1
136         0   6.70544        10  -3.29456   3.37834         0
137         2   6.70544   4.26599   2.43946  0.495789         1
138         0   6.70544        10  -3.29456   2.88255         0
139         2   6.70544   4.26599   2.43946 -0.495789         0
140         0   6.70544        10  -3.29456   2.88255         0
141         2   6.70544   4.26599   2.43946 -0.495789         0
142         0   6.70544        10  -3.29456   2.88255         0
143         2   6.70544   4.26599   2.43946 -0.495789         1
144         0   6.70544        10  -3.29456   3.37834         0
145         2   6.70544   4.26599   2.43946  0.495789         1
146         0   6.70544        10  -3.29456   2.88255         0
147         2   6.70544   4.26599   2.43946 -0.446128         1
148         0   6.70544        10  -3.29456  -1.92333         1
149         2   6.70544   4.26599   2.43946  -2.88255         0
150         0   6.70544        10  -3.29456   1.92333         0
151         2   6.70544   4.26599   2.43946  -2.88255         0
152         0   6.70544        10  -3.29456   1.92333         0
153         2   6.70544   4.26599   2.43946  -3.37834         0
154         0   6.70544        10  -3.29456   1.92333         0
155         2   6.70544   4.26599   2.43946  -2.88255         0
156         0   6.70544        10  -3.29456   1.92333         0
157         2   6.70544   4.26599   2.43946  -2.88255         0
158         0   6.70544        10  -3.29456   1.92333         0
159         2   6.70544   4.26599   2.43946  -3.37834         0
160         0   6.70544        10  -3.29456   1.92333         0
161         2   6.70544   4.26599   2.43946  -2.88255         0
162         0   6.70544        10  -3.29456   1.92333         0
163         2   6.70544   4.26599   2.43946  -3.37834         0
164         0   6.70544        10  -3.29456   1.92333         0
165         2   6.70544   4.26599   2.43946  0.817679         1
166         0   6.70544        10  -3.29456   1.10565         0
167         2   6.70544   4.26599   2.43946 -0.817679         0
168         0   6.70544        10  -3.29456   1.10565         0
169         2   6.70544   4.26599   2.43946 -0.817679         0
170         0   6.70544        10  -3.29456   1.10565         0
171         2   6.70544   4.26599   2.43946 -0.817679         0
172         0   6.70544        10  -3.29456    1.7535         0
173         2   6.70544   4.26599   2.43946 -0.817679         0
174         0   6.70544        10  -3.29456    1.7535         0
175         2   6.70544   4.26599   2.43946 -0.817679         0
176         0   6.70544        10  -3.29456    1.7535         0
177         2   6.70544   4.26599   2.43946 -0.817679         0
178         0   6.70544        10  -3.29456    1.7535         0
179         2   6.70544   4.26599   2.43946 -0.817679         0
180         0   6.70544        10  -3.29456    1.7535         0
181         2   6.70544   4.26599   2.43946 -0.817679         0
182         0   6.70544        10  -3.29456    1.7535         0
183         2   6.70544   4.26599   2.43946  -1.48763         0
184         0   6.70544        10  -3.29456   1.29502         0
185         2   6.70544   4.26599   2.43946  0.543718         1
186         0   6.70544        10  -3.29456  0.751298         1
187         2   6.70544   4.26599   2.43946   1.49066         1
188         0   6.70544        10  -3.29456  -2.24196         1
189         2   6.70544   4.26599   2.43946  0.751298         1
190         0   6.70544        10  -3.29456   1.49066         0
191         2   6.70544   4.26599   2.43946 -0.751298         0
192         0   6.70544        10  -3.29456   1.49066         0
193         2   6.70544   4.26599   2.43946 -0.751298         1
194         0   6.70544        10  -3.29456   2.24196         0
195         2   6.70544   4.26599   2.43946  0.751298         1
196         0   6.70544        10  -3.29456   1.49066         0
197         2   6.70544   4.26599   2.43946 -0.751298         0
198         0   6.70544        10  -3.29456   1.49066         0
199         2   6.70544   4.26599   2.43946  -1.33843         1
200         0   6.70544        10  -3.29456   2.24196         0
201         2   6.70544   4.26599   2.43946   11.0443         1
202         0   6.70544        10  -3.29456  -8.80232         1
203         2   6.70544   4.26599   2.43946  -2.24196         0
204         0   6.70544        10  -3.29456   8.80232         0
205         2   6.70544   4.26599   2.43946  -2.24196         0
206         0   6.70544        10  -3.29456   8.80232         0
207         2   6.70544   4.26599   2.43946  -2.24196         0
208         0   6.70544        10  -3.29456   8.80232         0
209         2   6.70544   4.26599   2.43946  -2.24196         0
210         0   6.70544        10  -3.29456   8.80232         0
211         2   6.70544   4.26599   2.43946  -2.24196         0
212         0   6.70544        10  -3.29456   8.80232         0
213         2   6.70544   4.26599   2.43946  -2.24196         0
214         0   6.70544        10  -3.29456   8.80232         0
215         2   6.70544   4.26599   2.43946  -2.24196         0
216         0   6.70544        10  -3.29456   8.80232         0
217         2   6.70544   4.26599   2.43946  -2.58367         0
218         0   6.70544        10  -3.29456   8.80232         0
219         2   6.70544   4.26599   2.43946  -2.24196         0
220         0   6.70544        10  -3.29456   8.80232         0
221         2   6.70544   4.26599   2.43946  -2.58367         0
222         0   6.70544        10  -3.29456   8.80232         0
223         2   6.70544   4.26599   2.43946  -3.16074         0
224         0   6.70544        10  -3.29456   8.80232         0
225         2   6.70544   4.26599   2.43946  -2.58367         0
226         0   6.70544        10  -3.29456   8.80232         0
227         2   6.70544   4.26599   2.43946  -3.16074         0
228         0   6.70544        10  -3.29456   8.80232         0
229         2   6.70544   4.26599   2.43946   1.19774         1
230         0   6.70544        10  -3.29456   7.60458         0
231         2   6.70544   4.26599   2.43946  -1.19774         1
232         0   6.70544        10  -3.29456   8.80232         0
233         2   6.70544   4.26599   2.43946   1.19774         1
234         0   6.70544        10  -3.29456   7.60458         0
235         2   6.70544   4.26599   2.43946  -1.19774         0
236         0   6.70544        10  -3.29456   7.60458         0
237         2   6.70544   4.26599   2.43946  -1.19774         0
238         0   6.70544        10  -3.29456   7.60458         0
239         2   6.70544   4.26599   2.43946  -1.19774         0
240         0   6.70544        10  -3.29456   8.72171         0
241         2   6.70544   4.26599   2.43946  -1.19774         0
242         0   6.70544        10  -3.29456   8.72171         0
243         2   6.70544   4.26599   2.43946  -1.19774         0
244         0   6.70544        10  -3.29456   8.72171         0
245         2   6.70544   4.26599   2.43946  -1.19774         0
246         0   6.70544        10  -3.29456   8.72171         0
247         2   6.70544   4.26599   2.43946  -1.19774         0
248         0   6.70544        10  -3.29456   8.72171         0
249         2   6.70544   4.26599   2.43946  -1.19774         0
250         0   6.70544        10  -3.29456   8.51906         0
251         2   6.70544   4.26599   2.43946  -1.40039         0
252         0   6.70544        10  -3.29456   8.51906         0
253         2   6.70544   4.26599   2.43946  -1.40039         0
254         0   6.70544        10  -3.29456   8.51906         0
255         2   6.70544   4.26599   2.43946  -1.40039         0
256         0   6.70544        10  -3.29456   8.51906         0
257         2   6.70544   4.26599   2.43946  -1.40039         0
258         0   6.70544        10  -3.29456   8.51906         0
259         2   6.70544   4.26599   2.43946  -1.40039         0
260         0   6.70544        10  -3.29456   8.51906         0
261         2   6.70544   4.26599   2.43946  -1.40039         0
262         0   6.70544        10  -3.29456   8.51906         0
263         2   6.70544   4.26599   2.43946  -1.40039         0
264         0   6.70544        10  -3.29456   8.51906         0
265         2   6.70544   4.26599   2.43946  -1.40039         0
266         0   6.70544        10  -3.29456   8.51906         0
267         2   6.70544   4.26599   2.43946  -1.40039         0
268         0   6.70544        10  -3.29456   8.51906         0
269         2   6.70544   4.26599   2.43946  -1.40039         0
270         0   6.70544        10  -3.29456   8.51906         0
271         2   6.70544   4.26599   2.43946  -1.40039         0
272         0   6.70544        10  -3.29456   8.51906         0
273         2   6.70544   4.26599   2.43946  -1.40039         0
274         0   6.70544        10  -3.29456   8.51906         0
275         2   6.70544   4.26599   2.43946  -1.40039         0
276         0   6.70544        10  -3.29456   8.51906         0
277         2   6.70544   4.26599   2.43946  -1.40039         0
278         0   6.70544        10  -3.29456   8.51906         0
279         2   6.70544   4.26599   2.43946  -1.40039         0
280         0   6.70544        10  -3.29456   8.51906         0
281         2   6.70544   4.26599   2.43946  -1.40039         0
282         0   6.70544        10  -3.29456   8.51906         0
283         2   6.70544   4.26599   2.43946  -1.40039         0
284         0   6.70544        10  -3.29456   8.51906         0
285         2   6.70544   4.26599   2.43946  -1.40039         0
286         0   6.70544        10  -3.29456   8.51906         0
287         2   6.70544   4.26599   2.43946  -1.40039         0
288         0   6.70544        10  -3.29456   8.51906         0
289         2   6.70544   4.26599   2.43946  -1.40039         0
290         0   6.70544        10  -3.29456   8.51906         0
291         2   6.70544   4.26599   2.43946  -1.40039         0
292         0   6.70544        10  -3.29456   8.51906         0
293         2   6.70544   4.26599   2.43946  -1.40039         0
294         0   6.70544        10  -3.29456   8.51906         0
295         2   6.70544   4.26599   2.43946  -1.40039         0
296         0   6.70544        10  -3.29456   8.51906         0
297         2   6.70544   4.26599   2.43946  -1.40039         0
298         0   6.70544        10  -3.29456   8.51906         0
299         2   6.70544   4.26599   2.43946  -1.40039         0
300         0   6.70544        10  -3.29456   8.51906         0
301         2   6.70544   4.26599   2.43946  -1.40039         0
302         0   6.70544        10  -3.29456   8.51906         0
303         2   6.70544   4.26599   2.43946  -1.40039         0
304         0   6.70544        10  -3.29456   8.51906         0
305         2   6.70544   4.26599   2.43946  -1.40039         0
306         0   6.70544        10  -3.29456   8.51906         0
307         2   6.70544   4.26599   2.43946  -1.40039         0
308         0   6.70544        10  -3.29456   8.51906         0
309         2   6.70544   4.26599   2.43946  -1.40039         0
310         0   6.70544        10  -3.29456   8.51906         0
311         2   6.70544   4.26599   2.43946  -1.40039         0
312         0   6.70544        10  -3.29456   8.51906         0
313         2   6.70544   4.26599   2.43946  -1.40039         0
314         0   6.70544        10  -3.29456   8.51906         0
315         2   6.70544   4.26599   2.43946  -1.40039         0
316         0   6.70544        10  -3.29456   8.51906         0
317         2   6.70544   4.26599   2.43946  -1.40039         0
318         0   6.70544        10  -3.29456   8.51906         0
319         2   6.70544   4.26599   2.43946  -1.40039         0
320         0   6.70544        10  -3.29456   8.51906         0
321         2   6.70544   4.26599   2.43946  -1.40039         0
322         0   6.70544        10  -3.29456   8.51906         0
323         2   6.70544   4.26599   2.43946  -1.40039         0
324         0   6.70544        10  -3.29456   8.51906         0
325         2   6.70544   4.26599   2.43946  -1.40039         0
326         0   6.70544        10  -3.29456   8.51906         0
327         2   6.70544   4.26599   2.43946  -1.40039         1
328         0   6.70544        10  -3.29456   9.91945         0
329         2   6.70544   4.26599   2.43946   1.40039         1
330         0   6.70544        10  -3.29456   4.80407         0
331         2   6.70544   4.26599   2.43946  -5.11538         0
332         0   6.70544        10  -3.29456   4.80407         0
333         2   6.70544   4.26599   2.43946  -5.11538         0
334         0   6.70544        10  -3.29456   4.80407         0
335         2   6.70544   4.26599   2.43946  -5.11538         0
336         0   6.70544        10  -3.29456   4.80407         0
337         2   6.70544   4.26599   2.43946  -5.11538         0
338         0   6.70544        10  -3.29456   4.80407         0
339         2   6.70544   4.26599   2.43946  -5.11538         0
340         0   6.70544        10  -3.29456   -2.4787         1
341         2   6.70544   4.26599   2.43946  -9.91945         0
342         0   6.70544        10  -3.29456    2.4787         0
343         2   6.70544   4.26599   2.43946  -9.91945         0
344         0   6.70544        10  -3.29456    2.4787         0
345         2   6.70544   4.26599   2.43946  -9.91945         0
346         0   6.70544        10  -3.29456    2.4787         0
347         2   6.70544   4.26599   2.43946  -9.91945         0
348         0   6.70544        10  -3.29456    2.4787         0
349         2   6.70544   4.26599   2.43946  -9.91945         0
350         0   6.70544        10  -3.29456    2.4787         0
351         2   6.70544   4.26599   2.43946  -10.5431         0
352         0   6.70544        10  -3.29456    2.4787         0
353         2   6.70544   4.26599   2.43946  -9.91945         0
354         0   6.70544        10  -3.29456    2.4787         0
355         2   6.70544   4.26599   2.43946  -9.91945         0
356         0   6.70544        10  -3.29456    2.4787         0
357         2   6.70544   4.26599   2.43946  -9.91945         0
358         0   6.70544        10  -3.29456    2.4787         0
359         2   6.70544   4.26599   2.43946  -9.91945         0
360         0   6.70544        10  -3.29456    2.4787         0
361         2   6.70544   4.26599   2.43946  -9.91945         0
362         0   6.70544        10  -3.29456    2.4787         0
363         2   6.70544   4.26599   2.43946  -9.91945         0
364         0   6.70544        10  -3.29456    2.4787         0
365         2   6.70544   4.26599   2.43946  -10.5431         0
366         0   6.70544        10  -3.29456    2.4787         0
367         2   6.70544   4.26599   2.43946  -9.91945         0
368         0   6.70544        10  -3.29456    2.4787         0
369         2   6.70544   4.26599   2.43946  -9.91945         0
370         0   6.70544        10  -3.29456    2.4787         0
371         2   6.70544   4.26599   2.43946  -9.91945         0
372         0   6.70544        10  -3.29456    2.4787         0
373         2   6.70544   4.26599   2.43946  -10.5431         0
374         0   6.70544        10  -3.29456    2.4787         0
375         2   6.70544   4.26599   2.43946  -9.91945         0
376         0   6.70544        10  -3.29456    2.4787         0
377         2   6.70544   4.26599   2.43946  -9.91945         0
378         0   6.70544        10  -3.29456   7.32933         0
379         2   6.70544   4.26599   2.43946  -9.91945         0
380         0   6.70544        10  -3.29456   7.32933         0
381         2   6.70544   4.26599   2.43946  -10.5431         0
382         0   6.70544        10  -3.29456   7.32933         0
383         2   6.70544   4.26599   2.43946  -9.91945         0
384         0   6.70544        10  -3.29456   7.32933         0
385         2   6.70544   4.26599   2.43946  -9.91945         0
386         0   6.70544        10  -3.29456   7.32933         0
387         2   6.70544   4.26599   2.43946  -9.91945         0
388         0   6.70544        10  -3.29456   7.32933         0
389         2   6.70544   4.26599   2.43946  -9.91945         0
390         0   6.70544        10  -3.29456   8.35778         0
391         2   6.70544   4.26599   2.43946  -10.5431         0
392         0   6.70544        10  -3.29456   8.35778         0
393         2   6.70544   4.26599   2.43946  -9.91945         0
394         0   6.70544        10  -3.29456   8.35778         0
395         2   6.70544   4.26599   2.43946  -9.91945         0
396         0   6.70544        10  -3.29456   9.56261         0
397         2   6.70544   4.26599   2.43946  -9.91945         0
398         0   6.70544        10  -3.29456   9.56261         0
399         2   6.70544   4.26599   2.43946  -10.5431         0
400         0   6.70544        10  -3.29456   9.56261         0
401         2   6.70544   4.26599   2.43946  -9.91945         0
402         0   6.70544        10  -3.29456   9.56261         0
403         2   6.70544   4.26599   2.43946  -10.2881         0
404         0   6.70544        10  -3.29456   9.56261         0
405         2   6.70544   4.26599   2.43946  -9.91945         0
406         0   6.70544        10  -3.29456   9.56261         0
407         2   6.70544   4.26599   2.43946  -9.91945         0
408         0   6.70544        10  -3.29456   9.56261         0
409         2   6.70544   4.26599   2.43946  -9.91945         0
410         0   6.70544        10  -3.29456   9.56261         0
411         2   6.70544   4.26599   2.43946  -10.2881         0
412         0   6.70544        10  -3.29456   9.56261         0
413         2   6.70544   4.26599   2.43946  -9.91945         0
414         0   6.70544        10  -3.29456   9.56261         0
415         2   6.70544   4.26599   2.43946  -10.5431         0
416         0   6.70544        10  -3.29456   9.56261         0
417         2   6.70544   4.26599   2.43946  -9.91945         0
418         0   6.70544        10  -3.29456   9.56261         0
419         2   6.70544   4.26599   2.43946   -10.334         0
420         0   6.70544        10  -3.29456   9.56261         0
421         2   6.70544   4.26599   2.43946  -9.91945         0
422         0   6.70544        10  -3.29456   9.56261         0
423         2   6.70544   4.26599   2.43946  -9.91945         0
424         0   6.70544        10  -3.29456   9.56261         0
425         2   6.70544   4.26599   2.43946  -10.5431         0
426         0   6.70544        10  -3.29456   9.56261         0
427         2   6.70544   4.26599   2.43946  -9.91945         0
428         0   6.70544        10  -3.29456   9.56261         0
429         2   6.70544   4.26599   2.43946  -9.91945         0
430         0   6.70544        10  -3.29456   9.56261         0
431         2   6.70544   4.26599   2.43946  -7.15258         0
432         0   6.70544        10  -3.29456   9.56261         0
433         2   6.70544   4.26599   2.43946  -7.15258         0
434         0   6.70544        10  -3.29456   9.56261         0
435         2   6.70544   4.26599   2.43946  -7.15258         0
436         0   6.70544        10  -3.29456   9.56261         0
437         2   6.70544   4.26599   2.43946  -7.15258         0
438         0   6.70544        10  -3.29456   9.56261         0
439         2   6.70544   4.26599   2.43946  -7.15258         0
440         0   6.70544        10  -3.29456   9.56261         0
441         2   6.70544   4.26599   2.43946  -5.01883         0
442         0   6.70544        10  -3.29456   9.56261         0
443         2   6.70544   4.26599   2.43946  -5.01883         0
444         0   6.70544        10  -3.29456   9.56261         0
445         2   6.70544   4.26599   2.43946  -5.01883         0
446         0   6.70544        10  -3.29456   9.56261         0
447         2   6.70544   4.26599   2.43946  -5.01883         0
448         0   6.70544        10  -3.29456   9.56261         0
449         2   6.70544   4.26599   2.43946  -1.96391         1
450         0   6.70544        10  -3.29456   11.5265         0
451         2   6.70544   4.26599   2.43946   1.96391         1
452         0   6.70544        10  -3.29456   9.56261         0
453         2   6.70544   4.26599   2.43946  -1.96391         0
454         0   6.70544        10  -3.29456   9.56261         0
455         2   6.70544   4.26599   2.43946  -1.96391         0
456         0   6.70544        10  -3.29456   9.56261         0
457         2   6.70544   4.26599   2.43946  -1.96391         0
458         0   6.70544        10  -3.29456   9.56261         0
459         2   6.70544   4.26599   2.43946  -1.96391         0
460         0   6.70544        10  -3.29456   10.3283         0
461         2   6.70544   4.26599   2.43946  -1.96391         0
462         0   6.70544        10  -3.29456   10.3283         0
463         2   6.70544   4.26599   2.43946  -1.96391         0
464         0   6.70544        10  -3.29456   10.3283         0
465         2   6.70544   4.26599   2.43946  -1.96391         0
466         0   6.70544        10  -3.29456   10.3283         0
467         2   6.70544   4.26599   2.43946  0.651961         1
468         0   6.70544        10  -3.29456    9.6763         0
469         2   6.70544   4.26599   2.43946 -0.651961         0
470         0   6.70544        10  -3.29456    9.6763         0
471         2   6.70544   4.26599   2.43946 -0.651961         0
472         0   6.70544        10  -3.29456    9.6763         0
473         2   6.70544   4.26599   2.43946 -0.651961         0
474         0   6.70544        10  -3.29456    9.6763         0
475         2   6.70544   4.26599   2.43946 -0.651961         1
476         0   6.70544        10  -3.29456   10.3283         0
477         2   6.70544   4.26599   2.43946  0.651961         1
478         0   6.70544        10  -3.29456    9.6763         0
479         2   6.70544   4.26599   2.43946 -0.651961         0
480         0   6.70544        10  -3.29456    9.6763         0
481         2   6.70544   4.26599   2.43946 -0.651961         0
482         0   6.70544        10  -3.29456    9.6763         0
483         2   6.70544   4.26599   2.43946 -0.651961         0
484         0   6.70544        10  -3.29456    9.6763         0
485         2   6.70544   4.26599   2.43946 -0.651961         0
486         0   6.70544        10  -3.29456    9.6763         0
487         2   6.70544   4.26599   2.43946 -0.651961         0
488         0   6.70544        10  -3.29456    9.6763         0
489         2   6.70544   4.26599   2.43946 -0.651961         0
490         0   6.70544        10  -3.29456    9.6763         0
491         2   6.70544   4.26599   2.43946 -0.651961         1
492         0   6.70544        10  -3.29456   10.3283         0
493         2   6.70544   4.26599   2.43946  0.651961         1
494         0   6.70544        10  -3.29456    9.6763         0
495         2   6.70544   4.26599   2.43946 -0.651961         0
496         0   6.70544        10  -3.29456    9.6763         0
497         2   6.70544   4.26599   2.43946 -0.651961         0
498         0   6.70544        10  -3.29456    9.6763         0
499         2   6.70544   4.26599   2.43946 -0.651961         0
500         0   6.70544        10  -3.29456    9.6763         0
501         2   6.70544   4.26599   2.43946 -0.651961         1
502         0   6.70544        10  -3.29456   10.3283         0
503         2   6.70544   4.26599   2.43946  0.651961         1
504         0   6.70544        10  -3.29456    9.6763         0
505         2   6.70544   4.26599   2.43946 -0.651961         0
506         0   6.70544        10  -3.29456    9.6763         0
507         2   6.70544   4.26599   2.43946 -0.651961         0
508         0   6.70544        10  -3.29456    9.6763         0
509         2   6.70544   4.26599   2.43946 -0.651961         0
510         0   6.70544        10  -3.29456    9.6763         0
511         2   6.70544   4.26599   2.43946 -0.651961         0
512         0   6.70544        10  -3.29456    9.6763         0
513         2   6.70544   4.26599   2.43946 -0.651961         0
514         0   6.70544        10  -3.29456    9.6763         0
515         2   6.70544   4.26599   2.43946 -0.651961         0
516         0   6.70544        10  -3.29456    9.6763         0
517         2   6.70544   4.26599   2.43946 -0.651961         0
518         0   6.70544        10  -3.29456    9.6763         0
519         2   6.70544   4.26599   2.43946 -0.651961         0
520         0   6.70544        10  -3.29456    9.6763         0
521         2   6.70544   4.26599   2.43946 -0.651961         0
522         0   6.70544        10  -3.29456    9.6763         0
523         2   6.70544   4.26599   2.43946 -0.651961         0
524         0   6.70544        10  -3.29456    9.6763         0
525         2   6.70544   4.26599   2.43946 -0.651961         1
526         0   6.70544        10  -3.29456   10.3283         0
527         2   6.70544   4.26599   2.43946  0.651961         1
528         0   6.70544        10  -3.29456    9.6763         0
529         2   6.70544   4.26599   2.43946 -0.651961         0
530         0   6.70544        10  -3.29456    9.6763         0
531         2   6.70544   4.26599   2.43946 -0.651961         0
532         0   6.70544        10  -3.29456   9.81858         0
533         2   6.70544   4.26599   2.43946 -0.651961         0
534         0   6.70544        10  -3.29456   9.81858         0
535         2   6.70544   4.26599   2.43946 -0.651961         0
536         0   6.70544        10  -3.29456   9.81858         0
537         2   6.70544   4.26599   2.43946 -0.651961         0
538         0   6.70544        10  -3.29456   9.81858         0
539         2   6.70544   4.26599   2.43946 -0.651961         1
540         0   6.70544        10  -3.29456   10.4705         0
541         2   6.70544   4.26599   2.43946  0.651961         1
542         0   6.70544        10  -3.29456   10.3912         0
543         2   6.70544   4.26599   2.43946 -0.651961         0
544         0   6.70544        10  -3.29456   10.3912         0
545         2   6.70544   4.26599   2.43946  0.990838         1
546         0   6.70544        10  -3.29456   9.40031         0
547         2   6.70544   4.26599   2.43946   -1.6428         0
548         0   6.70544        10  -3.29456   9.40031         0
549         2   6.70544   4.26599   2.43946 -0.990838         0
550         0   6.70544        10  -3.29456   9.40031         0
551         2   6.70544   4.26599   2.43946  -1.16573         0
552         0   6.70544        10  -3.29456   9.22542         0
553         2   6.70544   4.26599   2.43946   -1.8177         0
554         0   6.70544        10  -3.29456   9.22542         0
555         2   6.70544   4.26599   2.43946  -1.16573         0
556         0   6.70544        10  -3.29456   9.22542         0
557         2   6.70544   4.26599   2.43946  -1.16573         0
558         0   6.70544        10  -3.29456   9.22542         0
559         2   6.70544   4.26599   2.43946  -1.16573         0
560         0   6.70544        10  -3.29456   9.22542         0
561         2   6.70544   4.26599   2.43946   -1.8177         0
562         0   6.70544        10  -3.29456   9.22542         0
563         2   6.70544   4.26599   2.43946  -1.16573         0
564         0   6.70544        10  -3.29456   9.22542         0
565         2   6.70544   4.26599   2.43946   -1.8177         0
566         0   6.70544        10  -3.29456   9.22542         0
567         2   6.70544   4.26599   2.43946  -1.16573         0
568         0   6.70544        10  -3.29456   9.22542         0
569         2   6.70544   4.26599   2.43946   -1.8177         0
570         0   6.70544        10  -3.29456   9.22542         0
571         2   6.70544   4.26599   2.43946  -1.16573         0
572         0   6.70544        10  -3.29456   9.22542         0
573         2   6.70544   4.26599   2.43946   -1.8177         0
574         0   6.70544        10  -3.29456   9.22542         0
575         2   6.70544   4.26599   2.43946  -1.16573         0
576         0   6.70544        10  -3.29456   9.22542         0
577         2   6.70544   4.26599   2.43946  -1.16573         0
578         0   6.70544        10  -3.29456   9.22542         0
579         2   6.70544   4.26599   2.43946  -1.16573         0
580         0   6.70544        10  -3.29456   9.22542         0
581         2   6.70544   4.26599   2.43946  -1.16573         0
582         0   6.70544        10  -3.29456   9.22542         0
583         2   6.70544   4.26599   2.43946   -1.8177         0
584         0   6.70544        10  -3.29456   9.22542         0
585         2   6.70544   4.26599   2.43946  -1.16573         0
586         0   6.70544        10  -3.29456   9.22542         0
587         2   6.70544   4.26599   2.43946  -1.16573         0
588         0   6.70544        10  -3.29456   9.22542         0
589         2   6.70544   4.26599   2.43946  -1.16573         0
590         0   6.70544        10  -3.29456   9.22542         0
591         2   6.70544   4.26599   2.43946   -1.8177         0
592         0   6.70544        10  -3.29456   9.22542         0
593         2   6.70544   4.26599   2.43946  -1.16573         0
594         0   6.70544        10  -3.29456   9.22542         0
595         2   6.70544   4.26599   2.43946  -1.16573         0
596         0   6.70544        10  -3.29456   6.46021         0
597         2   6.70544   4.26599   2.43946  -4.41572         0
598         0   6.70544        10  -3.29456   6.46021         0
599         2   6.70544   4.26599   2.43946  -3.93094         0
600         0   6.70544        10  -3.29456   6.46021         0
601         2   6.70544   4.26599   2.43946  -4.41572         0
602         0   6.70544        10  -3.29456   6.46021         0
603         2   6.70544   4.26599   2.43946  -3.93094         0
604         0   6.70544        10  -3.29456   6.46021         0
605         2   6.70544   4.26599   2.43946  -4.41572         0
606         0   6.70544        10  -3.29456   6.46021         0
607         2   6.70544   4.26599   2.43946  -3.93094         0
608         0   6.70544        10  -3.29456   6.46021         0
609         2   6.70544   4.26599   2.43946  -3.93094         0
610         0   6.70544        10  -3.29456   6.46021         0
611         2   6.70544   4.26599   2.43946  -3.93094         0
612         0   6.70544        10  -3.29456   6.46021         0
613         2   6.70544   4.26599   2.43946  -3.93094         0
614         0   6.70544        10  -3.29456   6.46021         0
615         2   6.70544   4.26599   2.43946  -4.41572         0
616         0   6.70544        10  -3.29456   6.46021         0
617         2   6.70544   4.26599   2.43946  -3.93094         0
618         0   6.70544        10  -3.29456   6.46021         0
619         2   6.70544   4.26599   2.43946  -4.41572         0
620         0   6.70544        10  -3.29456   6.46021         0
621         2   6.70544   4.26599   2.43946  -3.93094         0
622         0   6.70544        10  -3.29456   6.46021         0
623         2   6.70544   4.26599   2.43946  -4.70419         0
624         0   6.70544        10  -3.29456   6.46021         0
625         2   6.70544   4.26599   2.43946  -3.93094         0
626         0   6.70544        10  -3.29456   6.46021         0
627         2   6.70544   4.26599   2.43946  -3.93094         0
628         0   6.70544        10  -3.29456   6.46021         0
629         2   6.70544   4.26599   2.43946  -4.70419         0
630         0   6.70544        10  -3.29456   6.46021         0
631         2   6.70544   4.26599   2.43946  -6.08521         0
632         0   6.70544        10  -3.29456   4.30594         0
633         2   6.70544   4.26599   2.43946  -6.85845         0
634         0   6.70544        10  -3.29456   4.30594         0
635         2   6.70544   4.26599   2.43946  -6.08521         0
636         0   6.70544        10  -3.29456   4.30594         0
637         2   6.70544   4.26599   2.43946  -6.85845         0
638         0   6.70544        10  -3.29456   4.30594         0
639         2   6.70544   4.26599   2.43946  -6.08521         0
640         0   6.70544        10  -3.29456   4.30594         0
641         2   6.70544   4.26599   2.43946  -8.42324         0
642         0   6.70544        10  -3.29456   2.74116         0
643         2   6.70544   4.26599   2.43946  -7.64999         0
644         0   6.70544        10  -3.29456   2.74116         0
645         2   6.70544   4.26599   2.43946  -7.64999         0
646         0   6.70544        10  -3.29456   2.74116         0
647         2   6.70544   4.26599   2.43946  -7.64999         0
648         0   6.70544        10  -3.29456   2.74116         0
649         2   6.70544   4.26599   2.43946  -7.64999         0
650         0   6.70544        10  -3.29456   2.74116         0
651         2   6.70544   4.26599   2.43946  -7.64999         0
652         0   6.70544        10  -3.29456   2.74116         0
653         2   6.70544   4.26599   2.43946  -8.42324         0
654         0   6.70544        10  -3.29456   2.74116         0
655         2   6.70544   4.26599   2.43946  -7.64999         0
656         0   6.70544        10  -3.29456   2.74116         0
657         2   6.70544   4.26599   2.43946  -8.42324         0
658         0   6.70544        10  -3.29456   2.74116         0
659         2   6.70544   4.26599   2.43946  -7.64999         0
660         0   6.70544        10  -3.29456   2.74116         0
661         2   6.70544   4.26599   2.43946  -8.42324         0
662         0   6.70544        10  -3.29456   2.74116         0
663         2   6.70544   4.26599   2.43946  -7.64999         0
664         0   6.70544        10  -3.29456   2.74116         0
665         2   6.70544   4.26599   2.43946  -8.42324         0
666         0   6.70544        10  -3.29456   2.74116         0
667         2   6.70544   4.26599   2.43946  -8.07238         0
668         0   6.70544        10  -3.29456   2.74116         0
669         2   6.70544   4.26599   2.43946  -8.42324         0
670         0   6.70544        10  -3.29456   2.74116         0
671         2   6.70544   4.26599   2.43946  -8.07238         0
672         0   6.70544        10  -3.29456   2.74116         0
673         2   6.70544   4.26599   2.43946  -8.42324         0
674         0   6.70544        10  -3.29456   2.74116         0
675         2   6.70544   4.26599   2.43946  -8.07238         0
676         0   6.70544        10  -3.29456   2.74116         0
677         2   6.70544   4.26599   2.43946  -8.42324         0
678         0   6.70544        10  -3.29456   2.74116         0
679         2   6.70544   4.26599   2.43946  -8.07238         0
680         0   6.70544        10  -3.29456   2.74116         0
681         2   6.70544   4.26599   2.43946  -8.07238         0
682         0   6.70544        10  -3.29456   2.74116         0
683         2   6.70544   4.26599   2.43946  -8.07238         0
684         0   6.70544        10  -3.29456   2.74116         0
685         2   6.70544   4.26599   2.43946  -8.07238         0
686         0   6.70544        10  -3.29456   2.74116         0
687         2   6.70544   4.26599   2.43946  -8.42324         0
688         0   6.70544        10  -3.29456   2.74116         0
689         2   6.70544   4.26599   2.43946   -7.0827         0
690         0   6.70544        10  -3.29456   2.74116         0
691         2   6.70544   4.26599   2.43946   -7.0827         0
692         0   6.70544        10  -3.29456   2.74116         0
693         2   6.70544   4.26599   2.43946   -7.0827         0
694         0   6.70544        10  -3.29456   2.74116         0
695         2   6.70544   4.26599   2.43946   -7.0827         0
696         0   6.70544        10  -3.29456   2.74116         0
697         2   6.70544   4.26599   2.43946 -0.574394         1
698         0   6.70544        10  -3.29456   3.31555         0
699         2   6.70544   4.26599   2.43946  0.574394         1
700         0   6.70544        10  -3.29456   2.74116         0
701         2   6.70544   4.26599   2.43946 -0.574394         0
702         0   6.70544        10  -3.29456   2.74116         0
703         2   6.70544   4.26599   2.43946 -0.574394         1
704         0   6.70544        10  -3.29456   3.31555         0
705         2   6.70544   4.26599   2.43946  0.574394         1
706         0   6.70544        10  -3.29456   2.74116         0
707         2   6.70544   4.26599   2.43946 -0.574394         1
708         0   6.70544        10  -3.29456   3.31555         0
709         2   6.70544   4.26599   2.43946  0.574394         1
710         0   6.70544        10  -3.29456   2.60399         0
711         2   6.70544   4.26599   2.43946 -0.711563         0
712         0   6.70544        10  -3.29456   2.60399         0
713         2   6.70544   4.26599   2.43946 -0.711563         0
714         0   6.70544        10  -3.29456   2.60399         0
715         2   6.70544   4.26599   2.43946 -0.711563         1
716         0   6.70544        10  -3.29456   3.31555         0
717         2   6.70544   4.26599   2.43946  0.711563         1
718         0   6.70544        10  -3.29456   2.35094         0
719         2   6.70544   4.26599   2.43946 -0.964605         0
720         0   6.70544        10  -3.29456   2.35094         0
721         2   6.70544   4.26599   2.43946 -0.964605         0
722         0   6.70544        10  -3.29456   2.35094         0
723         2   6.70544   4.26599   2.43946   1.49635         1
724         0   6.70544        10  -3.29456  0.854596         0
725         2   6.70544   4.26599   2.43946  -1.49635         0
726         0   6.70544        10  -3.29456  0.854596         0
727         2   6.70544   4.26599   2.43946  -1.49635         0
728         0   6.70544        10  -3.29456  0.854596         0
729         2   6.70544   4.26599   2.43946  -1.49635         0
730         0   6.70544        10  -3.29456  0.854596         0
731         2   6.70544   4.26599   2.43946  -1.49635         0
732         0   6.70544        10  -3.29456  0.854596         0
733         2   6.70544   4.26599   2.43946  0.429631         1
734         0   6.70544        10  -3.29456  0.424965         1
735         2   6.70544   4.26599   2.43946 -0.854596         0
736         0   6.70544        10  -3.29456 -0.424965         1
737         2   6.70544   4.26599   2.43946 -0.429631         0
738         0   6.70544        10  -3.29456  0.424965         0
739         2   6.70544   4.26599   2.43946 -0.429631         0
740         0   6.70544        10  -3.29456  0.424965         0
741         2   6.70544   4.26599   2.43946 -0.429631         1
742         0   6.70544        10  -3.29456  0.854596         0
743         2   6.70544   4.26599   2.43946  0.429631         1
744         0   6.70544        10  -3.29456  0.424965         0
745         2   6.70544   4.26599   2.43946 -0.429631         1
746         0   6.70544        10  -3.29456  0.854596         0
747         2   6.70544   4.26599   2.43946  0.429631         1
748         0   6.70544        10  -3.29456  0.424965         0
749         2   6.70544   4.26599   2.43946 -0.429631         0
750         0   6.70544        10  -3.29456  0.424965         0
751         2   6.70544   4.26599   2.43946 -0.429631         0
752         0   6.70544        10  -3.29456  0.424965         0
753         2   6.70544   4.26599   2.43946 -0.429631         1
754         0   6.70544        10  -3.29456  0.854596         0
755         2   6.70544   4.26599   2.43946  0.429631         1
756         0   6.70544        10  -3.29456  0.424965         0
757         2   6.70544   4.26599   2.43946 -0.429631         0
758         0   6.70544        10  -3.29456  0.424965         0
759         2   6.70544   4.26599   2.43946 -0.429631         0
760         0   6.70544        10  -3.29456  0.424965         0
761         2   6.70544   4.26599   2.43946 -0.429631         1
762         0   6.70544        10  -3.29456  0.854596         0
763         2   6.70544   4.26599   2.43946  0.429631         1
764         0   6.70544        10  -3.29456  0.424965         1
765         2   6.70544   4.26599   2.43946 -0.854596         0
766         0   6.70544        10  -3.29456 -0.424965         1
767         2   6.70544   4.26599   2.43946 -0.429631         1
768         0   6.70544        10  -3.29456  0.854596         0
769         2   6.70544   4.26599   2.43946  0.429631         1
770         0   6.70544        10  -3.29456  0.424965         0
771         2   6.70544   4.26599   2.43946 -0.429631         0
772         0   6.70544        10  -3.29456  0.424965         1
773         2   6.70544   4.26599   2.43946 -0.854596         0
774         0   6.70544        10  -3.29456 -0.424965         1
775         2   6.70544   4.26599   2.43946 -0.429631         1
776         0   6.70544        10  -3.29456  0.854596         0
777         2   6.70544   4.26599   2.43946  0.429631         1
778         0   6.70544        10  -3.29456  0.424965         0
779         2   6.70544   4.26599   2.43946 -0.429631         1
780         0   6.70544        10  -3.29456  0.854596         0
781         2   6.70544   4.26599   2.43946  0.429631         1
782         0   6.70544        10  -3.29456  0.424965         0
783         2   6.70544   4.26599   2.43946 -0.429631         1
784         0   6.70544        10  -3.29456  0.854596         0
785         2   6.70544   4.26599   2.43946  0.429631         1
786         0   6.70544        10  -3.29456  0.424965         0
787         2   6.70544   4.26599   2.43946 -0.429631         1
788         0   6.70544        10  -3.29456  0.854596         0
789         2   6.70544   4.26599   2.43946  0.429631         1
790         0   6.70544        10  -3.29456  0.424965         1
791         2   6.70544   4.26599   2.43946 -0.854596         0
792         0   6.70544        10  -3.29456 -0.424965         1
793         2   6.70544   4.26599   2.43946 -0.429631         0
794         0   6.70544        10  -3.29456  0.424965         0
795         2   6.70544   4.26599   2.43946 -0.429631         1
796         0   6.70544        10  -3.29456  0.854596         0
797         2   6.70544   4.26599   2.43946  0.429631         1
798         0   6.70544        10  -3.29456  0.424965         0
799         2   6.70544   4.26599   2.43946 -0.429631         1
800         0   6.70544        10  -3.29456  0.854596         0
801         2   6.70544   4.26599   2.43946  0.429631         1
802         0   6.70544        10  -3.29456  0.424965         0
803         2   6.70544   4.26599   2.43946 -0.429631         1
804         0   6.70544        10  -3.29456  0.854596         0
805         2   6.70544   4.26599   2.43946  0.429631         1
806         0   6.70544        10  -3.29456  0.424965         0
807         2   6.70544   4.26599   2.43946 -0.429631         1
808         0   6.70544        10  -3.29456  0.854596         0
809         2   6.70544   4.26599   2.43946  0.429631         1
810         0   6.70544        10  -3.29456  0.424965         0
811         2   6.70544   4.26599   2.43946 -0.429631         1
812         0   6.70544        10  -3.29456  0.854596         0
813         2   6.70544   4.26599   2.43946  0.429631         1
814         0   6.70544        10  -3.29456  0.424965         0
815         2   6.70544   4.26599   2.43946 -0.429631         1
816         0   6.70544        10  -3.29456  0.854596         1
817         2   6.70544   4.26599   2.43946 -0.424965         0
818         0   6.70544        10  -3.29456 -0.854596         1
819         2   6.70544   4.26599   2.43946  0.429631         1
820         0   6.70544        10  -3.29456  0.424965         0
821         2   6.70544   4.26599   2.43946 -0.429631         1
822         0   6.70544        10  -3.29456  0.854596         0
823         2   6.70544   4.26599   2.43946  0.429631         1
824         0   6.70544        10  -3.29456  0.424965         0
825         2   6.70544   4.26599   2.43946 -0.429631         0
826         0   6.70544        10  -3.29456  0.424965         0
827         2   6.70544   4.26599   2.43946 -0.429631         0
828         0   6.70544        10  -3.29456  0.424965         0
829         2   6.70544   4.26599   2.43946 -0.429631         0
830         0   6.70544        10  -3.29456  0.424965         0
831         2   6.70544   4.26599   2.43946 -0.429631         0
832         0   6.70544        10  -3.29456  0.424965         0
833         2   6.70544   4.26599   2.43946 -0.429631         1
834         0   6.70544        10  -3.29456  0.854596         0
835         2   6.70544   4.26599   2.43946  0.429631         1
836         0   6.70544        10  -3.29456  0.424965         1
837         2   6.70544   4.26599   2.43946 -0.854596         1
838         0   6.70544        10  -3.29456  0.429631         1
839         2   6.70544   4.26599   2.43946  0.424965         1
840         0   6.70544        10  -3.29456 -0.854596         1
841         2   6.70544   4.26599   2.43946  0.429631         1
842         0   6.70544        10  -3.29456  0.424965         0
843         2   6.70544   4.26599   2.43946 -0.429631         0
844         0   6.70544        10  -3.29456  0.424965         1
845         2   6.70544   4.26599   2.43946 -0.854596         0
846         0   6.70544        10  -3.29456 -0.424965         1
847         2   6.70544   4.26599   2.43946 -0.429631         0
848         0   6.70544        10  -3.29456  0.424965         0
849         2   6.70544   4.26599   2.43946 -0.429631         0
850         0   6.70544        10  -3.29456  0.424965         0
851         2   6.70544   4.26599   2.43946 -0.429631         0
852         0   6.70544        10  -3.29456  0.424965         0
853         2   6.70544   4.26599   2.43946 -0.429631         1
854         0   6.70544        10  -3.29456  0.854596         0
855         2   6.70544   4.26599   2.43946  0.429631         1
856         0   6.70544        10  -3.29456  0.424965         0
857         2   6.70544   4.26599   2.43946 -0.429631         0
858         0   6.70544        10  -3.29456  0.424965         0
859         2   6.70544   4.26599   2.43946 -0.429631         0
860         0   6.70544        10  -3.29456  0.424965         0
861         2   6.70544   4.26599   2.43946 -0.429631         0
862         0   6.70544        10  -3.29456  0.424965         1
863         2   6.70544   4.26599   2.43946 -0.854596         0
864         0   6.70544        10  -3.29456 -0.424965         1
865         2   6.70544   4.26599   2.43946 -0.429631         0
866         0   6.70544        10  -3.29456  0.424965         1
867         2   6.70544   4.26599   2.43946 -0.854596         0
868         0   6.70544        10  -3.29456 -0.424965         1
869         2   6.70544   4.26599   2.43946 -0.429631         1
870         0   6.70544        10  -3.29456  0.854596         0
871         2   6.70544   4.26599   2.43946  0.429631         1
872         0   6.70544        10  -3.29456  0.424965         0
873         2   6.70544   4.26599   2.43946 -0.429631         0
874         0   6.70544        10  -3.29456  0.424965         0
875         2   6.70544   4.26599   2.43946 -0.429631         1
876         0   6.70544        10  -3.29456  0.854596         0
877         2   6.70544   4.26599   2.43946  0.429631         1
878         0   6.70544        10  -3.29456  0.424965         0
879         2   6.70544   4.26599   2.43946 -0.429631         0
880         0   6.70544        10  -3.29456  0.424965         0
881         2   6.70544   4.26599   2.43946 -0.429631         0
882         0   6.70544        10  -3.29456  0.424965         0
883         2   6.70544   4.26599   2.43946 -0.429631         0
884         0   6.70544        10  -3.29456  0.424965         1
885         2   6.70544   4.26599   2.43946 -0.854596         0
886         0   6.70544        10  -3.29456 -0.424965         1
887         2   6.70544   4.26599   2.43946 -0.429631         0
888         0   6.70544        10  -3.29456  0.424965         0
889         2   6.70544   4.26599   2.43946 -0.429631         0
890         0   6.70544        10  -3.29456  0.424965         0
891         2   6.70544   4.26599   2.43946 -0.998221         0
892         0   6.70544        10  -3.29456  0.424965         0
893         2   6.70544   4.26599   2.43946 -0.429631         0
894         0   6.70544        10  -3.29456  0.424965         1
895         2   6.70544   4.26599   2.43946  -1.42319         0
896         0   6.70544        10  -3.29456 -0.424965         1
897         2   6.70544   4.26599   2.43946 -0.429631         1
898         0   6.70544        10  -3.29456  0.854596         0
899         2   6.70544   4.26599   2.43946  0.429631         1
900         0   6.70544        10  -3.29456  0.424965         0
901         2   6.70544   4.26599   2.43946 -0.429631         1
902         0   6.70544        10  -3.29456  0.854596         0
903         2   6.70544   4.26599   2.43946  0.429631         1
904         0   6.70544        10  -3.29456  0.424965         0
905         2   6.70544   4.26599   2.43946 -0.429631         1
906         0   6.70544        10  -3.29456  0.854596         0
907         2   6.70544   4.26599   2.43946  0.429631         1
908         0   6.70544        10  -3.29456  0.424965         1
909         2   6.70544   4.26599   2.43946 -0.854596         0
910         0   6.70544        10  -3.29456 -0.424965         1
911         2   6.70544   4.26599   2.43946 -0.429631         0
912         0   6.70544        10  -3.29456  0.424965         1
913         2   6.70544   4.26599   2.43946 -0.854596         0
914         0   6.70544        10  -3.29456 -0.424965         1
915         2   6.70544   4.26599   2.43946 -0.429631         0
916         0   6.70544        10  -3.29456  0.424965         1
917         2   6.70544   4.26599   2.43946 -0.854596         0
918         0   6.70544        10  -3.29456 -0.424965         1
919         2   6.70544   4.26599   2.43946 -0.998221         0
920         0   6.70544        10  -3.29456  0.424965         0
921         2   6.70544   4.26599   2.43946 -0.429631         0
922         0   6.70544        10  -3.29456  0.424965         0
923         2   6.70544   4.26599   2.43946 -0.998221         0
924         0   6.70544        10  -3.29456  0.424965         1
925         2   6.70544   4.26599   2.43946 -0.854596         0
926         0   6.70544        10  -3.29456 -0.424965         1
927         2   6.70544   4.26599   2.43946 -0.429631         0
928         0   6.70544        10  -3.29456  0.424965         0
929         2   6.70544   4.26599   2.43946 -0.429631         0
930         0   6.70544        10  -3.29456  0.424965         0
931         2   6.70544   4.26599   2.43946 -0.998221         0
932         0   6.70544        10  -3.29456  0.424965         0
933         2   6.70544   4.26599   2.43946 -0.429631         1
934         0   6.70544        10  -3.29456  0.854596         0
935         2   6.70544   4.26599   2.43946  0.429631         1
936         0   6.70544        10  -3.29456  0.424965         0
937         2   6.70544   4.26599   2.43946 -0.998221         0
938         0   6.70544        10  -3.29456  0.424965         0
939         2   6.70544   4.26599   2.43946 -0.429631         1
940         0   6.70544        10  -3.29456  0.854596         0
941         2   6.70544   4.26599   2.43946  -0.56859         0
942         0   6.70544        10  -3.29456  0.854596         0
943         2   6.70544   4.26599   2.43946  0.429631         1
944         0   6.70544        10  -3.29456  0.424965         1
945         2   6.70544   4.26599   2.43946 -0.854596         0
946         0   6.70544        10  -3.29456 -0.424965         1
947         2   6.70544   4.26599   2.43946 -0.429631         0
948         0   6.70544        10  -3.29456  0.424965         0
949         2   6.70544   4.26599   2.43946 -0.998221         0
950         0   6.70544        10  -3.29456  0.424965         1
951         2   6.70544   4.26599   2.43946 -0.854596         0
952         0   6.70544        10  -3.29456 -0.424965         1
953         2   6.70544   4.26599   2.43946 -0.429631         1
954         0   6.70544        10  -3.29456  0.854596         0
955         2   6.70544   4.26599   2.43946  0.429631         1
956         0   6.70544        10  -3.29456  0.424965         0
957         2   6.70544   4.26599   2.43946 -0.998221         0
958         0   6.70544        10  -3.29456  0.424965         1
959         2   6.70544   4.26599   2.43946 -0.854596         0
960         0   6.70544        10  -3.29456 -0.424965         1
961         2   6.70544   4.26599   2.43946 -0.717256         0
962         0   6.70544        10  -3.29456  0.424965         0
963         2   6.70544   4.26599   2.43946 -0.717256         0
964         0   6.70544        10  -3.29456  0.424965         0
965         2   6.70544   4.26599   2.43946 -0.717256         0
966         0   6.70544        10  -3.29456  0.424965         0
967         2   6.70544   4.26599   2.43946 -0.998221         0
968         0   6.70544        10  -3.29456  0.424965         0
969         2   6.70544   4.26599   2.43946 -0.717256         0
970         0   6.70544        10  -3.29456  0.424965         1
971         2   6.70544   4.26599   2.43946  -1.14222         0
972         0   6.70544        10  -3.29456 -0.424965         1
973         2   6.70544   4.26599   2.43946 -0.717256         0
974         0   6.70544        10  -3.29456  0.424965         0
975         2   6.70544   4.26599   2.43946 -0.717256         1
976         0   6.70544        10  -3.29456   1.14222         0
977         2   6.70544   4.26599   2.43946  0.717256         1
978         0   6.70544        10  -3.29456  0.424965         0
979         2   6.70544   4.26599   2.43946 -0.998221         0
980         0   6.70544        10  -3.29456  0.424965         0
981         2   6.70544   4.26599   2.43946 -0.717256         0
982         0   6.70544        10  -3.29456  0.424965         0
983         2   6.70544   4.26599   2.43946 -0.717256         0
984         0   6.70544        10  -3.29456  0.424965         0
985         2   6.70544   4.26599   2.43946 -0.998221         0
986         0   6.70544        10  -3.29456  0.424965         1
987         2   6.70544   4.26599   2.43946  -1.14222         0
988         0   6.70544        10  -3.29456 -0.424965         1
989         2   6.70544   4.26599   2.43946 -0.998221         0
990         0   6.70544        10  -3.29456  0.424965         1
991         2   6.70544   4.26599   2.43946  -1.14222         0
992         0   6.70544        10  -3.29456 -0.424965         1
993         2   6.70544   4.26599   2.43946 -0.998221         0
994         0   6.70544        10  -3.29456  0.424965         0
995         2   6.70544   4.26599   2.43946 -0.717256         0
996         0   6.70544        10  -3.29456  0.424965         0
997         2   6.70544   4.26599   2.43946 -0.998221         0
998         0   6.70544        10  -3.29456  0.424965         0
999         2   6.70544   4.26599   2.43946 -0.717256         0
