#BLOCK   PARTNER   MY_BETA PART_BETA   DELTA_BDELTA_E  ACCEPTED
0         5   1.57735   1.10206  0.475288   21.2023         1
1         3   1.57735   2.59099  -1.01364  -5.43634         1
2         5   1.57735   1.10206  0.475288  -5.36859         0
3         3   1.57735   2.59099  -1.01364  -4.29582         1
4         5   1.57735   1.10206  0.475288   3.14602         1
5         3   1.57735   2.59099  -1.01364  -4.49805         1
6         5   1.57735   1.10206  0.475288   7.70555         1
7         3   1.57735   2.59099  -1.01364 -0.363278         1
8         5   1.57735   1.10206  0.475288   6.86232         1
9         3   1.57735   2.59099  -1.01364   -4.5112         1
10         5   1.57735   1.10206  0.475288  -2.35112         0
11         3   1.57735   2.59099  -1.01364   1.56255         0
12         5   1.57735   1.10206  0.475288  -5.29978         0
13         3   1.57735   2.59099  -1.01364   1.56255         0
14         5   1.57735   1.10206  0.475288  -5.29978         0
15         3   1.57735   2.59099  -1.01364   1.56255         0
16         5   1.57735   1.10206  0.475288  -3.35924         0
17         3   1.57735   2.59099  -1.01364   -1.8608         1
18         5   1.57735   1.10206  0.475288   7.45268         1
19         3   1.57735   2.59099  -1.01364  -10.7107         1
20         5   1.57735   1.10206  0.475288  -6.78259         0
21         3   1.57735   2.59099  -1.01364   8.84949         0
22         5   1.57735   1.10206  0.475288   10.6638         1
23         3   1.57735   2.59099  -1.01364   -9.1792         1
24         5   1.57735   1.10206  0.475288  -1.48455         0
25         3   1.57735   2.59099  -1.01364   7.28695         0
26         5   1.57735   1.10206  0.475288  0.201401         1
27         3   1.57735   2.59099  -1.01364   6.03108         0
28         5   1.57735   1.10206  0.475288  -14.2412         0
29         3   1.57735   2.59099  -1.01364    10.762         0
30         5   1.57735   1.10206  0.475288   1.51042         1
31         3   1.57735   2.59099  -1.01364   4.52066         0
32         5   1.57735   1.10206  0.475288  -2.12861         0
33         3   1.57735   2.59099  -1.01364   5.89173         0
34         5   1.57735   1.10206  0.475288   1.80218         1
35         3   1.57735   2.59099  -1.01364   4.08956         0
36         5   1.57735   1.10206  0.475288  -1.80218         0
37         3   1.57735   2.59099  -1.01364   5.14237         0
38         5   1.57735   1.10206  0.475288  -2.02703         0
39         3   1.57735   2.59099  -1.01364   3.66479         1
40         5   1.57735   1.10206  0.475288  -6.94455         0
41         3   1.57735   2.59099  -1.01364  -3.66479         1
42         5   1.57735   1.10206  0.475288   2.10109         1
43         3   1.57735   2.59099  -1.01364    1.5637         0
44         5   1.57735   1.10206  0.475288  -5.38085         0
45         3   1.57735   2.59099  -1.01364    1.5637         0
46         5   1.57735   1.10206  0.475288  -2.65553         0
47         3   1.57735   2.59099  -1.01364  0.733797         1
48         5   1.57735   1.10206  0.475288  -5.58287         0
49         3   1.57735   2.59099  -1.01364 -0.733797         1
50         5   1.57735   1.10206  0.475288  -4.01763         0
51         3   1.57735   2.59099  -1.01364   1.56524         0
52         5   1.57735   1.10206  0.475288  -6.74295         0
53         3   1.57735   2.59099  -1.01364   1.56524         1
54         5   1.57735   1.10206  0.475288  -7.76363         0
55         3   1.57735   2.59099  -1.01364  -1.56524         1
56         5   1.57735   1.10206  0.475288  -7.11505         0
57         3   1.57735   2.59099  -1.01364   1.56524         0
58         5   1.57735   1.10206  0.475288  -2.38855         1
59         3   1.57735   2.59099  -1.01364    3.9538         0
60         5   1.57735   1.10206  0.475288  -5.02042         0
61         3   1.57735   2.59099  -1.01364    3.9538         0
62         5   1.57735   1.10206  0.475288   3.72174         1
63         3   1.57735   2.59099  -1.01364 -0.119072         1
64         5   1.57735   1.10206  0.475288  -11.3798         0
65         3   1.57735   2.59099  -1.01364   2.40296         0
66         5   1.57735   1.10206  0.475288  -6.35935         0
67         3   1.57735   2.59099  -1.01364   2.40296         0
68         5   1.57735   1.10206  0.475288  -6.35935         0
69         3   1.57735   2.59099  -1.01364   2.40296         0
70         5   1.57735   1.10206  0.475288  -4.96772         0
71         3   1.57735   2.59099  -1.01364   2.40296         0
72         5   1.57735   1.10206  0.475288  -5.27973         0
73         3   1.57735   2.59099  -1.01364   2.40296         0
74         5   1.57735   1.10206  0.475288  -6.94522         0
75         3   1.57735   2.59099  -1.01364  -1.19231         1
76         5   1.57735   1.10206  0.475288  -7.45719         0
77         3   1.57735   2.59099  -1.01364   1.26265         0
78         5   1.57735   1.10206  0.475288  -6.79188         0
79         3   1.57735   2.59099  -1.01364  0.805349         0
80         5   1.57735   1.10206  0.475288  -4.63967         0
81         3   1.57735   2.59099  -1.01364  0.875695         1
82         5   1.57735   1.10206  0.475288  -4.50321         0
83         3   1.57735   2.59099  -1.01364 -0.875695         1
84         5   1.57735   1.10206  0.475288  -4.07608         0
85         3   1.57735   2.59099  -1.01364  0.875695         0
86         5   1.57735   1.10206  0.475288  -3.62752         0
87         3   1.57735   2.59099  -1.01364  0.875695         0
88         5   1.57735   1.10206  0.475288  -3.62752         0
89         3   1.57735   2.59099  -1.01364  0.875695         1
90         5   1.57735   1.10206  0.475288  -4.95177         0
91         3   1.57735   2.59099  -1.01364 -0.875695         1
92         5   1.57735   1.10206  0.475288  -2.68138         0
93         3   1.57735   2.59099  -1.01364  0.875695         0
94         5   1.57735   1.10206  0.475288   7.45139         1
95         3   1.57735   2.59099  -1.01364  -6.57569         1
96         5   1.57735   1.10206  0.475288   1.01592         1
97         3   1.57735   2.59099  -1.01364   1.49401         0
98         5   1.57735   1.10206  0.475288  -1.89162         1
99         3   1.57735   2.59099  -1.01364   4.84643         0
100         5   1.57735   1.10206  0.475288  0.875695         1
101         3   1.57735   2.59099  -1.01364   2.93942         0
102         5   1.57735   1.10206  0.475288   1.01592         1
103         3   1.57735   2.59099  -1.01364   1.92349         0
104         5   1.57735   1.10206  0.475288  -1.89162         0
105         3   1.57735   2.59099  -1.01364   1.92349         0
106         5   1.57735   1.10206  0.475288  -3.89603         1
107         3   1.57735   2.59099  -1.01364   2.93942         0
108         5   1.57735   1.10206  0.475288 -0.875695         1
109         3   1.57735   2.59099  -1.01364   3.81511         0
110         5   1.57735   1.10206  0.475288   5.49019         1
111         3   1.57735   2.59099  -1.01364  -0.64376         1
112         5   1.57735   1.10206  0.475288  -3.97073         0
113         3   1.57735   2.59099  -1.01364   0.64376         1
114         5   1.57735   1.10206  0.475288  -5.49019         0
115         3   1.57735   2.59099  -1.01364  -0.64376         1
116         5   1.57735   1.10206  0.475288  -3.77118         0
117         3   1.57735   2.59099  -1.01364   0.64376         1
118         5   1.57735   1.10206  0.475288  -5.49019         0
119         3   1.57735   2.59099  -1.01364  -0.64376         1
120         5   1.57735   1.10206  0.475288  -3.73248         0
121         3   1.57735   2.59099  -1.01364   0.64376         0
122         5   1.57735   1.10206  0.475288  -3.73248         0
123         3   1.57735   2.59099  -1.01364   0.64376         0
124         5   1.57735   1.10206  0.475288  -4.84643         0
125         3   1.57735   2.59099  -1.01364   0.64376         1
126         5   1.57735   1.10206  0.475288  -4.37624         0
127         3   1.57735   2.59099  -1.01364  -0.64376         1
128         5   1.57735   1.10206  0.475288  -4.84643         0
129         3   1.57735   2.59099  -1.01364   0.64376         0
130         5   1.57735   1.10206  0.475288  -3.73248         0
131         3   1.57735   2.59099  -1.01364   1.12117         1
132         5   1.57735   1.10206  0.475288  -5.99912         0
133         3   1.57735   2.59099  -1.01364  -1.12117         1
134         5   1.57735   1.10206  0.475288  -1.86144         1
135         3   1.57735   2.59099  -1.01364   2.98261         0
136         5   1.57735   1.10206  0.475288  -3.01651         0
137         3   1.57735   2.59099  -1.01364   2.98261         0
138         5   1.57735   1.10206  0.475288   1.19147         1
139         3   1.57735   2.59099  -1.01364   1.12117         1
140         5   1.57735   1.10206  0.475288  -5.99912         0
141         3   1.57735   2.59099  -1.01364  -1.12117         1
142         5   1.57735   1.10206  0.475288  -1.19147         1
143         3   1.57735   2.59099  -1.01364   2.31264         1
144         5   1.57735   1.10206  0.475288  -12.2937         0
145         3   1.57735   2.59099  -1.01364   -4.3235         1
146         5   1.57735   1.10206  0.475288  -5.33176         0
147         3   1.57735   2.59099  -1.01364   4.27384         0
148         5   1.57735   1.10206  0.475288  -7.24435         0
149         3   1.57735   2.59099  -1.01364   4.27384         0
150         5   1.57735   1.10206  0.475288  -5.33176         0
151         3   1.57735   2.59099  -1.01364   4.27384         0
152         5   1.57735   1.10206  0.475288   -8.5233         0
153         3   1.57735   2.59099  -1.01364   4.76963         0
154         5   1.57735   1.10206  0.475288  -5.33176         0
155         3   1.57735   2.59099  -1.01364   4.27384         0
156         5   1.57735   1.10206  0.475288  -5.33176         0
157         3   1.57735   2.59099  -1.01364   4.27384         0
158         5   1.57735   1.10206  0.475288   0.70996         1
159         3   1.57735   2.59099  -1.01364   4.05967         0
160         5   1.57735   1.10206  0.475288  -6.04172         0
161         3   1.57735   2.59099  -1.01364   3.56388         0
162         5   1.57735   1.10206  0.475288  -0.70996         1
163         3   1.57735   2.59099  -1.01364   4.76963         0
164         5   1.57735   1.10206  0.475288  -5.57128         0
165         3   1.57735   2.59099  -1.01364   4.27384         0
166         5   1.57735   1.10206  0.475288   0.70996         1
167         3   1.57735   2.59099  -1.01364   3.56388         0
168         5   1.57735   1.10206  0.475288  -6.28124         0
169         3   1.57735   2.59099  -1.01364   3.56388         0
170         5   1.57735   1.10206  0.475288  -0.70996         1
171         3   1.57735   2.59099  -1.01364   4.27384         0
172         5   1.57735   1.10206  0.475288   0.70996         1
173         3   1.57735   2.59099  -1.01364   3.56388         0
174         5   1.57735   1.10206  0.475288  -6.28124         0
175         3   1.57735   2.59099  -1.01364   3.56388         0
176         5   1.57735   1.10206  0.475288  -0.70996         0
177         3   1.57735   2.59099  -1.01364   3.56388         0
178         5   1.57735   1.10206  0.475288  -6.28124         1
179         3   1.57735   2.59099  -1.01364   9.84512         0
180         5   1.57735   1.10206  0.475288   5.57128         1
181         3   1.57735   2.59099  -1.01364   4.27384         0
182         5   1.57735   1.10206  0.475288   0.70996         1
183         3   1.57735   2.59099  -1.01364   3.56388         0
184         5   1.57735   1.10206  0.475288  -0.70996         0
185         3   1.57735   2.59099  -1.01364   3.56388         0
186         5   1.57735   1.10206  0.475288  -0.70996         1
187         3   1.57735   2.59099  -1.01364   4.27384         0
188         5   1.57735   1.10206  0.475288  -5.57128         0
189         3   1.57735   2.59099  -1.01364   4.27384         0
190         5   1.57735   1.10206  0.475288   0.70996         1
191         3   1.57735   2.59099  -1.01364   3.56388         0
192         5   1.57735   1.10206  0.475288  -6.28124         0
193         3   1.57735   2.59099  -1.01364   3.56388         0
194         5   1.57735   1.10206  0.475288  -1.02682         1
195         3   1.57735   2.59099  -1.01364    4.5907         0
196         5   1.57735   1.10206  0.475288   1.02682         1
197         3   1.57735   2.59099  -1.01364   3.56388         0
198         5   1.57735   1.10206  0.475288  -6.28124         0
199         3   1.57735   2.59099  -1.01364   3.56388         0
200         5   1.57735   1.10206  0.475288  -1.02682         1
201         3   1.57735   2.59099  -1.01364    4.5907         0
202         5   1.57735   1.10206  0.475288   1.02682         1
203         3   1.57735   2.59099  -1.01364   3.56388         0
204         5   1.57735   1.10206  0.475288  -1.02682         1
205         3   1.57735   2.59099  -1.01364    4.5907         0
206         5   1.57735   1.10206  0.475288   1.02682         1
207         3   1.57735   2.59099  -1.01364   3.56388         0
208         5   1.57735   1.10206  0.475288  -1.02682         1
209         3   1.57735   2.59099  -1.01364    4.5907         0
210         5   1.57735   1.10206  0.475288   1.02682         1
211         3   1.57735   2.59099  -1.01364   3.56388         0
212         5   1.57735   1.10206  0.475288  -3.58654         1
213         3   1.57735   2.59099  -1.01364   5.64111         0
214         5   1.57735   1.10206  0.475288    1.0504         1
215         3   1.57735   2.59099  -1.01364    6.3735         0
216         5   1.57735   1.10206  0.475288   1.02682         1
217         3   1.57735   2.59099  -1.01364    8.7621         0
218         5   1.57735   1.10206  0.475288  -2.07723         0
219         3   1.57735   2.59099  -1.01364   8.42039         0
220         5   1.57735   1.10206  0.475288  -1.02682         1
221         3   1.57735   2.59099  -1.01364   8.87014         0
222         5   1.57735   1.10206  0.475288   -1.0504         0
223         3   1.57735   2.59099  -1.01364   9.44721         0
224         5   1.57735   1.10206  0.475288   1.02682         1
225         3   1.57735   2.59099  -1.01364   7.84332         0
226         5   1.57735   1.10206  0.475288  -2.07723         0
227         3   1.57735   2.59099  -1.01364   12.2018         0
228         5   1.57735   1.10206  0.475288  -1.02682         0
229         3   1.57735   2.59099  -1.01364   7.84332         0
230         5   1.57735   1.10206  0.475288  -6.24927         0
231         3   1.57735   2.59099  -1.01364   7.84332         0
232         5   1.57735   1.10206  0.475288  -1.02682         1
233         3   1.57735   2.59099  -1.01364   8.87014         0
234         5   1.57735   1.10206  0.475288   -4.1367         0
235         3   1.57735   2.59099  -1.01364   8.87014         0
236         5   1.57735   1.10206  0.475288   1.02682         1
237         3   1.57735   2.59099  -1.01364   7.84332         0
238         5   1.57735   1.10206  0.475288  -1.02682         0
239         3   1.57735   2.59099  -1.01364   7.84332         0
240         5   1.57735   1.10206  0.475288  -5.16353         0
241         3   1.57735   2.59099  -1.01364   7.84332         0
242         5   1.57735   1.10206  0.475288  -1.02682         1
243         3   1.57735   2.59099  -1.01364   8.87014         0
244         5   1.57735   1.10206  0.475288   1.02682         1
245         3   1.57735   2.59099  -1.01364   7.84332         0
246         5   1.57735   1.10206  0.475288  -1.02682         1
247         3   1.57735   2.59099  -1.01364   8.87014         0
248         5   1.57735   1.10206  0.475288  -2.59006         0
249         3   1.57735   2.59099  -1.01364   8.87014         0
250         5   1.57735   1.10206  0.475288   1.02682         1
251         3   1.57735   2.59099  -1.01364   7.84332         0
252         5   1.57735   1.10206  0.475288  -3.61688         0
253         3   1.57735   2.59099  -1.01364   7.84332         0
254         5   1.57735   1.10206  0.475288  -1.02682         1
255         3   1.57735   2.59099  -1.01364   8.87014         0
256         5   1.57735   1.10206  0.475288  -2.79412         1
257         3   1.57735   2.59099  -1.01364   11.6643         0
258         5   1.57735   1.10206  0.475288   3.80752         1
259         3   1.57735   2.59099  -1.01364   7.84332         0
260         5   1.57735   1.10206  0.475288  -1.02682         1
261         3   1.57735   2.59099  -1.01364   8.87014         0
262         5   1.57735   1.10206  0.475288-0.0141072         1
263         3   1.57735   2.59099  -1.01364   8.88425         0
264         5   1.57735   1.10206  0.475288   1.04093         1
265         3   1.57735   2.59099  -1.01364   7.84332         0
266         5   1.57735   1.10206  0.475288  -1.02682         0
267         3   1.57735   2.59099  -1.01364   7.84332         0
268         5   1.57735   1.10206  0.475288 0.0502364         1
269         3   1.57735   2.59099  -1.01364   7.79309         0
270         5   1.57735   1.10206  0.475288  -1.07706         1
271         3   1.57735   2.59099  -1.01364   8.87014         0
272         5   1.57735   1.10206  0.475288   1.02682         1
273         3   1.57735   2.59099  -1.01364   7.84332         0
274         5   1.57735   1.10206  0.475288 0.0502364         1
275         3   1.57735   2.59099  -1.01364   7.79309         0
276         5   1.57735   1.10206  0.475288  -1.07706         0
277         3   1.57735   2.59099  -1.01364   7.79309         0
278         5   1.57735   1.10206  0.475288-0.0502364         1
279         3   1.57735   2.59099  -1.01364   7.84332         0
280         5   1.57735   1.10206  0.475288 -0.932267         0
281         3   1.57735   2.59099  -1.01364   7.84332         0
282         5   1.57735   1.10206  0.475288 0.0502364         1
283         3   1.57735   2.59099  -1.01364   7.79309         0
284         5   1.57735   1.10206  0.475288   -1.1578         0
285         3   1.57735   2.59099  -1.01364   7.79309         0
286         5   1.57735   1.10206  0.475288-0.0502364         1
287         3   1.57735   2.59099  -1.01364   7.84332         0
288         5   1.57735   1.10206  0.475288  -1.22728         1
289         3   1.57735   2.59099  -1.01364    9.0706         0
290         5   1.57735   1.10206  0.475288   1.27751         1
291         3   1.57735   2.59099  -1.01364   7.79309         0
292         5   1.57735   1.10206  0.475288-0.0502364         1
293         3   1.57735   2.59099  -1.01364   7.84332         0
294         5   1.57735   1.10206  0.475288  -1.22728         0
295         3   1.57735   2.59099  -1.01364   7.84332         0
296         5   1.57735   1.10206  0.475288 0.0502364         1
297         3   1.57735   2.59099  -1.01364   7.79309         0
298         5   1.57735   1.10206  0.475288  -1.27751         1
299         3   1.57735   2.59099  -1.01364    9.0706         0
300         5   1.57735   1.10206  0.475288   1.45922         1
301         3   1.57735   2.59099  -1.01364   7.61138         0
302         5   1.57735   1.10206  0.475288   3.02325         1
303         3   1.57735   2.59099  -1.01364   4.58814         0
304         5   1.57735   1.10206  0.475288  -4.48246         1
305         3   1.57735   2.59099  -1.01364    9.0706         0
306         5   1.57735   1.10206  0.475288   1.45922         1
307         3   1.57735   2.59099  -1.01364   7.61138         0
308         5   1.57735   1.10206  0.475288   3.02325         1
309         3   1.57735   2.59099  -1.01364   4.58814         0
310         5   1.57735   1.10206  0.475288  -4.48246         0
311         3   1.57735   2.59099  -1.01364   4.58814         0
312         5   1.57735   1.10206  0.475288  -3.02325         0
313         3   1.57735   2.59099  -1.01364   4.58814         0
314         5   1.57735   1.10206  0.475288  -4.48246         0
315         3   1.57735   2.59099  -1.01364   4.58814         0
316         5   1.57735   1.10206  0.475288  -3.02325         0
317         3   1.57735   2.59099  -1.01364   4.58814         0
318         5   1.57735   1.10206  0.475288  -4.48246         0
319         3   1.57735   2.59099  -1.01364   4.58814         0
320         5   1.57735   1.10206  0.475288  -3.02325         0
321         3   1.57735   2.59099  -1.01364   4.58814         0
322         5   1.57735   1.10206  0.475288  -4.48246         0
323         3   1.57735   2.59099  -1.01364   4.58814         0
324         5   1.57735   1.10206  0.475288  -3.02325         1
325         3   1.57735   2.59099  -1.01364   7.61138         0
326         5   1.57735   1.10206  0.475288   7.23608         1
327         3   1.57735   2.59099  -1.01364  0.375298         0
328         5   1.57735   1.10206  0.475288   -8.6953         0
329         3   1.57735   2.59099  -1.01364  0.375298         1
330         5   1.57735   1.10206  0.475288  -7.61138         0
331         3   1.57735   2.59099  -1.01364 -0.375298         1
332         5   1.57735   1.10206  0.475288   -8.6953         0
333         3   1.57735   2.59099  -1.01364  0.375298         1
334         5   1.57735   1.10206  0.475288  -7.61138         0
335         3   1.57735   2.59099  -1.01364 -0.375298         1
336         5   1.57735   1.10206  0.475288   -8.6953         0
337         3   1.57735   2.59099  -1.01364  0.375298         1
338         5   1.57735   1.10206  0.475288  -7.61138         0
339         3   1.57735   2.59099  -1.01364  -1.09249         1
340         5   1.57735   1.10206  0.475288  -6.51889         0
341         3   1.57735   2.59099  -1.01364   1.09249         0
342         5   1.57735   1.10206  0.475288  -7.97811         0
343         3   1.57735   2.59099  -1.01364   1.09249         1
344         5   1.57735   1.10206  0.475288  -7.61138         0
345         3   1.57735   2.59099  -1.01364  -1.09249         1
346         5   1.57735   1.10206  0.475288  -7.97811         0
347         3   1.57735   2.59099  -1.01364   1.09249         1
348         5   1.57735   1.10206  0.475288  -7.61138         0
349         3   1.57735   2.59099  -1.01364  -3.62962         1
350         5   1.57735   1.10206  0.475288  -7.97811         0
351         3   1.57735   2.59099  -1.01364   4.25323         0
352         5   1.57735   1.10206  0.475288  -6.51889         0
353         3   1.57735   2.59099  -1.01364   3.62962         0
354         5   1.57735   1.10206  0.475288  -6.51889         0
355         3   1.57735   2.59099  -1.01364   3.62962         0
356         5   1.57735   1.10206  0.475288  -7.97811         0
357         3   1.57735   2.59099  -1.01364   3.62962         0
358         5   1.57735   1.10206  0.475288  -6.51889         0
359         3   1.57735   2.59099  -1.01364   3.62962         0
360         5   1.57735   1.10206  0.475288  -7.97811         1
361         3   1.57735   2.59099  -1.01364   11.6077         0
362         5   1.57735   1.10206  0.475288   7.97811         1
363         3   1.57735   2.59099  -1.01364   3.62962         0
364         5   1.57735   1.10206  0.475288  -6.49491         0
365         3   1.57735   2.59099  -1.01364   4.25323         0
366         5   1.57735   1.10206  0.475288  -7.97811         0
367         3   1.57735   2.59099  -1.01364   3.62962         0
368         5   1.57735   1.10206  0.475288  -6.49491         0
369         3   1.57735   2.59099  -1.01364   3.62962         0
370         5   1.57735   1.10206  0.475288  -7.97811         0
371         3   1.57735   2.59099  -1.01364   3.62962         0
372         5   1.57735   1.10206  0.475288  -8.65132         0
373         3   1.57735   2.59099  -1.01364   4.25323         0
374         5   1.57735   1.10206  0.475288  -7.97811         0
375         3   1.57735   2.59099  -1.01364   3.62962         0
376         5   1.57735   1.10206  0.475288  -8.65132         0
377         3   1.57735   2.59099  -1.01364   3.62962         0
378         5   1.57735   1.10206  0.475288  -7.97811         0
379         3   1.57735   2.59099  -1.01364   3.62962         0
380         5   1.57735   1.10206  0.475288  -9.81406         0
381         3   1.57735   2.59099  -1.01364   3.09048         0
382         5   1.57735   1.10206  0.475288  -9.14085         0
383         3   1.57735   2.59099  -1.01364   2.46688         0
384         5   1.57735   1.10206  0.475288  -6.42577         0
385         3   1.57735   2.59099  -1.01364   2.46688         0
386         5   1.57735   1.10206  0.475288  -9.81406         0
387         3   1.57735   2.59099  -1.01364   2.46688         0
388         5   1.57735   1.10206  0.475288  -6.78032         0
389         3   1.57735   2.59099  -1.01364   2.46688         0
390         5   1.57735   1.10206  0.475288  -9.05423         0
391         3   1.57735   2.59099  -1.01364   3.85031         0
392         5   1.57735   1.10206  0.475288   2.30504         1
393         3   1.57735   2.59099  -1.01364  0.921664         0
394         5   1.57735   1.10206  0.475288  -11.3593         0
395         3   1.57735   2.59099  -1.01364  0.921664         0
396         5   1.57735   1.10206  0.475288  -2.30504         0
397         3   1.57735   2.59099  -1.01364  0.921664         0
398         5   1.57735   1.10206  0.475288  -2.30504         0
399         3   1.57735   2.59099  -1.01364   1.54527         0
400         5   1.57735   1.10206  0.475288  -2.30504         1
401         3   1.57735   2.59099  -1.01364 -0.254919         1
402         5   1.57735   1.10206  0.475288  -7.98752         0
403         3   1.57735   2.59099  -1.01364  0.623607         0
404         5   1.57735   1.10206  0.475288 -0.921664         1
405         3   1.57735   2.59099  -1.01364   1.17658         0
406         5   1.57735   1.10206  0.475288  0.921664         1
407         3   1.57735   2.59099  -1.01364  0.254919         1
408         5   1.57735   1.10206  0.475288  -8.24244         0
409         3   1.57735   2.59099  -1.01364 -0.254919         1
410         5   1.57735   1.10206  0.475288 -0.285673         1
411         3   1.57735   2.59099  -1.01364   0.90928         0
412         5   1.57735   1.10206  0.475288  0.285673         1
413         3   1.57735   2.59099  -1.01364  0.254919         1
414         5   1.57735   1.10206  0.475288-0.0458851         1
415         3   1.57735   2.59099  -1.01364  0.414572         0
416         5   1.57735   1.10206  0.475288  -8.76588         0
417         3   1.57735   2.59099  -1.01364 -0.209034         1
418         5   1.57735   1.10206  0.475288  0.254919         1
419         3   1.57735   2.59099  -1.01364  0.368687         0
420         5   1.57735   1.10206  0.475288  -8.49408         0
421         3   1.57735   2.59099  -1.01364    0.2718         1
422         5   1.57735   1.10206  0.475288 -0.209034         1
423         3   1.57735   2.59099  -1.01364-0.0627659         1
424         5   1.57735   1.10206  0.475288    0.2718         1
425         3   1.57735   2.59099  -1.01364  0.414572         0
426         5   1.57735   1.10206  0.475288   -0.2718         1
427         3   1.57735   2.59099  -1.01364 0.0627659         1
428         5   1.57735   1.10206  0.475288   3.39047         1
429         3   1.57735   2.59099  -1.01364  -3.45324         1
430         5   1.57735   1.10206  0.475288  -4.28565         1
431         3   1.57735   2.59099  -1.01364   4.97202         0
432         5   1.57735   1.10206  0.475288   4.34841         1
433         3   1.57735   2.59099  -1.01364  0.623607         0
434         5   1.57735   1.10206  0.475288 -0.951503         0
435         3   1.57735   2.59099  -1.01364  0.623607         1
436         5   1.57735   1.10206  0.475288  -4.97202         0
437         3   1.57735   2.59099  -1.01364 -0.623607         1
438         5   1.57735   1.10206  0.475288 -0.951503         1
439         3   1.57735   2.59099  -1.01364   2.11106         0
440         5   1.57735   1.10206  0.475288   1.48746         1
441         3   1.57735   2.59099  -1.01364  0.623607         0
442         5   1.57735   1.10206  0.475288  -1.48746         1
443         3   1.57735   2.59099  -1.01364   2.11106         0
444         5   1.57735   1.10206  0.475288  -5.02928         0
445         3   1.57735   2.59099  -1.01364   2.11106         0
446         5   1.57735   1.10206  0.475288   1.48746         1
447         3   1.57735   2.59099  -1.01364  0.623607         1
448         5   1.57735   1.10206  0.475288  -7.14034         0
449         3   1.57735   2.59099  -1.01364 -0.623607         1
450         5   1.57735   1.10206  0.475288  -1.48746         1
451         3   1.57735   2.59099  -1.01364   2.11106         0
452         5   1.57735   1.10206  0.475288  -5.02928         0
453         3   1.57735   2.59099  -1.01364   2.11106         0
454         5   1.57735   1.10206  0.475288   3.82705         1
455         3   1.57735   2.59099  -1.01364  -4.07287         1
456         5   1.57735   1.10206  0.475288  -2.11106         0
457         3   1.57735   2.59099  -1.01364   4.07287         0
458         5   1.57735   1.10206  0.475288  -7.14034         0
459         3   1.57735   2.59099  -1.01364   4.07287         0
460         5   1.57735   1.10206  0.475288  -2.11106         0
461         3   1.57735   2.59099  -1.01364   4.07287         0
462         5   1.57735   1.10206  0.475288  -7.14034         0
463         3   1.57735   2.59099  -1.01364   4.07287         0
464         5   1.57735   1.10206  0.475288  -2.11106         0
465         3   1.57735   2.59099  -1.01364   4.07287         0
466         5   1.57735   1.10206  0.475288  -7.14034         0
467         3   1.57735   2.59099  -1.01364   4.07287         0
468         5   1.57735   1.10206  0.475288  -2.04276         0
469         3   1.57735   2.59099  -1.01364   4.07287         0
470         5   1.57735   1.10206  0.475288  -2.04276         0
471         3   1.57735   2.59099  -1.01364   4.07287         0
472         5   1.57735   1.10206  0.475288  -4.24391         1
473         3   1.57735   2.59099  -1.01364   8.31678         0
474         5   1.57735   1.10206  0.475288   2.20115         1
475         3   1.57735   2.59099  -1.01364   6.11563         0
476         5   1.57735   1.10206  0.475288   2.04276         1
477         3   1.57735   2.59099  -1.01364   4.07287         0
478         5   1.57735   1.10206  0.475288  -4.24391         0
479         3   1.57735   2.59099  -1.01364   4.07287         0
480         5   1.57735   1.10206  0.475288  -2.04276         0
481         3   1.57735   2.59099  -1.01364   4.07287         0
482         5   1.57735   1.10206  0.475288  -4.24391         0
483         3   1.57735   2.59099  -1.01364   4.07287         0
484         5   1.57735   1.10206  0.475288  -2.04276         0
485         3   1.57735   2.59099  -1.01364   4.07287         0
486         5   1.57735   1.10206  0.475288  -4.24391         1
487         3   1.57735   2.59099  -1.01364   8.31678         0
488         5   1.57735   1.10206  0.475288   2.20115         1
489         3   1.57735   2.59099  -1.01364   6.11563         0
490         5   1.57735   1.10206  0.475288   2.04276         1
491         3   1.57735   2.59099  -1.01364   4.07287         0
492         5   1.57735   1.10206  0.475288  -4.24391         0
493         3   1.57735   2.59099  -1.01364   4.07287         0
494         5   1.57735   1.10206  0.475288  -4.24391         0
495         3   1.57735   2.59099  -1.01364   4.07287         0
496         5   1.57735   1.10206  0.475288  -6.59847         0
497         3   1.57735   2.59099  -1.01364   4.07287         0
498         5   1.57735   1.10206  0.475288  -4.24391         0
499         3   1.57735   2.59099  -1.01364   4.07287         0
500         5   1.57735   1.10206  0.475288  -4.20692         0
501         3   1.57735   2.59099  -1.01364   4.07287         0
502         5   1.57735   1.10206  0.475288   -4.9448         1
503         3   1.57735   2.59099  -1.01364   8.31678         0
504         5   1.57735   1.10206  0.475288    4.9448         1
505         3   1.57735   2.59099  -1.01364   3.37198         0
506         5   1.57735   1.10206  0.475288  -4.90781         0
507         3   1.57735   2.59099  -1.01364   3.37198         0
508         5   1.57735   1.10206  0.475288   -4.9448         0
509         3   1.57735   2.59099  -1.01364   3.37198         0
510         5   1.57735   1.10206  0.475288  -4.45969         0
511         3   1.57735   2.59099  -1.01364   3.37198         0
512         5   1.57735   1.10206  0.475288   -4.9448         0
513         3   1.57735   2.59099  -1.01364   3.37198         0
514         5   1.57735   1.10206  0.475288  -4.45969         0
515         3   1.57735   2.59099  -1.01364   3.37198         0
516         5   1.57735   1.10206  0.475288   -4.9448         0
517         3   1.57735   2.59099  -1.01364   3.37198         0
518         5   1.57735   1.10206  0.475288  -4.54346         0
519         3   1.57735   2.59099  -1.01364   3.37198         0
520         5   1.57735   1.10206  0.475288   -4.9448         0
521         3   1.57735   2.59099  -1.01364   3.37198         0
522         5   1.57735   1.10206  0.475288  -4.54346         0
523         3   1.57735   2.59099  -1.01364   3.37198         0
524         5   1.57735   1.10206  0.475288   -4.9448         0
525         3   1.57735   2.59099  -1.01364   3.61301         0
526         5   1.57735   1.10206  0.475288  -4.54346         0
527         3   1.57735   2.59099  -1.01364   3.61301         0
528         5   1.57735   1.10206  0.475288   -4.9448         0
529         3   1.57735   2.59099  -1.01364   3.61301         0
530         5   1.57735   1.10206  0.475288  -4.54346         0
531         3   1.57735   2.59099  -1.01364   3.61301         0
532         5   1.57735   1.10206  0.475288   -4.9448         0
533         3   1.57735   2.59099  -1.01364   3.61301         0
534         5   1.57735   1.10206  0.475288  -4.54346         0
535         3   1.57735   2.59099  -1.01364   4.11614         0
536         5   1.57735   1.10206  0.475288   -4.9448         0
537         3   1.57735   2.59099  -1.01364   4.11614         0
538         5   1.57735   1.10206  0.475288  -4.54346         0
539         3   1.57735   2.59099  -1.01364   4.11614         0
540         5   1.57735   1.10206  0.475288   -4.9448         0
541         3   1.57735   2.59099  -1.01364   4.11614         0
542         5   1.57735   1.10206  0.475288  -4.54346         0
543         3   1.57735   2.59099  -1.01364   4.11614         0
544         5   1.57735   1.10206  0.475288   -4.9448         0
545         3   1.57735   2.59099  -1.01364   9.21856         0
546         5   1.57735   1.10206  0.475288  -4.54346         0
547         3   1.57735   2.59099  -1.01364   9.87052         0
548         5   1.57735   1.10206  0.475288   -4.9448         0
549         3   1.57735   2.59099  -1.01364   9.21856         0
550         5   1.57735   1.10206  0.475288  -4.77665         0
551         3   1.57735   2.59099  -1.01364   9.21856         0
552         5   1.57735   1.10206  0.475288   -4.9448         0
553         3   1.57735   2.59099  -1.01364   9.87052         0
554         5   1.57735   1.10206  0.475288  -4.77665         0
555         3   1.57735   2.59099  -1.01364   9.21856         0
556         5   1.57735   1.10206  0.475288   -4.9448         0
557         3   1.57735   2.59099  -1.01364   9.21856         0
558         5   1.57735   1.10206  0.475288   -4.9448         0
559         3   1.57735   2.59099  -1.01364   9.21856         0
560         5   1.57735   1.10206  0.475288   -4.9448         0
561         3   1.57735   2.59099  -1.01364   9.87052         0
562         5   1.57735   1.10206  0.475288   -4.9448         0
563         3   1.57735   2.59099  -1.01364   9.21856         0
564         5   1.57735   1.10206  0.475288  -11.2662         0
565         3   1.57735   2.59099  -1.01364   9.87052         0
566         5   1.57735   1.10206  0.475288   -4.9448         0
567         3   1.57735   2.59099  -1.01364   9.21856         0
568         5   1.57735   1.10206  0.475288  -11.2662         0
569         3   1.57735   2.59099  -1.01364   9.87052         0
570         5   1.57735   1.10206  0.475288   -4.9448         0
571         3   1.57735   2.59099  -1.01364   9.21856         0
572         5   1.57735   1.10206  0.475288   -4.9448         0
573         3   1.57735   2.59099  -1.01364   9.87052         0
574         5   1.57735   1.10206  0.475288   -4.9448         0
575         3   1.57735   2.59099  -1.01364   9.21856         0
576         5   1.57735   1.10206  0.475288   -4.9448         0
577         3   1.57735   2.59099  -1.01364   9.21856         0
578         5   1.57735   1.10206  0.475288   -4.9448         0
579         3   1.57735   2.59099  -1.01364   9.21856         0
580         5   1.57735   1.10206  0.475288   -4.9448         0
581         3   1.57735   2.59099  -1.01364   9.21856         0
582         5   1.57735   1.10206  0.475288   -4.9448         0
583         3   1.57735   2.59099  -1.01364   9.87052         0
584         5   1.57735   1.10206  0.475288   -4.9448         0
585         3   1.57735   2.59099  -1.01364   9.21856         0
586         5   1.57735   1.10206  0.475288  -17.9703         0
587         3   1.57735   2.59099  -1.01364   9.21856         0
588         5   1.57735   1.10206  0.475288   -4.9448         0
589         3   1.57735   2.59099  -1.01364   9.21856         0
590         5   1.57735   1.10206  0.475288   -4.9448         0
591         3   1.57735   2.59099  -1.01364   9.87052         0
592         5   1.57735   1.10206  0.475288  -15.8088         0
593         3   1.57735   2.59099  -1.01364   9.21856         0
594         5   1.57735   1.10206  0.475288   -4.9448         1
595         3   1.57735   2.59099  -1.01364   14.3305         0
596         5   1.57735   1.10206  0.475288    4.9448         1
597         3   1.57735   2.59099  -1.01364   9.87052         0
598         5   1.57735   1.10206  0.475288   -4.9448         0
599         3   1.57735   2.59099  -1.01364   9.38574         0
600         5   1.57735   1.10206  0.475288  -13.7133         0
601         3   1.57735   2.59099  -1.01364   9.87052         0
602         5   1.57735   1.10206  0.475288   -4.9448         0
603         3   1.57735   2.59099  -1.01364   9.38574         0
604         5   1.57735   1.10206  0.475288  -9.87883         0
605         3   1.57735   2.59099  -1.01364   9.87052         0
606         5   1.57735   1.10206  0.475288   -4.9448         0
607         3   1.57735   2.59099  -1.01364   9.38574         0
608         5   1.57735   1.10206  0.475288   -4.9448         0
609         3   1.57735   2.59099  -1.01364   9.38574         0
610         5   1.57735   1.10206  0.475288   -4.9448         0
611         3   1.57735   2.59099  -1.01364   9.38574         0
612         5   1.57735   1.10206  0.475288   -4.9448         0
613         3   1.57735   2.59099  -1.01364   9.38574         0
614         5   1.57735   1.10206  0.475288   -4.9448         0
615         3   1.57735   2.59099  -1.01364   9.87052         0
616         5   1.57735   1.10206  0.475288   -4.9448         0
617         3   1.57735   2.59099  -1.01364   9.38574         0
618         5   1.57735   1.10206  0.475288  -9.87883         0
619         3   1.57735   2.59099  -1.01364   9.87052         0
620         5   1.57735   1.10206  0.475288   -4.9448         0
621         3   1.57735   2.59099  -1.01364   9.38574         0
622         5   1.57735   1.10206  0.475288  -9.87883         0
623         3   1.57735   2.59099  -1.01364   9.87052         0
624         5   1.57735   1.10206  0.475288   -4.9448         0
625         3   1.57735   2.59099  -1.01364   9.09728         0
626         5   1.57735   1.10206  0.475288  -9.87883         0
627         3   1.57735   2.59099  -1.01364   9.09728         0
628         5   1.57735   1.10206  0.475288   -4.9448         0
629         3   1.57735   2.59099  -1.01364   9.87052         0
630         5   1.57735   1.10206  0.475288   -4.9448         0
631         3   1.57735   2.59099  -1.01364   9.09728         0
632         5   1.57735   1.10206  0.475288    -7.128         0
633         3   1.57735   2.59099  -1.01364   9.87052         0
634         5   1.57735   1.10206  0.475288   -4.9448         0
635         3   1.57735   2.59099  -1.01364   9.09728         0
636         5   1.57735   1.10206  0.475288    -7.128         0
637         3   1.57735   2.59099  -1.01364   9.87052         0
638         5   1.57735   1.10206  0.475288   -4.9448         0
639         3   1.57735   2.59099  -1.01364   9.09728         0
640         5   1.57735   1.10206  0.475288  0.480926         1
641         3   1.57735   2.59099  -1.01364   9.38959         0
642         5   1.57735   1.10206  0.475288  -4.41182         0
643         3   1.57735   2.59099  -1.01364   8.61635         0
644         5   1.57735   1.10206  0.475288 -0.480926         0
645         3   1.57735   2.59099  -1.01364   8.61635         0
646         5   1.57735   1.10206  0.475288  -2.62957         0
647         3   1.57735   2.59099  -1.01364   8.61635         0
648         5   1.57735   1.10206  0.475288 -0.480926         1
649         3   1.57735   2.59099  -1.01364   9.09728         0
650         5   1.57735   1.10206  0.475288  0.480926         1
651         3   1.57735   2.59099  -1.01364   8.61635         0
652         5   1.57735   1.10206  0.475288 -0.480926         0
653         3   1.57735   2.59099  -1.01364   9.38959         0
654         5   1.57735   1.10206  0.475288  -2.29078         1
655         3   1.57735   2.59099  -1.01364   10.9071         0
656         5   1.57735   1.10206  0.475288   2.29078         1
657         3   1.57735   2.59099  -1.01364   9.38959         0
658         5   1.57735   1.10206  0.475288 -0.480926         1
659         3   1.57735   2.59099  -1.01364   9.09728         0
660         5   1.57735   1.10206  0.475288  -3.63858         0
661         3   1.57735   2.59099  -1.01364   9.87052         0
662         5   1.57735   1.10206  0.475288  0.480926         1
663         3   1.57735   2.59099  -1.01364   8.61635         0
664         5   1.57735   1.10206  0.475288  -4.11951         1
665         3   1.57735   2.59099  -1.01364   13.0867         0
666         5   1.57735   1.10206  0.475288   3.63858         1
667         3   1.57735   2.59099  -1.01364   9.09728         0
668         5   1.57735   1.10206  0.475288 -0.411122         1
669         3   1.57735   2.59099  -1.01364   9.85925         0
670         5   1.57735   1.10206  0.475288  -3.22746         0
671         3   1.57735   2.59099  -1.01364    9.5084         0
672         5   1.57735   1.10206  0.475288  0.411122         1
673         3   1.57735   2.59099  -1.01364   9.44813         0
674         5   1.57735   1.10206  0.475288 -0.411122         1
675         3   1.57735   2.59099  -1.01364    9.5084         0
676         5   1.57735   1.10206  0.475288  0.411122         1
677         3   1.57735   2.59099  -1.01364   9.44813         0
678         5   1.57735   1.10206  0.475288  -3.63858         0
679         3   1.57735   2.59099  -1.01364   9.09728         0
680         5   1.57735   1.10206  0.475288 -0.411122         1
681         3   1.57735   2.59099  -1.01364    9.5084         0
682         5   1.57735   1.10206  0.475288  -3.22746         0
683         3   1.57735   2.59099  -1.01364    9.5084         0
684         5   1.57735   1.10206  0.475288  0.411122         1
685         3   1.57735   2.59099  -1.01364   9.09728         0
686         5   1.57735   1.10206  0.475288  -3.63858         0
687         3   1.57735   2.59099  -1.01364   10.4378         0
688         5   1.57735   1.10206  0.475288   1.39642         1
689         3   1.57735   2.59099  -1.01364   7.70085         0
690         5   1.57735   1.10206  0.475288    -5.035         0
691         3   1.57735   2.59099  -1.01364   7.70085         0
692         5   1.57735   1.10206  0.475288  -1.39642         0
693         3   1.57735   2.59099  -1.01364   7.70085         0
694         5   1.57735   1.10206  0.475288    -5.035         0
695         3   1.57735   2.59099  -1.01364   7.70085         0
696         5   1.57735   1.10206  0.475288  -1.39642         1
697         3   1.57735   2.59099  -1.01364   9.09728         0
698         5   1.57735   1.10206  0.475288   1.39642         1
699         3   1.57735   2.59099  -1.01364   7.70085         0
700         5   1.57735   1.10206  0.475288    -5.035         0
701         3   1.57735   2.59099  -1.01364   7.70085         0
702         5   1.57735   1.10206  0.475288  -1.39642         1
703         3   1.57735   2.59099  -1.01364   9.09728         0
704         5   1.57735   1.10206  0.475288  -3.63858         0
705         3   1.57735   2.59099  -1.01364   9.09728         0
706         5   1.57735   1.10206  0.475288   1.39642         1
707         3   1.57735   2.59099  -1.01364   7.70085         0
708         5   1.57735   1.10206  0.475288    -5.035         0
709         3   1.57735   2.59099  -1.01364   7.70085         0
710         5   1.57735   1.10206  0.475288  -1.39642         1
711         3   1.57735   2.59099  -1.01364   9.09728         0
712         5   1.57735   1.10206  0.475288   1.39642         1
713         3   1.57735   2.59099  -1.01364   7.70085         0
714         5   1.57735   1.10206  0.475288  -3.81454         0
715         3   1.57735   2.59099  -1.01364   7.70085         0
716         5   1.57735   1.10206  0.475288  -1.39642         1
717         3   1.57735   2.59099  -1.01364   9.09728         0
718         5   1.57735   1.10206  0.475288  -2.41812         1
719         3   1.57735   2.59099  -1.01364   11.5154         0
720         5   1.57735   1.10206  0.475288   3.81454         1
721         3   1.57735   2.59099  -1.01364   7.70085         0
722         5   1.57735   1.10206  0.475288  -1.39642         1
723         3   1.57735   2.59099  -1.01364   9.09728         0
724         5   1.57735   1.10206  0.475288   -0.6679         1
725         3   1.57735   2.59099  -1.01364   9.76518         0
726         5   1.57735   1.10206  0.475288   2.06432         1
727         3   1.57735   2.59099  -1.01364   7.70085         0
728         5   1.57735   1.10206  0.475288  -1.39642         0
729         3   1.57735   2.59099  -1.01364   8.99579         0
730         5   1.57735   1.10206  0.475288  -0.76939         1
731         3   1.57735   2.59099  -1.01364   9.76518         0
732         5   1.57735   1.10206  0.475288    0.6679         1
733         3   1.57735   2.59099  -1.01364   9.09728         0
734         5   1.57735   1.10206  0.475288  0.101489         1
735         3   1.57735   2.59099  -1.01364   8.99579         0
736         5   1.57735   1.10206  0.475288  -0.76939         0
737         3   1.57735   2.59099  -1.01364   8.99579         0
738         5   1.57735   1.10206  0.475288 -0.101489         1
739         3   1.57735   2.59099  -1.01364   9.09728         0
740         5   1.57735   1.10206  0.475288   -0.6679         1
741         3   1.57735   2.59099  -1.01364   9.76518         0
742         5   1.57735   1.10206  0.475288   0.76939         1
743         3   1.57735   2.59099  -1.01364   8.99579         0
744         5   1.57735   1.10206  0.475288 -0.101489         1
745         3   1.57735   2.59099  -1.01364   9.09728         0
746         5   1.57735   1.10206  0.475288   -0.6679         1
747         3   1.57735   2.59099  -1.01364   9.76518         0
748         5   1.57735   1.10206  0.475288   0.76939         1
749         3   1.57735   2.59099  -1.01364   8.99579         0
750         5   1.57735   1.10206  0.475288 -0.101489         1
751         3   1.57735   2.59099  -1.01364   9.09728         0
752         5   1.57735   1.10206  0.475288   -0.6679         1
753         3   1.57735   2.59099  -1.01364   9.76518         0
754         5   1.57735   1.10206  0.475288   0.76939         1
755         3   1.57735   2.59099  -1.01364   8.99579         0
756         5   1.57735   1.10206  0.475288 -0.101489         1
757         3   1.57735   2.59099  -1.01364   9.09728         0
758         5   1.57735   1.10206  0.475288  -1.25843         0
759         3   1.57735   2.59099  -1.01364   9.09728         0
760         5   1.57735   1.10206  0.475288  0.101489         1
761         3   1.57735   2.59099  -1.01364   8.99579         0
762         5   1.57735   1.10206  0.475288  -1.35992         0
763         3   1.57735   2.59099  -1.01364   8.99579         0
764         5   1.57735   1.10206  0.475288 -0.101489         1
765         3   1.57735   2.59099  -1.01364   9.09728         0
766         5   1.57735   1.10206  0.475288  -1.25843         1
767         3   1.57735   2.59099  -1.01364   10.3557         0
768         5   1.57735   1.10206  0.475288  -4.45948         0
769         3   1.57735   2.59099  -1.01364   9.54009         0
770         5   1.57735   1.10206  0.475288   0.44282         1
771         3   1.57735   2.59099  -1.01364   9.09728         0
772         5   1.57735   1.10206  0.475288  -1.87123         0
773         3   1.57735   2.59099  -1.01364   9.09728         0
774         5   1.57735   1.10206  0.475288  -0.44282         1
775         3   1.57735   2.59099  -1.01364   9.54009         0
776         5   1.57735   1.10206  0.475288   0.44282         1
777         3   1.57735   2.59099  -1.01364   9.09728         0
778         5   1.57735   1.10206  0.475288  -0.44282         1
779         3   1.57735   2.59099  -1.01364   9.54009         0
780         5   1.57735   1.10206  0.475288   3.96584         1
781         3   1.57735   2.59099  -1.01364   5.57425         0
782         5   1.57735   1.10206  0.475288  -3.52302         0
783         3   1.57735   2.59099  -1.01364   5.57425         0
784         5   1.57735   1.10206  0.475288  -3.96584         1
785         3   1.57735   2.59099  -1.01364   9.54009         0
786         5   1.57735   1.10206  0.475288   0.44282         1
787         3   1.57735   2.59099  -1.01364   9.09728         0
788         5   1.57735   1.10206  0.475288   3.52302         1
789         3   1.57735   2.59099  -1.01364   5.57425         0
790         5   1.57735   1.10206  0.475288  -3.96584         0
791         3   1.57735   2.59099  -1.01364   5.57425         0
792         5   1.57735   1.10206  0.475288  -3.52302         0
793         3   1.57735   2.59099  -1.01364   5.57425         0
794         5   1.57735   1.10206  0.475288  -3.96584         0
795         3   1.57735   2.59099  -1.01364   5.57425         0
796         5   1.57735   1.10206  0.475288  -3.52302         0
797         3   1.57735   2.59099  -1.01364   5.57425         0
798         5   1.57735   1.10206  0.475288  -3.96584         0
799         3   1.57735   2.59099  -1.01364   5.57425         0
800         5   1.57735   1.10206  0.475288  -3.52302         0
801         3   1.57735   2.59099  -1.01364   5.57425         0
802         5   1.57735   1.10206  0.475288  -3.96584         0
803         3   1.57735   2.59099  -1.01364   5.57425         0
804         5   1.57735   1.10206  0.475288  -3.52302         1
805         3   1.57735   2.59099  -1.01364   9.09728         0
806         5   1.57735   1.10206  0.475288  -0.44282         1
807         3   1.57735   2.59099  -1.01364   11.4869         0
808         5   1.57735   1.10206  0.475288   3.96584         1
809         3   1.57735   2.59099  -1.01364   7.52104         0
810         5   1.57735   1.10206  0.475288  -3.52302         1
811         3   1.57735   2.59099  -1.01364   11.0441         0
812         5   1.57735   1.10206  0.475288  -0.44282         0
813         3   1.57735   2.59099  -1.01364   11.0441         0
814         5   1.57735   1.10206  0.475288   3.52302         1
815         3   1.57735   2.59099  -1.01364   7.52104         0
816         5   1.57735   1.10206  0.475288  -2.41517         1
817         3   1.57735   2.59099  -1.01364   9.93621         0
818         5   1.57735   1.10206  0.475288 -0.675448         0
819         3   1.57735   2.59099  -1.01364   9.93621         0
820         5   1.57735   1.10206  0.475288   2.41517         1
821         3   1.57735   2.59099  -1.01364   7.52104         0
822         5   1.57735   1.10206  0.475288  -3.09062         0
823         3   1.57735   2.59099  -1.01364   7.52104         0
824         5   1.57735   1.10206  0.475288  -2.41517         0
825         3   1.57735   2.59099  -1.01364   7.52104         0
826         5   1.57735   1.10206  0.475288  -3.09062         0
827         3   1.57735   2.59099  -1.01364   7.52104         0
828         5   1.57735   1.10206  0.475288 -0.392853         1
829         3   1.57735   2.59099  -1.01364   7.91389         0
830         5   1.57735   1.10206  0.475288  -2.69777         0
831         3   1.57735   2.59099  -1.01364   7.91389         0
832         5   1.57735   1.10206  0.475288  0.392853         1
833         3   1.57735   2.59099  -1.01364   7.52104         0
834         5   1.57735   1.10206  0.475288  -3.09062         0
835         3   1.57735   2.59099  -1.01364   7.52104         0
836         5   1.57735   1.10206  0.475288 -0.392853         1
837         3   1.57735   2.59099  -1.01364   7.91389         0
838         5   1.57735   1.10206  0.475288  0.392853         1
839         3   1.57735   2.59099  -1.01364   7.52104         0
840         5   1.57735   1.10206  0.475288 -0.392853         1
841         3   1.57735   2.59099  -1.01364   7.91389         0
842         5   1.57735   1.10206  0.475288  -2.69777         0
843         3   1.57735   2.59099  -1.01364   7.91389         0
844         5   1.57735   1.10206  0.475288  0.392853         1
845         3   1.57735   2.59099  -1.01364   7.52104         0
846         5   1.57735   1.10206  0.475288  -3.09062         0
847         3   1.57735   2.59099  -1.01364   7.52104         0
848         5   1.57735   1.10206  0.475288 -0.392853         1
849         3   1.57735   2.59099  -1.01364   7.91389         0
850         5   1.57735   1.10206  0.475288  -2.69777         1
851         3   1.57735   2.59099  -1.01364   10.6117         0
852         5   1.57735   1.10206  0.475288   3.09062         1
853         3   1.57735   2.59099  -1.01364   7.52104         0
854         5   1.57735   1.10206  0.475288  -1.28048         0
855         3   1.57735   2.59099  -1.01364   7.52104         0
856         5   1.57735   1.10206  0.475288  -3.09062         0
857         3   1.57735   2.59099  -1.01364   7.52104         0
858         5   1.57735   1.10206  0.475288  -1.28048         0
859         3   1.57735   2.59099  -1.01364   7.52104         0
860         5   1.57735   1.10206  0.475288  -3.09062         1
861         3   1.57735   2.59099  -1.01364   10.6117         0
862         5   1.57735   1.10206  0.475288   1.18817         1
863         3   1.57735   2.59099  -1.01364   9.42349         0
864         5   1.57735   1.10206  0.475288   2.62542         1
865         3   1.57735   2.59099  -1.01364   6.79807         0
866         5   1.57735   1.10206  0.475288  -3.81359         0
867         3   1.57735   2.59099  -1.01364   6.79807         0
868         5   1.57735   1.10206  0.475288-0.0858712         1
869         3   1.57735   2.59099  -1.01364   9.42349         0
870         5   1.57735   1.10206  0.475288  -7.27099         0
871         3   1.57735   2.59099  -1.01364   3.34067         0
872         5   1.57735   1.10206  0.475288  -5.99695         0
873         3   1.57735   2.59099  -1.01364   3.34067         0
874         5   1.57735   1.10206  0.475288  -7.27099         0
875         3   1.57735   2.59099  -1.01364   3.34067         0
876         5   1.57735   1.10206  0.475288  -5.99695         0
877         3   1.57735   2.59099  -1.01364   3.34067         0
878         5   1.57735   1.10206  0.475288  -7.27099         0
879         3   1.57735   2.59099  -1.01364   3.34067         0
880         5   1.57735   1.10206  0.475288  -5.99695         0
881         3   1.57735   2.59099  -1.01364   3.34067         0
882         5   1.57735   1.10206  0.475288  -8.09376         0
883         3   1.57735   2.59099  -1.01364   3.34067         0
884         5   1.57735   1.10206  0.475288  -5.99695         0
885         3   1.57735   2.59099  -1.01364   3.34067         0
886         5   1.57735   1.10206  0.475288  -5.99695         0
887         3   1.57735   2.59099  -1.01364   3.34067         0
888         5   1.57735   1.10206  0.475288  -8.09376         0
889         3   1.57735   2.59099  -1.01364   3.34067         0
890         5   1.57735   1.10206  0.475288  -5.99695         0
891         3   1.57735   2.59099  -1.01364   11.7037         0
892         5   1.57735   1.10206  0.475288  -10.5062         0
893         3   1.57735   2.59099  -1.01364   11.1351         0
894         5   1.57735   1.10206  0.475288  -5.99695         0
895         3   1.57735   2.59099  -1.01364   11.7037         0
896         5   1.57735   1.10206  0.475288  -5.99695         0
897         3   1.57735   2.59099  -1.01364   11.1351         0
898         5   1.57735   1.10206  0.475288  -5.99695         0
899         3   1.57735   2.59099  -1.01364   11.1351         0
900         5   1.57735   1.10206  0.475288  -10.5062         0
901         3   1.57735   2.59099  -1.01364   11.1351         0
902         5   1.57735   1.10206  0.475288  -5.99695         0
903         3   1.57735   2.59099  -1.01364   11.1351         0
904         5   1.57735   1.10206  0.475288  -5.99695         0
905         3   1.57735   2.59099  -1.01364   11.1351         0
906         5   1.57735   1.10206  0.475288  -5.99695         0
907         3   1.57735   2.59099  -1.01364   11.1351         0
908         5   1.57735   1.10206  0.475288  -5.99695         0
909         3   1.57735   2.59099  -1.01364   11.1351         0
910         5   1.57735   1.10206  0.475288  -10.5062         0
911         3   1.57735   2.59099  -1.01364   11.1351         0
912         5   1.57735   1.10206  0.475288  -5.99695         0
913         3   1.57735   2.59099  -1.01364   11.1351         0
914         5   1.57735   1.10206  0.475288  -5.99695         0
915         3   1.57735   2.59099  -1.01364   11.1351         0
916         5   1.57735   1.10206  0.475288  -10.5062         0
917         3   1.57735   2.59099  -1.01364   11.1351         0
918         5   1.57735   1.10206  0.475288  -5.99695         0
919         3   1.57735   2.59099  -1.01364   11.7037         0
920         5   1.57735   1.10206  0.475288  -5.99695         0
921         3   1.57735   2.59099  -1.01364   11.1351         0
922         5   1.57735   1.10206  0.475288  -10.5062         0
923         3   1.57735   2.59099  -1.01364   11.7037         0
924         5   1.57735   1.10206  0.475288  -5.99695         0
925         3   1.57735   2.59099  -1.01364   11.1351         0
926         5   1.57735   1.10206  0.475288  -10.5062         0
927         3   1.57735   2.59099  -1.01364   11.1351         0
928         5   1.57735   1.10206  0.475288  -5.99695         0
929         3   1.57735   2.59099  -1.01364   11.1351         0
930         5   1.57735   1.10206  0.475288  -10.5062         0
931         3   1.57735   2.59099  -1.01364   11.7037         0
932         5   1.57735   1.10206  0.475288  -5.99695         0
933         3   1.57735   2.59099  -1.01364   11.1351         0
934         5   1.57735   1.10206  0.475288  -10.5062         0
935         3   1.57735   2.59099  -1.01364   11.1351         0
936         5   1.57735   1.10206  0.475288  -5.99695         0
937         3   1.57735   2.59099  -1.01364   11.7037         0
938         5   1.57735   1.10206  0.475288  -5.99695         0
939         3   1.57735   2.59099  -1.01364   11.1351         0
940         5   1.57735   1.10206  0.475288  -5.99695         0
941         3   1.57735   2.59099  -1.01364   12.1333         0
942         5   1.57735   1.10206  0.475288  -10.5062         0
943         3   1.57735   2.59099  -1.01364   11.1351         0
944         5   1.57735   1.10206  0.475288  -5.99695         0
945         3   1.57735   2.59099  -1.01364   11.1351         0
946         5   1.57735   1.10206  0.475288  -10.5062         0
947         3   1.57735   2.59099  -1.01364   11.1351         0
948         5   1.57735   1.10206  0.475288  -5.99695         0
949         3   1.57735   2.59099  -1.01364   11.7037         0
950         5   1.57735   1.10206  0.475288  -10.5062         0
951         3   1.57735   2.59099  -1.01364   11.1351         0
952         5   1.57735   1.10206  0.475288  -6.52968         0
953         3   1.57735   2.59099  -1.01364   11.1351         0
954         5   1.57735   1.10206  0.475288  -6.52968         0
955         3   1.57735   2.59099  -1.01364   11.1351         0
956         5   1.57735   1.10206  0.475288  -10.5062         0
957         3   1.57735   2.59099  -1.01364   11.7037         0
958         5   1.57735   1.10206  0.475288  -6.52968         0
959         3   1.57735   2.59099  -1.01364   11.1351         0
960         5   1.57735   1.10206  0.475288  -6.52968         0
961         3   1.57735   2.59099  -1.01364   11.1351         0
962         5   1.57735   1.10206  0.475288  -10.5062         0
963         3   1.57735   2.59099  -1.01364   11.1351         0
964         5   1.57735   1.10206  0.475288  -6.52968         0
965         3   1.57735   2.59099  -1.01364   11.1351         0
966         5   1.57735   1.10206  0.475288  -10.5062         0
967         3   1.57735   2.59099  -1.01364   11.4161         0
968         5   1.57735   1.10206  0.475288  -6.52968         0
969         3   1.57735   2.59099  -1.01364   11.1351         0
970         5   1.57735   1.10206  0.475288  -10.5062         0
971         3   1.57735   2.59099  -1.01364   11.1351         0
972         5   1.57735   1.10206  0.475288  -6.52968         0
973         3   1.57735   2.59099  -1.01364   11.1351         0
974         5   1.57735   1.10206  0.475288  -10.5062         0
975         3   1.57735   2.59099  -1.01364   11.1351         0
976         5   1.57735   1.10206  0.475288  -6.52968         0
977         3   1.57735   2.59099  -1.01364   11.1351         0
978         5   1.57735   1.10206  0.475288  -10.5062         0
979         3   1.57735   2.59099  -1.01364   11.4161         0
980         5   1.57735   1.10206  0.475288  -6.52968         0
981         3   1.57735   2.59099  -1.01364   11.1351         0
982         5   1.57735   1.10206  0.475288  -10.5062         0
983         3   1.57735   2.59099  -1.01364   11.1351         0
984         5   1.57735   1.10206  0.475288  -6.52968         0
985         3   1.57735   2.59099  -1.01364   11.4161         0
986         5   1.57735   1.10206  0.475288  -10.5062         0
987         3   1.57735   2.59099  -1.01364   11.1351         0
988         5   1.57735   1.10206  0.475288  -6.52968         0
989         3   1.57735   2.59099  -1.01364   11.4161         0
990         5   1.57735   1.10206  0.475288  -10.5062         0
991         3   1.57735   2.59099  -1.01364   11.1351         0
992         5   1.57735   1.10206  0.475288  -6.52968         0
993         3   1.57735   2.59099  -1.01364   11.4161         0
994         5   1.57735   1.10206  0.475288  -6.52968         0
995         3   1.57735   2.59099  -1.01364   11.1351         0
996         5   1.57735   1.10206  0.475288  -10.5062         0
997         3   1.57735   2.59099  -1.01364   11.4161         0
998         5   1.57735   1.10206  0.475288  -5.37367         0
999         3   1.57735   2.59099  -1.01364   12.2911         0
