#GEN         T         A
0       0.90739        0.0049
1       0.90739        0.0013
2       0.90739        0.0005
3       0.90739        0.0003
4       0.90739             0
5       0.90739        0.0001
6       0.90739             0
7       0.90739        0.0001
8       0.90739        0.0001
9       0.90739             0
10       0.90739             0
11       0.90739             0
12       0.90739             0
13       0.90739             0
14       0.90739             0
15       0.90739        0.0002
16       0.90739        0.0001
17       0.90739             0
18       0.90739        0.0001
19       0.90739        0.0002
20       0.90739             0
21       0.90739             0
22       0.90739        0.0002
23       0.90739             0
24       0.90739             0
25       0.90739             0
26       0.90739             0
27       0.90739             0
28       0.90739        0.0001
29       0.90739        0.0002
30       0.90739             0
31       0.90739        0.0001
32       0.90739             0
33       0.90739        0.0001
34       0.90739             0
35       0.90739             0
36       0.90739             0
37       0.90739             0
38       0.90739             0
39       0.90739             0
40       0.90739             0
41       0.90739             0
42       0.90739        0.0001
43       0.90739             0
44       0.90739             0
45       0.90739             0
46       0.90739             0
47       0.90739             0
48       0.90739             0
49       0.90739             0
50       0.90739             0
51       0.90739        0.0002
52       0.90739             0
53       0.90739             0
54       0.90739             0
55       0.90739        0.0001
56       0.90739             0
57       0.90739        0.0001
58       0.90739        0.0001
59       0.90739        0.0001
60       0.90739             0
61       0.90739             0
62       0.90739             0
63       0.90739             0
64       0.90739             0
65       0.90739             0
66       0.90739             0
67       0.90739             0
68       0.90739             0
69       0.90739             0
70       0.90739        0.0001
71       0.90739             0
72       0.90739        0.0001
73       0.90739        0.0001
74       0.90739             0
75       0.90739             0
76       0.90739             0
77       0.90739             0
78       0.90739             0
79       0.90739             0
80       0.90739        0.0002
81       0.90739        0.0001
82       0.90739        0.0001
83       0.90739             0
84       0.90739             0
85       0.90739             0
86       0.90739             0
87       0.90739             0
88       0.90739             0
89       0.90739             0
90       0.90739             0
91       0.90739        0.0001
92       0.90739        0.0001
93       0.90739        0.0001
94       0.90739             0
95       0.90739             0
96       0.90739             0
97       0.90739             0
98       0.90739             0
99       0.90739             0
100       0.90739             0
101       0.90739             0
102       0.90739             0
103       0.90739             0
104       0.90739             0
105       0.90739             0
106       0.90739             0
107       0.90739        0.0001
108       0.90739             0
109       0.90739             0
110       0.90739             0
111       0.90739             0
112       0.90739             0
113       0.90739             0
114       0.90739             0
115       0.90739             0
116       0.90739             0
117       0.90739             0
118       0.90739             0
119       0.90739             0
120       0.90739             0
121       0.90739             0
122       0.90739             0
123       0.90739             0
124       0.90739             0
125       0.90739             0
126       0.90739             0
127       0.90739             0
128       0.90739             0
129       0.90739             0
130       0.90739             0
131       0.90739             0
132       0.90739        0.0001
133       0.90739             0
134       0.90739             0
135       0.90739             0
136       0.90739             0
137       0.90739             0
138       0.90739             0
139       0.90739             0
140       0.90739             0
141       0.90739             0
142       0.90739             0
143       0.90739        0.0001
144       0.90739             0
145       0.90739             0
146       0.90739             0
147       0.90739             0
148       0.90739             0
149       0.90739             0
150       0.90739             0
151       0.90739             0
152       0.90739             0
153       0.90739             0
154       0.90739             0
155       0.90739             0
156       0.90739             0
157       0.90739             0
158       0.90739             0
159       0.90739             0
160       0.90739             0
161       0.90739             0
162       0.90739             0
163       0.90739             0
164       0.90739             0
165       0.90739             0
166       0.90739             0
167       0.90739             0
168       0.90739             0
169       0.90739             0
170       0.90739             0
171       0.90739             0
172       0.90739             0
173       0.90739             0
174       0.90739             0
175       0.90739             0
176       0.90739             0
177       0.90739             0
178       0.90739             0
179       0.90739             0
180       0.90739             0
181       0.90739             0
182       0.90739             0
183       0.90739             0
184       0.90739             0
185       0.90739             0
186       0.90739             0
187       0.90739             0
188       0.90739             0
189       0.90739             0
190       0.90739             0
191       0.90739             0
192       0.90739             0
193       0.90739             0
194       0.90739        0.0001
195       0.90739             0
196       0.90739             0
197       0.90739             0
198       0.90739             0
199       0.90739             0
200       0.90739             0
201       0.90739             0
202       0.90739             0
203       0.90739             0
204       0.90739             0
205       0.90739             0
206       0.90739             0
207       0.90739             0
208       0.90739             0
209       0.90739             0
210       0.90739             0
211       0.90739             0
212       0.90739             0
213       0.90739             0
214       0.90739             0
215       0.90739             0
216       0.90739             0
217       0.90739             0
218       0.90739             0
219       0.90739             0
220       0.90739             0
221       0.90739             0
222       0.90739             0
223       0.90739             0
224       0.90739             0
225       0.90739             0
226       0.90739             0
227       0.90739        0.0001
228       0.90739             0
229       0.90739             0
230       0.90739             0
231       0.90739             0
232       0.90739             0
233       0.90739             0
234       0.90739             0
235       0.90739             0
236       0.90739             0
237       0.90739             0
238       0.90739             0
239       0.90739             0
240       0.90739             0
241       0.90739             0
242       0.90739             0
243       0.90739             0
244       0.90739             0
245       0.90739             0
246       0.90739             0
247       0.90739             0
248       0.90739        0.0001
249       0.90739             0
250       0.90739             0
251       0.90739             0
252       0.90739             0
253       0.90739             0
254       0.90739             0
255       0.90739             0
256       0.90739             0
257       0.90739             0
258       0.90739             0
259       0.90739             0
260       0.90739             0
261       0.90739             0
262       0.90739        0.0001
263       0.90739             0
264       0.90739             0
265       0.90739        0.0001
266       0.90739             0
267       0.90739             0
268       0.90739             0
269       0.90739             0
270       0.90739             0
271       0.90739             0
272       0.90739             0
273       0.90739             0
274       0.90739             0
275       0.90739             0
276       0.90739             0
277       0.90739        0.0001
278       0.90739             0
279       0.90739             0
280       0.90739             0
281       0.90739             0
282       0.90739             0
283       0.90739             0
284       0.90739             0
285       0.90739             0
286       0.90739             0
287       0.90739             0
288       0.90739             0
289       0.90739             0
290       0.90739             0
291       0.90739             0
292       0.90739             0
293       0.90739             0
294       0.90739             0
295       0.90739             0
296       0.90739             0
297       0.90739        0.0001
298       0.90739             0
299       0.90739             0
300       0.90739             0
301       0.90739             0
302       0.90739             0
303       0.90739             0
304       0.90739             0
305       0.90739             0
306       0.90739             0
307       0.90739             0
308       0.90739             0
309       0.90739             0
310       0.90739             0
311       0.90739             0
312       0.90739             0
313       0.90739             0
314       0.90739             0
315       0.90739             0
316       0.90739             0
317       0.90739             0
318       0.90739             0
319       0.90739             0
320       0.90739             0
321       0.90739             0
322       0.90739             0
323       0.90739             0
324       0.90739             0
325       0.90739        0.0001
326       0.90739             0
327       0.90739             0
328       0.90739             0
329       0.90739             0
330       0.90739             0
331       0.90739             0
332       0.90739             0
333       0.90739             0
334       0.90739             0
335       0.90739             0
336       0.90739             0
337       0.90739             0
338       0.90739             0
339       0.90739             0
340       0.90739             0
341       0.90739             0
342       0.90739             0
343       0.90739             0
344       0.90739             0
345       0.90739             0
346       0.90739             0
347       0.90739             0
348       0.90739             0
349       0.90739             0
350       0.90739             0
351       0.90739             0
352       0.90739             0
353       0.90739             0
354       0.90739             0
355       0.90739             0
356       0.90739             0
357       0.90739             0
358       0.90739             0
359       0.90739             0
360       0.90739             0
361       0.90739             0
362       0.90739             0
363       0.90739             0
364       0.90739             0
365       0.90739             0
366       0.90739             0
367       0.90739             0
368       0.90739             0
369       0.90739        0.0001
370       0.90739             0
371       0.90739             0
372       0.90739             0
373       0.90739             0
374       0.90739             0
375       0.90739             0
376       0.90739             0
377       0.90739             0
378       0.90739             0
379       0.90739             0
380       0.90739             0
381       0.90739             0
382       0.90739             0
383       0.90739             0
384       0.90739        0.0001
385       0.90739             0
386       0.90739             0
387       0.90739             0
388       0.90739             0
389       0.90739             0
390       0.90739             0
391       0.90739             0
392       0.90739        0.0001
393       0.90739             0
394       0.90739             0
395       0.90739             0
396       0.90739             0
397       0.90739             0
398       0.90739             0
399       0.90739             0
400       0.90739             0
401       0.90739             0
402       0.90739             0
403       0.90739             0
404       0.90739             0
405       0.90739             0
406       0.90739             0
407       0.90739             0
408       0.90739             0
409       0.90739             0
410       0.90739             0
411       0.90739             0
412       0.90739             0
413       0.90739             0
414       0.90739        0.0001
415       0.90739             0
416       0.90739             0
417       0.90739             0
418       0.90739             0
419       0.90739             0
420       0.90739             0
421       0.90739             0
422       0.90739             0
423       0.90739             0
424       0.90739             0
425       0.90739             0
426       0.90739             0
427       0.90739             0
428       0.90739        0.0001
429       0.90739             0
430       0.90739             0
431       0.90739             0
432       0.90739             0
433       0.90739             0
434       0.90739        0.0001
435       0.90739             0
436       0.90739             0
437       0.90739             0
438       0.90739             0
439       0.90739             0
440       0.90739             0
441       0.90739             0
442       0.90739             0
443       0.90739             0
444       0.90739             0
445       0.90739             0
446       0.90739             0
447       0.90739             0
448       0.90739             0
449       0.90739             0
450       0.90739             0
451       0.90739             0
452       0.90739             0
453       0.90739             0
454       0.90739             0
455       0.90739             0
456       0.90739             0
457       0.90739             0
458       0.90739             0
459       0.90739             0
460       0.90739             0
461       0.90739             0
462       0.90739             0
463       0.90739             0
464       0.90739             0
465       0.90739             0
466       0.90739             0
467       0.90739             0
468       0.90739             0
469       0.90739             0
470       0.90739             0
471       0.90739             0
472       0.90739             0
473       0.90739             0
474       0.90739             0
475       0.90739             0
476       0.90739             0
477       0.90739             0
478       0.90739             0
479       0.90739             0
480       0.90739             0
481       0.90739             0
482       0.90739             0
483       0.90739             0
484       0.90739             0
485       0.90739             0
486       0.90739             0
487       0.90739             0
488       0.90739             0
489       0.90739             0
490       0.90739             0
491       0.90739        0.0001
492       0.90739             0
493       0.90739             0
494       0.90739             0
495       0.90739             0
496       0.90739             0
497       0.90739        0.0001
498       0.90739             0
499       0.90739             0
500       0.90739             0
501       0.90739             0
502       0.90739             0
503       0.90739             0
504       0.90739             0
505       0.90739             0
506       0.90739             0
507       0.90739        0.0001
508       0.90739             0
509       0.90739             0
510       0.90739             0
511       0.90739             0
512       0.90739             0
513       0.90739             0
514       0.90739             0
515       0.90739             0
516       0.90739             0
517       0.90739             0
518       0.90739             0
519       0.90739             0
520       0.90739             0
521       0.90739             0
522       0.90739             0
523       0.90739             0
524       0.90739             0
525       0.90739             0
526       0.90739             0
527       0.90739             0
528       0.90739             0
529       0.90739             0
530       0.90739             0
531       0.90739             0
532       0.90739             0
533       0.90739             0
534       0.90739             0
535       0.90739             0
536       0.90739             0
537       0.90739             0
538       0.90739             0
539       0.90739             0
540       0.90739             0
541       0.90739             0
542       0.90739             0
543       0.90739             0
544       0.90739             0
545       0.90739             0
546       0.90739             0
547       0.90739             0
548       0.90739             0
549       0.90739             0
550       0.90739             0
551       0.90739             0
552       0.90739             0
553       0.90739             0
554       0.90739             0
555       0.90739        0.0001
556       0.90739             0
557       0.90739             0
558       0.90739             0
559       0.90739             0
560       0.90739             0
561       0.90739             0
562       0.90739             0
563       0.90739             0
564       0.90739        0.0001
565       0.90739             0
566       0.90739             0
567       0.90739             0
568       0.90739             0
569       0.90739             0
570       0.90739             0
571       0.90739             0
572       0.90739             0
573       0.90739             0
574       0.90739             0
575       0.90739             0
576       0.90739             0
577       0.90739             0
578       0.90739             0
579       0.90739             0
580       0.90739             0
581       0.90739             0
582       0.90739             0
583       0.90739             0
584       0.90739             0
585       0.90739             0
586       0.90739             0
587       0.90739             0
588       0.90739             0
589       0.90739             0
590       0.90739             0
591       0.90739             0
592       0.90739             0
593       0.90739             0
594       0.90739             0
595       0.90739             0
596       0.90739             0
597       0.90739             0
598       0.90739             0
599       0.90739             0
600       0.90739             0
601       0.90739             0
602       0.90739             0
603       0.90739             0
604       0.90739        0.0001
605       0.90739             0
606       0.90739             0
607       0.90739             0
608       0.90739             0
609       0.90739             0
610       0.90739             0
611       0.90739             0
612       0.90739             0
613       0.90739             0
614       0.90739             0
615       0.90739             0
616       0.90739             0
617       0.90739             0
618       0.90739             0
619       0.90739             0
620       0.90739             0
621       0.90739             0
622       0.90739             0
623       0.90739             0
624       0.90739             0
625       0.90739             0
626       0.90739             0
627       0.90739        0.0002
628       0.90739             0
629       0.90739             0
630       0.90739             0
631       0.90739             0
632       0.90739             0
633       0.90739             0
634       0.90739             0
635       0.90739             0
636       0.90739             0
637       0.90739             0
638       0.90739             0
639       0.90739        0.0001
640       0.90739             0
641       0.90739             0
642       0.90739             0
643       0.90739             0
644       0.90739             0
645       0.90739             0
646       0.90739             0
647       0.90739             0
648       0.90739             0
649       0.90739             0
650       0.90739             0
651       0.90739             0
652       0.90739             0
653       0.90739             0
654       0.90739        0.0001
655       0.90739             0
656       0.90739             0
657       0.90739             0
658       0.90739             0
659       0.90739             0
660       0.90739             0
661       0.90739             0
662       0.90739             0
663       0.90739             0
664       0.90739             0
665       0.90739             0
666       0.90739             0
667       0.90739             0
668       0.90739        0.0001
669       0.90739             0
670       0.90739             0
671       0.90739             0
672       0.90739             0
673       0.90739             0
674       0.90739             0
675       0.90739             0
676       0.90739             0
677       0.90739             0
678       0.90739             0
679       0.90739             0
680       0.90739             0
681       0.90739             0
682       0.90739             0
683       0.90739             0
684       0.90739             0
685       0.90739        0.0001
686       0.90739             0
687       0.90739             0
688       0.90739             0
689       0.90739             0
690       0.90739             0
691       0.90739             0
692       0.90739             0
693       0.90739             0
694       0.90739             0
695       0.90739             0
696       0.90739             0
697       0.90739             0
698       0.90739             0
699       0.90739             0
700       0.90739             0
701       0.90739             0
702       0.90739             0
703       0.90739             0
704       0.90739             0
705       0.90739             0
706       0.90739             0
707       0.90739             0
708       0.90739             0
709       0.90739             0
710       0.90739             0
711       0.90739             0
712       0.90739             0
713       0.90739             0
714       0.90739             0
715       0.90739             0
716       0.90739             0
717       0.90739             0
718       0.90739             0
719       0.90739             0
720       0.90739             0
721       0.90739        0.0002
722       0.90739             0
723       0.90739             0
724       0.90739             0
725       0.90739             0
726       0.90739             0
727       0.90739             0
728       0.90739             0
729       0.90739             0
730       0.90739             0
731       0.90739             0
732       0.90739             0
733       0.90739             0
734       0.90739             0
735       0.90739             0
736       0.90739             0
737       0.90739             0
738       0.90739             0
739       0.90739             0
740       0.90739             0
741       0.90739             0
742       0.90739             0
743       0.90739             0
744       0.90739             0
745       0.90739             0
746       0.90739             0
747       0.90739             0
748       0.90739             0
749       0.90739             0
750       0.90739             0
751       0.90739             0
752       0.90739             0
753       0.90739             0
754       0.90739             0
755       0.90739        0.0001
756       0.90739             0
757       0.90739             0
758       0.90739             0
759       0.90739             0
760       0.90739             0
761       0.90739             0
762       0.90739             0
763       0.90739             0
764       0.90739             0
765       0.90739        0.0001
766       0.90739             0
767       0.90739             0
768       0.90739             0
769       0.90739             0
770       0.90739             0
771       0.90739             0
772       0.90739             0
773       0.90739             0
774       0.90739             0
775       0.90739             0
776       0.90739             0
777       0.90739             0
778       0.90739             0
779       0.90739             0
780       0.90739        0.0001
781       0.90739             0
782       0.90739             0
783       0.90739             0
784       0.90739             0
785       0.90739             0
786       0.90739             0
787       0.90739             0
788       0.90739             0
789       0.90739             0
790       0.90739             0
791       0.90739             0
792       0.90739             0
793       0.90739             0
794       0.90739             0
795       0.90739             0
796       0.90739             0
797       0.90739             0
798       0.90739             0
799       0.90739             0
800       0.90739             0
801       0.90739             0
802       0.90739             0
803       0.90739             0
804       0.90739             0
805       0.90739             0
806       0.90739             0
807       0.90739             0
808       0.90739             0
809       0.90739             0
810       0.90739             0
811       0.90739             0
812       0.90739             0
813       0.90739             0
814       0.90739             0
815       0.90739             0
816       0.90739        0.0001
817       0.90739             0
818       0.90739        0.0001
819       0.90739             0
820       0.90739             0
821       0.90739             0
822       0.90739             0
823       0.90739             0
824       0.90739             0
825       0.90739             0
826       0.90739             0
827       0.90739             0
828       0.90739        0.0001
829       0.90739             0
830       0.90739             0
831       0.90739             0
832       0.90739             0
833       0.90739             0
834       0.90739             0
835       0.90739             0
836       0.90739             0
837       0.90739             0
838       0.90739             0
839       0.90739             0
840       0.90739             0
841       0.90739             0
842       0.90739             0
843       0.90739             0
844       0.90739             0
845       0.90739             0
846       0.90739             0
847       0.90739             0
848       0.90739             0
849       0.90739             0
850       0.90739             0
851       0.90739             0
852       0.90739             0
853       0.90739             0
854       0.90739        0.0001
855       0.90739             0
856       0.90739             0
857       0.90739             0
858       0.90739             0
859       0.90739        0.0001
860       0.90739             0
861       0.90739        0.0001
862       0.90739             0
863       0.90739             0
864       0.90739             0
865       0.90739             0
866       0.90739             0
867       0.90739             0
868       0.90739             0
869       0.90739             0
870       0.90739             0
871       0.90739             0
872       0.90739             0
873       0.90739             0
874       0.90739             0
875       0.90739             0
876       0.90739             0
877       0.90739             0
878       0.90739             0
879       0.90739        0.0001
880       0.90739             0
881       0.90739             0
882       0.90739             0
883       0.90739             0
884       0.90739             0
885       0.90739             0
886       0.90739             0
887       0.90739             0
888       0.90739             0
889       0.90739             0
890       0.90739             0
891       0.90739             0
892       0.90739             0
893       0.90739             0
894       0.90739             0
895       0.90739             0
896       0.90739             0
897       0.90739             0
898       0.90739             0
899       0.90739             0
900       0.90739             0
901       0.90739             0
902       0.90739             0
903       0.90739             0
904       0.90739             0
905       0.90739             0
906       0.90739             0
907       0.90739             0
908       0.90739             0
909       0.90739             0
910       0.90739             0
911       0.90739             0
912       0.90739             0
913       0.90739             0
914       0.90739             0
915       0.90739             0
916       0.90739             0
917       0.90739             0
918       0.90739             0
919       0.90739             0
920       0.90739             0
921       0.90739             0
922       0.90739             0
923       0.90739             0
924       0.90739             0
925       0.90739             0
926       0.90739             0
927       0.90739             0
928       0.90739             0
929       0.90739             0
930       0.90739             0
931       0.90739             0
932       0.90739             0
933       0.90739             0
934       0.90739             0
935       0.90739             0
936       0.90739             0
937       0.90739             0
938       0.90739             0
939       0.90739             0
940       0.90739             0
941       0.90739             0
942       0.90739             0
943       0.90739             0
944       0.90739             0
945       0.90739             0
946       0.90739             0
947       0.90739             0
948       0.90739             0
949       0.90739             0
950       0.90739             0
951       0.90739             0
952       0.90739        0.0001
953       0.90739             0
954       0.90739             0
955       0.90739             0
956       0.90739             0
957       0.90739             0
958       0.90739             0
959       0.90739             0
960       0.90739             0
961       0.90739             0
962       0.90739             0
963       0.90739             0
964       0.90739             0
965       0.90739             0
966       0.90739             0
967       0.90739             0
968       0.90739             0
969       0.90739             0
970       0.90739             0
971       0.90739             0
972       0.90739             0
973       0.90739             0
974       0.90739             0
975       0.90739             0
976       0.90739             0
977       0.90739             0
978       0.90739             0
979       0.90739             0
980       0.90739             0
981       0.90739             0
982       0.90739             0
983       0.90739             0
984       0.90739             0
985       0.90739             0
986       0.90739             0
987       0.90739             0
988       0.90739             0
989       0.90739             0
990       0.90739             0
991       0.90739             0
992       0.90739             0
993       0.90739             0
994       0.90739             0
995       0.90739             0
996       0.90739             0
997       0.90739             0
998       0.90739             0
999       0.90739             0
