#BLOCK   PARTNER   MY_BETA PART_BETA   DELTA_BDELTA_E  ACCEPTED
0         3   4.26599   2.59099     1.675    23.082         1
1         1   4.26599   6.70544  -2.43946   2.33462         0
2         3   4.26599   2.59099     1.675  -9.84751         0
3         1   4.26599   6.70544  -2.43946  -11.1995         1
4         3   4.26599   2.59099     1.675    15.528         1
5         1   4.26599   6.70544  -2.43946  -4.02643         1
6         3   4.26599   2.59099     1.675    -7.844         0
7         1   4.26599   6.70544  -2.43946   6.52296         0
8         3   4.26599   2.59099     1.675  -6.63769         0
9         1   4.26599   6.70544  -2.43946   3.62972         0
10         3   4.26599   2.59099     1.675  -2.12649         0
11         1   4.26599   6.70544  -2.43946    12.244         0
12         3   4.26599   2.59099     1.675  -2.12649         0
13         1   4.26599   6.70544  -2.43946   6.87978         0
14         3   4.26599   2.59099     1.675  -5.97803         0
15         1   4.26599   6.70544  -2.43946   6.87978         0
16         3   4.26599   2.59099     1.675  -5.97803         0
17         1   4.26599   6.70544  -2.43946   6.87978         0
18         3   4.26599   2.59099     1.675  -4.11723         0
19         1   4.26599   6.70544  -2.43946   6.24922         0
20         3   4.26599   2.59099     1.675   4.54653         1
21         1   4.26599   6.70544  -2.43946  -2.39902         1
22         3   4.26599   2.59099     1.675  -2.14752         0
23         1   4.26599   6.70544  -2.43946   2.39902         0
24         3   4.26599   2.59099     1.675   7.03169         1
25         1   4.26599   6.70544  -2.43946  -5.33584         1
26         3   4.26599   2.59099     1.675   1.05447         1
27         1   4.26599   6.70544  -2.43946  0.561248         0
28         3   4.26599   2.59099     1.675  -1.05447         1
29         1   4.26599   6.70544  -2.43946   1.61571         0
30         3   4.26599   2.59099     1.675   6.05948         1
31         1   4.26599   6.70544  -2.43946  -6.74404         1
32         3   4.26599   2.59099     1.675   4.35504         1
33         1   4.26599   6.70544  -2.43946   2.96052         0
34         3   4.26599   2.59099     1.675  -4.02817         0
35         1   4.26599   6.70544  -2.43946   2.96052         0
36         3   4.26599   2.59099     1.675  -4.02817         0
37         1   4.26599   6.70544  -2.43946   2.96052         0
38         3   4.26599   2.59099     1.675  -2.97535         0
39         1   4.26599   6.70544  -2.43946   2.96052         0
40         3   4.26599   2.59099     1.675  -6.64014         0
41         1   4.26599   6.70544  -2.43946  -0.48196         1
42         3   4.26599   2.59099     1.675  -5.93587         0
43         1   4.26599   6.70544  -2.43946   0.48196         1
44         3   4.26599   2.59099     1.675  -6.41783         0
45         1   4.26599   6.70544  -2.43946  -0.48196         1
46         3   4.26599   2.59099     1.675  -4.57223         0
47         1   4.26599   6.70544  -2.43946   5.36969         0
48         3   4.26599   2.59099     1.675  -5.30602         0
49         1   4.26599   6.70544  -2.43946   5.36969         0
50         3   4.26599   2.59099     1.675  -4.57223         0
51         1   4.26599   6.70544  -2.43946   5.36969         0
52         3   4.26599   2.59099     1.675  -4.57223         0
53         1   4.26599   6.70544  -2.43946   5.36969         0
54         3   4.26599   2.59099     1.675  -6.13747         0
55         1   4.26599   6.70544  -2.43946   5.36969         0
56         3   4.26599   2.59099     1.675  -4.57223         0
57         1   4.26599   6.70544  -2.43946   5.36969         0
58         3   4.26599   2.59099     1.675  -4.57223         0
59         1   4.26599   6.70544  -2.43946   5.36969         0
60         3   4.26599   2.59099     1.675  -4.57223         0
61         1   4.26599   6.70544  -2.43946    5.3199         0
62         3   4.26599   2.59099     1.675  -2.40296         0
63         1   4.26599   6.70544  -2.43946    5.3199         0
64         3   4.26599   2.59099     1.675   1.43617         1
65         1   4.26599   6.70544  -2.43946   3.97073         0
66         3   4.26599   2.59099     1.675  -1.34917         0
67         1   4.26599   6.70544  -2.43946   3.97073         0
68         3   4.26599   2.59099     1.675  -1.34917         0
69         1   4.26599   6.70544  -2.43946   3.97073         0
70         3   4.26599   2.59099     1.675  -1.34917         0
71         1   4.26599   6.70544  -2.43946   3.97073         0
72         3   4.26599   2.59099     1.675  -1.34917         0
73         1   4.26599   6.70544  -2.43946   3.97073         0
74         3   4.26599   2.59099     1.675  -1.34917         0
75         1   4.26599   6.70544  -2.43946   3.97073         0
76         3   4.26599   2.59099     1.675-0.0703463         1
77         1   4.26599   6.70544  -2.43946   4.04108         0
78         3   4.26599   2.59099     1.675 0.0703463         1
79         1   4.26599   6.70544  -2.43946   3.97073         0
80         3   4.26599   2.59099     1.675-0.0703463         1
81         1   4.26599   6.70544  -2.43946   4.04108         0
82         3   4.26599   2.59099     1.675 -0.805349         0
83         1   4.26599   6.70544  -2.43946    1.4608         0
84         3   4.26599   2.59099     1.675  -2.50993         0
85         1   4.26599   6.70544  -2.43946    1.4608         0
86         3   4.26599   2.59099     1.675  -2.50993         0
87         1   4.26599   6.70544  -2.43946    1.4608         0
88         3   4.26599   2.59099     1.675  -2.50993         0
89         1   4.26599   6.70544  -2.43946    1.4608         0
90         3   4.26599   2.59099     1.675  -3.38563         0
91         1   4.26599   6.70544  -2.43946    1.4608         0
92         3   4.26599   2.59099     1.675  -2.50993         0
93         1   4.26599   6.70544  -2.43946    1.4608         0
94         3   4.26599   2.59099     1.675  -2.50993         0
95         1   4.26599   6.70544  -2.43946    1.4608         0
96         3   4.26599   2.59099     1.675   4.06576         1
97         1   4.26599   6.70544  -2.43946  -2.60496         1
98         3   4.26599   2.59099     1.675   -1.4608         1
99         1   4.26599   6.70544  -2.43946   3.63628         0
100         3   4.26599   2.59099     1.675   1.03132         1
101         1   4.26599   6.70544  -2.43946   2.60496         0
102         3   4.26599   2.59099     1.675  -1.03132         0
103         1   4.26599   6.70544  -2.43946   2.60496         0
104         3   4.26599   2.59099     1.675  -1.03132         0
105         1   4.26599   6.70544  -2.43946   2.60496         0
106         3   4.26599   2.59099     1.675  -1.03132         0
107         1   4.26599   6.70544  -2.43946   2.60496         0
108         3   4.26599   2.59099     1.675  -1.03132         0
109         1   4.26599   6.70544  -2.43946   2.60496         0
110         3   4.26599   2.59099     1.675   3.10075         1
111         1   4.26599   6.70544  -2.43946 -0.495789         1
112         3   4.26599   2.59099     1.675   -1.9612         0
113         1   4.26599   6.70544  -2.43946  0.495789         1
114         3   4.26599   2.59099     1.675  -3.10075         0
115         1   4.26599   6.70544  -2.43946 -0.495789         1
116         3   4.26599   2.59099     1.675   -1.9612         0
117         1   4.26599   6.70544  -2.43946  0.495789         0
118         3   4.26599   2.59099     1.675  -2.60496         0
119         1   4.26599   6.70544  -2.43946  0.495789         0
120         3   4.26599   2.59099     1.675   -1.9612         0
121         1   4.26599   6.70544  -2.43946  0.495789         1
122         3   4.26599   2.59099     1.675  -2.45699         0
123         1   4.26599   6.70544  -2.43946 -0.495789         1
124         3   4.26599   2.59099     1.675   -1.9612         0
125         1   4.26599   6.70544  -2.43946  0.495789         0
126         3   4.26599   2.59099     1.675  -2.60496         0
127         1   4.26599   6.70544  -2.43946  0.495789         0
128         3   4.26599   2.59099     1.675   -1.9612         0
129         1   4.26599   6.70544  -2.43946  0.495789         1
130         3   4.26599   2.59099     1.675  -2.45699         0
131         1   4.26599   6.70544  -2.43946 -0.495789         1
132         3   4.26599   2.59099     1.675  -3.08237         0
133         1   4.26599   6.70544  -2.43946  0.495789         0
134         3   4.26599   2.59099     1.675   -1.9612         0
135         1   4.26599   6.70544  -2.43946  0.495789         1
136         3   4.26599   2.59099     1.675  -2.45699         0
137         1   4.26599   6.70544  -2.43946 -0.495789         1
138         3   4.26599   2.59099     1.675   -1.9612         0
139         1   4.26599   6.70544  -2.43946  0.495789         0
140         3   4.26599   2.59099     1.675  -3.08237         0
141         1   4.26599   6.70544  -2.43946  0.495789         0
142         3   4.26599   2.59099     1.675   -1.9612         0
143         1   4.26599   6.70544  -2.43946  0.495789         1
144         3   4.26599   2.59099     1.675  -4.76963         0
145         1   4.26599   6.70544  -2.43946 -0.495789         1
146         3   4.26599   2.59099     1.675 0.0496606         1
147         1   4.26599   6.70544  -2.43946  0.446128         1
148         3   4.26599   2.59099     1.675 -0.495789         0
149         1   4.26599   6.70544  -2.43946   2.88255         0
150         3   4.26599   2.59099     1.675 -0.495789         0
151         1   4.26599   6.70544  -2.43946   2.88255         0
152         3   4.26599   2.59099     1.675 -0.495789         1
153         1   4.26599   6.70544  -2.43946   3.37834         0
154         3   4.26599   2.59099     1.675  0.495789         1
155         1   4.26599   6.70544  -2.43946   2.88255         0
156         3   4.26599   2.59099     1.675 -0.495789         0
157         1   4.26599   6.70544  -2.43946   2.88255         0
158         3   4.26599   2.59099     1.675 -0.495789         1
159         1   4.26599   6.70544  -2.43946   3.37834         0
160         3   4.26599   2.59099     1.675  0.495789         1
161         1   4.26599   6.70544  -2.43946   2.88255         0
162         3   4.26599   2.59099     1.675 -0.495789         1
163         1   4.26599   6.70544  -2.43946   3.37834         0
164         3   4.26599   2.59099     1.675  0.495789         1
165         1   4.26599   6.70544  -2.43946 -0.817679         1
166         3   4.26599   2.59099     1.675  -3.37834         0
167         1   4.26599   6.70544  -2.43946  0.817679         0
168         3   4.26599   2.59099     1.675  -3.37834         0
169         1   4.26599   6.70544  -2.43946  0.817679         0
170         3   4.26599   2.59099     1.675  -3.37834         0
171         1   4.26599   6.70544  -2.43946  0.817679         0
172         3   4.26599   2.59099     1.675  -3.37834         0
173         1   4.26599   6.70544  -2.43946  0.817679         0
174         3   4.26599   2.59099     1.675  -3.37834         0
175         1   4.26599   6.70544  -2.43946  0.817679         0
176         3   4.26599   2.59099     1.675  -3.37834         0
177         1   4.26599   6.70544  -2.43946  0.817679         0
178         3   4.26599   2.59099     1.675  -3.37834         0
179         1   4.26599   6.70544  -2.43946  0.817679         0
180         3   4.26599   2.59099     1.675  -3.37834         0
181         1   4.26599   6.70544  -2.43946  0.817679         0
182         3   4.26599   2.59099     1.675  -3.16687         0
183         1   4.26599   6.70544  -2.43946   1.48763         0
184         3   4.26599   2.59099     1.675  -3.16687         0
185         1   4.26599   6.70544  -2.43946 -0.543718         1
186         3   4.26599   2.59099     1.675   -4.6545         0
187         1   4.26599   6.70544  -2.43946  -1.49066         1
188         3   4.26599   2.59099     1.675  -5.94952         0
189         1   4.26599   6.70544  -2.43946 -0.751298         1
190         3   4.26599   2.59099     1.675  -5.19822         0
191         1   4.26599   6.70544  -2.43946  0.751298         0
192         3   4.26599   2.59099     1.675  -5.19822         0
193         1   4.26599   6.70544  -2.43946  0.751298         1
194         3   4.26599   2.59099     1.675  -5.94952         0
195         1   4.26599   6.70544  -2.43946 -0.751298         1
196         3   4.26599   2.59099     1.675  -5.19822         0
197         1   4.26599   6.70544  -2.43946  0.751298         0
198         3   4.26599   2.59099     1.675  -5.19822         0
199         1   4.26599   6.70544  -2.43946   1.33843         1
200         3   4.26599   2.59099     1.675  -6.53665         0
201         1   4.26599   6.70544  -2.43946  -11.0443         1
202         3   4.26599   2.59099     1.675  -5.19822         0
203         1   4.26599   6.70544  -2.43946   2.24196         0
204         3   4.26599   2.59099     1.675  -5.19822         0
205         1   4.26599   6.70544  -2.43946   2.24196         0
206         3   4.26599   2.59099     1.675  -5.19822         0
207         1   4.26599   6.70544  -2.43946   2.24196         0
208         3   4.26599   2.59099     1.675  -5.19822         0
209         1   4.26599   6.70544  -2.43946   2.24196         0
210         3   4.26599   2.59099     1.675  -5.19822         0
211         1   4.26599   6.70544  -2.43946   2.24196         0
212         3   4.26599   2.59099     1.675  -5.19822         0
213         1   4.26599   6.70544  -2.43946   2.24196         0
214         3   4.26599   2.59099     1.675  -5.19822         0
215         1   4.26599   6.70544  -2.43946   2.24196         0
216         3   4.26599   2.59099     1.675 -0.341709         1
217         1   4.26599   6.70544  -2.43946   2.58367         0
218         3   4.26599   2.59099     1.675  0.341709         1
219         1   4.26599   6.70544  -2.43946   2.24196         0
220         3   4.26599   2.59099     1.675  0.577069         1
221         1   4.26599   6.70544  -2.43946   2.58367         0
222         3   4.26599   2.59099     1.675 -0.577069         1
223         1   4.26599   6.70544  -2.43946   3.16074         0
224         3   4.26599   2.59099     1.675  0.577069         1
225         1   4.26599   6.70544  -2.43946   2.58367         0
226         3   4.26599   2.59099     1.675 -0.577069         1
227         1   4.26599   6.70544  -2.43946   3.16074         0
228         3   4.26599   2.59099     1.675   4.35848         1
229         1   4.26599   6.70544  -2.43946  -1.19774         1
230         3   4.26599   2.59099     1.675  -3.16074         0
231         1   4.26599   6.70544  -2.43946   1.19774         1
232         3   4.26599   2.59099     1.675  -4.35848         0
233         1   4.26599   6.70544  -2.43946  -1.19774         1
234         3   4.26599   2.59099     1.675  -3.16074         0
235         1   4.26599   6.70544  -2.43946   1.19774         0
236         3   4.26599   2.59099     1.675  -3.16074         0
237         1   4.26599   6.70544  -2.43946   1.19774         0
238         3   4.26599   2.59099     1.675  -3.16074         0
239         1   4.26599   6.70544  -2.43946   1.19774         0
240         3   4.26599   2.59099     1.675  -3.16074         0
241         1   4.26599   6.70544  -2.43946   1.19774         0
242         3   4.26599   2.59099     1.675  -3.16074         0
243         1   4.26599   6.70544  -2.43946   1.19774         0
244         3   4.26599   2.59099     1.675  -3.16074         0
245         1   4.26599   6.70544  -2.43946   1.19774         0
246         3   4.26599   2.59099     1.675  -3.16074         0
247         1   4.26599   6.70544  -2.43946   1.19774         0
248         3   4.26599   2.59099     1.675  -3.16074         0
249         1   4.26599   6.70544  -2.43946   1.19774         0
250         3   4.26599   2.59099     1.675  -3.16074         0
251         1   4.26599   6.70544  -2.43946   1.40039         0
252         3   4.26599   2.59099     1.675  -3.16074         0
253         1   4.26599   6.70544  -2.43946   1.40039         0
254         3   4.26599   2.59099     1.675  -3.16074         0
255         1   4.26599   6.70544  -2.43946   1.40039         0
256         3   4.26599   2.59099     1.675  -3.16074         0
257         1   4.26599   6.70544  -2.43946   1.40039         0
258         3   4.26599   2.59099     1.675  -3.16074         0
259         1   4.26599   6.70544  -2.43946   1.40039         0
260         3   4.26599   2.59099     1.675  -3.16074         0
261         1   4.26599   6.70544  -2.43946   1.40039         0
262         3   4.26599   2.59099     1.675  -3.16074         0
263         1   4.26599   6.70544  -2.43946   1.40039         0
264         3   4.26599   2.59099     1.675  -3.16074         0
265         1   4.26599   6.70544  -2.43946   1.40039         0
266         3   4.26599   2.59099     1.675  -3.16074         0
267         1   4.26599   6.70544  -2.43946   1.40039         0
268         3   4.26599   2.59099     1.675  -3.16074         0
269         1   4.26599   6.70544  -2.43946   1.40039         0
270         3   4.26599   2.59099     1.675  -3.16074         0
271         1   4.26599   6.70544  -2.43946   1.40039         0
272         3   4.26599   2.59099     1.675  -3.16074         0
273         1   4.26599   6.70544  -2.43946   1.40039         0
274         3   4.26599   2.59099     1.675  -3.16074         0
275         1   4.26599   6.70544  -2.43946   1.40039         0
276         3   4.26599   2.59099     1.675  -3.16074         0
277         1   4.26599   6.70544  -2.43946   1.40039         0
278         3   4.26599   2.59099     1.675  -3.16074         0
279         1   4.26599   6.70544  -2.43946   1.40039         0
280         3   4.26599   2.59099     1.675  -3.16074         0
281         1   4.26599   6.70544  -2.43946   1.40039         0
282         3   4.26599   2.59099     1.675  -3.16074         0
283         1   4.26599   6.70544  -2.43946   1.40039         0
284         3   4.26599   2.59099     1.675  -3.16074         0
285         1   4.26599   6.70544  -2.43946   1.40039         0
286         3   4.26599   2.59099     1.675  -3.16074         0
287         1   4.26599   6.70544  -2.43946   1.40039         0
288         3   4.26599   2.59099     1.675  -3.16074         0
289         1   4.26599   6.70544  -2.43946   1.40039         0
290         3   4.26599   2.59099     1.675  -3.16074         0
291         1   4.26599   6.70544  -2.43946   1.40039         0
292         3   4.26599   2.59099     1.675  -3.16074         0
293         1   4.26599   6.70544  -2.43946   1.40039         0
294         3   4.26599   2.59099     1.675  -3.16074         0
295         1   4.26599   6.70544  -2.43946   1.40039         0
296         3   4.26599   2.59099     1.675  -3.16074         0
297         1   4.26599   6.70544  -2.43946   1.40039         0
298         3   4.26599   2.59099     1.675  -3.16074         0
299         1   4.26599   6.70544  -2.43946   1.40039         0
300         3   4.26599   2.59099     1.675  -3.16074         0
301         1   4.26599   6.70544  -2.43946   1.40039         0
302         3   4.26599   2.59099     1.675  -3.16074         0
303         1   4.26599   6.70544  -2.43946   1.40039         0
304         3   4.26599   2.59099     1.675  -3.16074         0
305         1   4.26599   6.70544  -2.43946   1.40039         0
306         3   4.26599   2.59099     1.675  -3.16074         0
307         1   4.26599   6.70544  -2.43946   1.40039         0
308         3   4.26599   2.59099     1.675  -3.16074         0
309         1   4.26599   6.70544  -2.43946   1.40039         0
310         3   4.26599   2.59099     1.675  -3.16074         0
311         1   4.26599   6.70544  -2.43946   1.40039         0
312         3   4.26599   2.59099     1.675  -3.16074         0
313         1   4.26599   6.70544  -2.43946   1.40039         0
314         3   4.26599   2.59099     1.675  -3.16074         0
315         1   4.26599   6.70544  -2.43946   1.40039         0
316         3   4.26599   2.59099     1.675  -3.16074         0
317         1   4.26599   6.70544  -2.43946   1.40039         0
318         3   4.26599   2.59099     1.675  -3.16074         0
319         1   4.26599   6.70544  -2.43946   1.40039         0
320         3   4.26599   2.59099     1.675  -3.16074         0
321         1   4.26599   6.70544  -2.43946   1.40039         0
322         3   4.26599   2.59099     1.675  -3.16074         0
323         1   4.26599   6.70544  -2.43946   1.40039         0
324         3   4.26599   2.59099     1.675  -3.16074         0
325         1   4.26599   6.70544  -2.43946   1.40039         0
326         3   4.26599   2.59099     1.675  -3.16074         0
327         1   4.26599   6.70544  -2.43946   1.40039         1
328         3   4.26599   2.59099     1.675  -4.56113         0
329         1   4.26599   6.70544  -2.43946  -1.40039         1
330         3   4.26599   2.59099     1.675  -3.53604         0
331         1   4.26599   6.70544  -2.43946   5.11538         0
332         3   4.26599   2.59099     1.675  -3.16074         0
333         1   4.26599   6.70544  -2.43946   5.11538         0
334         3   4.26599   2.59099     1.675  -3.53604         0
335         1   4.26599   6.70544  -2.43946   5.11538         0
336         3   4.26599   2.59099     1.675  -3.16074         0
337         1   4.26599   6.70544  -2.43946   5.11538         0
338         3   4.26599   2.59099     1.675  -4.25323         0
339         1   4.26599   6.70544  -2.43946   5.11538         0
340         3   4.26599   2.59099     1.675  -3.16074         0
341         1   4.26599   6.70544  -2.43946   9.91945         0
342         3   4.26599   2.59099     1.675  -3.16074         0
343         1   4.26599   6.70544  -2.43946   9.91945         0
344         3   4.26599   2.59099     1.675  -4.25323         0
345         1   4.26599   6.70544  -2.43946   9.91945         0
346         3   4.26599   2.59099     1.675  -3.16074         0
347         1   4.26599   6.70544  -2.43946   9.91945         0
348         3   4.26599   2.59099     1.675  -4.25323         0
349         1   4.26599   6.70544  -2.43946   9.91945         0
350         3   4.26599   2.59099     1.675 -0.623607         1
351         1   4.26599   6.70544  -2.43946   10.5431         0
352         3   4.26599   2.59099     1.675  0.623607         1
353         1   4.26599   6.70544  -2.43946   9.91945         0
354         3   4.26599   2.59099     1.675 -0.623607         0
355         1   4.26599   6.70544  -2.43946   9.91945         0
356         3   4.26599   2.59099     1.675 -0.623607         0
357         1   4.26599   6.70544  -2.43946   9.91945         0
358         3   4.26599   2.59099     1.675 -0.623607         0
359         1   4.26599   6.70544  -2.43946   9.91945         0
360         3   4.26599   2.59099     1.675 -0.623607         0
361         1   4.26599   6.70544  -2.43946   9.91945         0
362         3   4.26599   2.59099     1.675 -0.623607         0
363         1   4.26599   6.70544  -2.43946   9.91945         0
364         3   4.26599   2.59099     1.675 -0.623607         1
365         1   4.26599   6.70544  -2.43946   10.5431         0
366         3   4.26599   2.59099     1.675  0.623607         1
367         1   4.26599   6.70544  -2.43946   9.91945         0
368         3   4.26599   2.59099     1.675 -0.623607         0
369         1   4.26599   6.70544  -2.43946   9.91945         0
370         3   4.26599   2.59099     1.675 -0.623607         0
371         1   4.26599   6.70544  -2.43946   9.91945         0
372         3   4.26599   2.59099     1.675 -0.623607         1
373         1   4.26599   6.70544  -2.43946   10.5431         0
374         3   4.26599   2.59099     1.675  0.623607         1
375         1   4.26599   6.70544  -2.43946   9.91945         0
376         3   4.26599   2.59099     1.675 -0.623607         0
377         1   4.26599   6.70544  -2.43946   9.91945         0
378         3   4.26599   2.59099     1.675 -0.623607         0
379         1   4.26599   6.70544  -2.43946   9.91945         0
380         3   4.26599   2.59099     1.675 -0.623607         1
381         1   4.26599   6.70544  -2.43946   10.5431         0
382         3   4.26599   2.59099     1.675  0.623607         1
383         1   4.26599   6.70544  -2.43946   9.91945         0
384         3   4.26599   2.59099     1.675 -0.623607         0
385         1   4.26599   6.70544  -2.43946   9.91945         0
386         3   4.26599   2.59099     1.675 -0.623607         0
387         1   4.26599   6.70544  -2.43946   9.91945         0
388         3   4.26599   2.59099     1.675 -0.623607         0
389         1   4.26599   6.70544  -2.43946   9.91945         0
390         3   4.26599   2.59099     1.675 -0.623607         1
391         1   4.26599   6.70544  -2.43946   10.5431         0
392         3   4.26599   2.59099     1.675  0.623607         1
393         1   4.26599   6.70544  -2.43946   9.91945         0
394         3   4.26599   2.59099     1.675 -0.623607         0
395         1   4.26599   6.70544  -2.43946   9.91945         0
396         3   4.26599   2.59099     1.675 -0.623607         0
397         1   4.26599   6.70544  -2.43946   9.91945         0
398         3   4.26599   2.59099     1.675 -0.623607         1
399         1   4.26599   6.70544  -2.43946   10.5431         0
400         3   4.26599   2.59099     1.675  0.623607         1
401         1   4.26599   6.70544  -2.43946   9.91945         0
402         3   4.26599   2.59099     1.675 -0.368687         1
403         1   4.26599   6.70544  -2.43946   10.2881         0
404         3   4.26599   2.59099     1.675  0.368687         1
405         1   4.26599   6.70544  -2.43946   9.91945         0
406         3   4.26599   2.59099     1.675 -0.368687         0
407         1   4.26599   6.70544  -2.43946   9.91945         0
408         3   4.26599   2.59099     1.675 -0.623607         0
409         1   4.26599   6.70544  -2.43946   9.91945         0
410         3   4.26599   2.59099     1.675 -0.368687         1
411         1   4.26599   6.70544  -2.43946   10.2881         0
412         3   4.26599   2.59099     1.675  0.368687         1
413         1   4.26599   6.70544  -2.43946   9.91945         0
414         3   4.26599   2.59099     1.675 -0.623607         1
415         1   4.26599   6.70544  -2.43946   10.5431         0
416         3   4.26599   2.59099     1.675  0.623607         1
417         1   4.26599   6.70544  -2.43946   9.91945         0
418         3   4.26599   2.59099     1.675 -0.414572         1
419         1   4.26599   6.70544  -2.43946    10.334         0
420         3   4.26599   2.59099     1.675  0.414572         1
421         1   4.26599   6.70544  -2.43946   9.91945         0
422         3   4.26599   2.59099     1.675 -0.686373         0
423         1   4.26599   6.70544  -2.43946   9.91945         0
424         3   4.26599   2.59099     1.675 -0.623607         1
425         1   4.26599   6.70544  -2.43946   10.5431         0
426         3   4.26599   2.59099     1.675  0.623607         1
427         1   4.26599   6.70544  -2.43946   9.91945         0
428         3   4.26599   2.59099     1.675 -0.686373         0
429         1   4.26599   6.70544  -2.43946   9.91945         0
430         3   4.26599   2.59099     1.675   2.76687         1
431         1   4.26599   6.70544  -2.43946   7.15258         0
432         3   4.26599   2.59099     1.675  -2.76687         0
433         1   4.26599   6.70544  -2.43946   7.15258         0
434         3   4.26599   2.59099     1.675  -2.76687         0
435         1   4.26599   6.70544  -2.43946   7.15258         0
436         3   4.26599   2.59099     1.675  -3.39047         0
437         1   4.26599   6.70544  -2.43946   7.15258         0
438         3   4.26599   2.59099     1.675  -2.76687         0
439         1   4.26599   6.70544  -2.43946   7.15258         0
440         3   4.26599   2.59099     1.675  -2.76687         0
441         1   4.26599   6.70544  -2.43946   5.01883         0
442         3   4.26599   2.59099     1.675  -4.90061         0
443         1   4.26599   6.70544  -2.43946   5.01883         0
444         3   4.26599   2.59099     1.675  -4.90061         0
445         1   4.26599   6.70544  -2.43946   5.01883         0
446         3   4.26599   2.59099     1.675  -4.90061         0
447         1   4.26599   6.70544  -2.43946   5.01883         0
448         3   4.26599   2.59099     1.675  -5.52422         0
449         1   4.26599   6.70544  -2.43946   1.96391         1
450         3   4.26599   2.59099     1.675  -9.91945         0
451         1   4.26599   6.70544  -2.43946  -1.96391         1
452         3   4.26599   2.59099     1.675  -7.95553         0
453         1   4.26599   6.70544  -2.43946   1.96391         0
454         3   4.26599   2.59099     1.675  -7.95553         0
455         1   4.26599   6.70544  -2.43946   1.96391         0
456         3   4.26599   2.59099     1.675  -3.88266         0
457         1   4.26599   6.70544  -2.43946   1.96391         0
458         3   4.26599   2.59099     1.675  -3.88266         0
459         1   4.26599   6.70544  -2.43946   1.96391         0
460         3   4.26599   2.59099     1.675  -3.88266         0
461         1   4.26599   6.70544  -2.43946   1.96391         0
462         3   4.26599   2.59099     1.675  -3.88266         0
463         1   4.26599   6.70544  -2.43946   1.96391         0
464         3   4.26599   2.59099     1.675  -3.88266         0
465         1   4.26599   6.70544  -2.43946   1.96391         0
466         3   4.26599   2.59099     1.675  -6.49854         0
467         1   4.26599   6.70544  -2.43946 -0.651961         1
468         3   4.26599   2.59099     1.675  -5.84658         0
469         1   4.26599   6.70544  -2.43946  0.651961         0
470         3   4.26599   2.59099     1.675  -5.84658         0
471         1   4.26599   6.70544  -2.43946  0.651961         0
472         3   4.26599   2.59099     1.675  -5.84658         0
473         1   4.26599   6.70544  -2.43946  0.651961         0
474         3   4.26599   2.59099     1.675  -5.84658         0
475         1   4.26599   6.70544  -2.43946  0.651961         1
476         3   4.26599   2.59099     1.675  -6.49854         0
477         1   4.26599   6.70544  -2.43946 -0.651961         1
478         3   4.26599   2.59099     1.675  -5.84658         0
479         1   4.26599   6.70544  -2.43946  0.651961         0
480         3   4.26599   2.59099     1.675  -5.84658         0
481         1   4.26599   6.70544  -2.43946  0.651961         0
482         3   4.26599   2.59099     1.675  -5.84658         0
483         1   4.26599   6.70544  -2.43946  0.651961         0
484         3   4.26599   2.59099     1.675  -5.84658         0
485         1   4.26599   6.70544  -2.43946  0.651961         0
486         3   4.26599   2.59099     1.675  -5.84658         0
487         1   4.26599   6.70544  -2.43946  0.651961         0
488         3   4.26599   2.59099     1.675  -5.84658         0
489         1   4.26599   6.70544  -2.43946  0.651961         0
490         3   4.26599   2.59099     1.675  -5.84658         0
491         1   4.26599   6.70544  -2.43946  0.651961         1
492         3   4.26599   2.59099     1.675  -6.49854         0
493         1   4.26599   6.70544  -2.43946 -0.651961         1
494         3   4.26599   2.59099     1.675  -5.84658         0
495         1   4.26599   6.70544  -2.43946  0.651961         0
496         3   4.26599   2.59099     1.675  -5.84658         0
497         1   4.26599   6.70544  -2.43946  0.651961         0
498         3   4.26599   2.59099     1.675  -5.84658         0
499         1   4.26599   6.70544  -2.43946  0.651961         0
500         3   4.26599   2.59099     1.675  -5.84658         0
501         1   4.26599   6.70544  -2.43946  0.651961         1
502         3   4.26599   2.59099     1.675  -6.49854         0
503         1   4.26599   6.70544  -2.43946 -0.651961         1
504         3   4.26599   2.59099     1.675  -5.84658         0
505         1   4.26599   6.70544  -2.43946  0.651961         0
506         3   4.26599   2.59099     1.675  -5.84658         0
507         1   4.26599   6.70544  -2.43946  0.651961         0
508         3   4.26599   2.59099     1.675  -5.84658         0
509         1   4.26599   6.70544  -2.43946  0.651961         0
510         3   4.26599   2.59099     1.675  -5.84658         0
511         1   4.26599   6.70544  -2.43946  0.651961         0
512         3   4.26599   2.59099     1.675  -5.84658         0
513         1   4.26599   6.70544  -2.43946  0.651961         0
514         3   4.26599   2.59099     1.675  -5.84658         0
515         1   4.26599   6.70544  -2.43946  0.651961         0
516         3   4.26599   2.59099     1.675  -5.84658         0
517         1   4.26599   6.70544  -2.43946  0.651961         0
518         3   4.26599   2.59099     1.675  -5.84658         0
519         1   4.26599   6.70544  -2.43946  0.651961         0
520         3   4.26599   2.59099     1.675  -5.84658         0
521         1   4.26599   6.70544  -2.43946  0.651961         0
522         3   4.26599   2.59099     1.675  -5.84658         0
523         1   4.26599   6.70544  -2.43946  0.651961         0
524         3   4.26599   2.59099     1.675  -5.84658         0
525         1   4.26599   6.70544  -2.43946  0.651961         1
526         3   4.26599   2.59099     1.675   -6.2575         0
527         1   4.26599   6.70544  -2.43946 -0.651961         1
528         3   4.26599   2.59099     1.675  -5.60554         0
529         1   4.26599   6.70544  -2.43946  0.651961         0
530         3   4.26599   2.59099     1.675  -5.60554         0
531         1   4.26599   6.70544  -2.43946  0.651961         0
532         3   4.26599   2.59099     1.675  -5.60554         0
533         1   4.26599   6.70544  -2.43946  0.651961         0
534         3   4.26599   2.59099     1.675  -5.10241         0
535         1   4.26599   6.70544  -2.43946  0.651961         0
536         3   4.26599   2.59099     1.675  -5.10241         0
537         1   4.26599   6.70544  -2.43946  0.651961         0
538         3   4.26599   2.59099     1.675  -5.10241         0
539         1   4.26599   6.70544  -2.43946  0.651961         1
540         3   4.26599   2.59099     1.675  -5.75437         0
541         1   4.26599   6.70544  -2.43946 -0.651961         1
542         3   4.26599   2.59099     1.675  -5.10241         0
543         1   4.26599   6.70544  -2.43946  0.651961         0
544         3   4.26599   2.59099     1.675    1.6428         1
545         1   4.26599   6.70544  -2.43946 -0.990838         1
546         3   4.26599   2.59099     1.675 -0.651961         1
547         1   4.26599   6.70544  -2.43946    1.6428         0
548         3   4.26599   2.59099     1.675  0.651961         1
549         1   4.26599   6.70544  -2.43946  0.990838         0
550         3   4.26599   2.59099     1.675 -0.651961         0
551         1   4.26599   6.70544  -2.43946   1.16573         0
552         3   4.26599   2.59099     1.675 -0.651961         1
553         1   4.26599   6.70544  -2.43946    1.8177         0
554         3   4.26599   2.59099     1.675  0.651961         1
555         1   4.26599   6.70544  -2.43946   1.16573         0
556         3   4.26599   2.59099     1.675 -0.651961         0
557         1   4.26599   6.70544  -2.43946   1.16573         0
558         3   4.26599   2.59099     1.675 -0.651961         0
559         1   4.26599   6.70544  -2.43946   1.16573         0
560         3   4.26599   2.59099     1.675 -0.651961         1
561         1   4.26599   6.70544  -2.43946    1.8177         0
562         3   4.26599   2.59099     1.675  0.651961         1
563         1   4.26599   6.70544  -2.43946   1.16573         0
564         3   4.26599   2.59099     1.675 -0.651961         1
565         1   4.26599   6.70544  -2.43946    1.8177         0
566         3   4.26599   2.59099     1.675  0.651961         1
567         1   4.26599   6.70544  -2.43946   1.16573         0
568         3   4.26599   2.59099     1.675 -0.651961         1
569         1   4.26599   6.70544  -2.43946    1.8177         0
570         3   4.26599   2.59099     1.675  0.651961         1
571         1   4.26599   6.70544  -2.43946   1.16573         0
572         3   4.26599   2.59099     1.675 -0.651961         1
573         1   4.26599   6.70544  -2.43946    1.8177         0
574         3   4.26599   2.59099     1.675  0.651961         1
575         1   4.26599   6.70544  -2.43946   1.16573         0
576         3   4.26599   2.59099     1.675 -0.651961         0
577         1   4.26599   6.70544  -2.43946   1.16573         0
578         3   4.26599   2.59099     1.675 -0.651961         0
579         1   4.26599   6.70544  -2.43946   1.16573         0
580         3   4.26599   2.59099     1.675 -0.651961         0
581         1   4.26599   6.70544  -2.43946   1.16573         0
582         3   4.26599   2.59099     1.675 -0.651961         1
583         1   4.26599   6.70544  -2.43946    1.8177         0
584         3   4.26599   2.59099     1.675  0.651961         1
585         1   4.26599   6.70544  -2.43946   1.16573         0
586         3   4.26599   2.59099     1.675 -0.651961         0
587         1   4.26599   6.70544  -2.43946   1.16573         0
588         3   4.26599   2.59099     1.675 -0.651961         0
589         1   4.26599   6.70544  -2.43946   1.16573         0
590         3   4.26599   2.59099     1.675 -0.651961         1
591         1   4.26599   6.70544  -2.43946    1.8177         0
592         3   4.26599   2.59099     1.675  0.651961         1
593         1   4.26599   6.70544  -2.43946   1.16573         0
594         3   4.26599   2.59099     1.675 -0.651961         0
595         1   4.26599   6.70544  -2.43946   1.16573         0
596         3   4.26599   2.59099     1.675 -0.484781         1
597         1   4.26599   6.70544  -2.43946   4.41572         0
598         3   4.26599   2.59099     1.675  0.484781         1
599         1   4.26599   6.70544  -2.43946   3.93094         0
600         3   4.26599   2.59099     1.675 -0.484781         1
601         1   4.26599   6.70544  -2.43946   4.41572         0
602         3   4.26599   2.59099     1.675  0.484781         1
603         1   4.26599   6.70544  -2.43946   3.93094         0
604         3   4.26599   2.59099     1.675 -0.484781         1
605         1   4.26599   6.70544  -2.43946   4.41572         0
606         3   4.26599   2.59099     1.675  0.484781         1
607         1   4.26599   6.70544  -2.43946   3.93094         0
608         3   4.26599   2.59099     1.675 -0.484781         0
609         1   4.26599   6.70544  -2.43946   3.93094         0
610         3   4.26599   2.59099     1.675 -0.484781         0
611         1   4.26599   6.70544  -2.43946   3.93094         0
612         3   4.26599   2.59099     1.675 -0.484781         0
613         1   4.26599   6.70544  -2.43946   3.93094         0
614         3   4.26599   2.59099     1.675 -0.484781         1
615         1   4.26599   6.70544  -2.43946   4.41572         0
616         3   4.26599   2.59099     1.675  0.484781         1
617         1   4.26599   6.70544  -2.43946   3.93094         0
618         3   4.26599   2.59099     1.675 -0.484781         1
619         1   4.26599   6.70544  -2.43946   4.41572         0
620         3   4.26599   2.59099     1.675  0.484781         1
621         1   4.26599   6.70544  -2.43946   3.93094         0
622         3   4.26599   2.59099     1.675 -0.773242         1
623         1   4.26599   6.70544  -2.43946   4.70419         0
624         3   4.26599   2.59099     1.675  0.773242         1
625         1   4.26599   6.70544  -2.43946   3.93094         0
626         3   4.26599   2.59099     1.675 -0.773242         0
627         1   4.26599   6.70544  -2.43946   3.93094         0
628         3   4.26599   2.59099     1.675 -0.773242         1
629         1   4.26599   6.70544  -2.43946   4.70419         0
630         3   4.26599   2.59099     1.675  0.773242         1
631         1   4.26599   6.70544  -2.43946   6.08521         0
632         3   4.26599   2.59099     1.675 -0.773242         1
633         1   4.26599   6.70544  -2.43946   6.85845         0
634         3   4.26599   2.59099     1.675  0.773242         1
635         1   4.26599   6.70544  -2.43946   6.08521         0
636         3   4.26599   2.59099     1.675 -0.773242         1
637         1   4.26599   6.70544  -2.43946   6.85845         0
638         3   4.26599   2.59099     1.675  0.773242         1
639         1   4.26599   6.70544  -2.43946   6.08521         0
640         3   4.26599   2.59099     1.675 -0.773242         1
641         1   4.26599   6.70544  -2.43946   8.42324         0
642         3   4.26599   2.59099     1.675  0.773242         1
643         1   4.26599   6.70544  -2.43946   7.64999         0
644         3   4.26599   2.59099     1.675 -0.773242         0
645         1   4.26599   6.70544  -2.43946   7.64999         0
646         3   4.26599   2.59099     1.675 -0.773242         0
647         1   4.26599   6.70544  -2.43946   7.64999         0
648         3   4.26599   2.59099     1.675 -0.773242         0
649         1   4.26599   6.70544  -2.43946   7.64999         0
650         3   4.26599   2.59099     1.675 -0.773242         0
651         1   4.26599   6.70544  -2.43946   7.64999         0
652         3   4.26599   2.59099     1.675 -0.773242         1
653         1   4.26599   6.70544  -2.43946   8.42324         0
654         3   4.26599   2.59099     1.675  0.773242         1
655         1   4.26599   6.70544  -2.43946   7.64999         0
656         3   4.26599   2.59099     1.675 -0.773242         1
657         1   4.26599   6.70544  -2.43946   8.42324         0
658         3   4.26599   2.59099     1.675  0.773242         1
659         1   4.26599   6.70544  -2.43946   7.64999         0
660         3   4.26599   2.59099     1.675 -0.773242         1
661         1   4.26599   6.70544  -2.43946   8.42324         0
662         3   4.26599   2.59099     1.675  0.773242         1
663         1   4.26599   6.70544  -2.43946   7.64999         0
664         3   4.26599   2.59099     1.675 -0.350857         1
665         1   4.26599   6.70544  -2.43946   8.42324         0
666         3   4.26599   2.59099     1.675  0.350857         1
667         1   4.26599   6.70544  -2.43946   8.07238         0
668         3   4.26599   2.59099     1.675 -0.350857         1
669         1   4.26599   6.70544  -2.43946   8.42324         0
670         3   4.26599   2.59099     1.675  0.350857         1
671         1   4.26599   6.70544  -2.43946   8.07238         0
672         3   4.26599   2.59099     1.675 -0.350857         1
673         1   4.26599   6.70544  -2.43946   8.42324         0
674         3   4.26599   2.59099     1.675  0.350857         1
675         1   4.26599   6.70544  -2.43946   8.07238         0
676         3   4.26599   2.59099     1.675 -0.350857         1
677         1   4.26599   6.70544  -2.43946   8.42324         0
678         3   4.26599   2.59099     1.675  0.350857         1
679         1   4.26599   6.70544  -2.43946   8.07238         0
680         3   4.26599   2.59099     1.675 -0.350857         0
681         1   4.26599   6.70544  -2.43946   8.07238         0
682         3   4.26599   2.59099     1.675 -0.350857         0
683         1   4.26599   6.70544  -2.43946   8.07238         0
684         3   4.26599   2.59099     1.675 -0.350857         0
685         1   4.26599   6.70544  -2.43946   8.07238         0
686         3   4.26599   2.59099     1.675  -1.34054         1
687         1   4.26599   6.70544  -2.43946   8.42324         0
688         3   4.26599   2.59099     1.675   1.34054         1
689         1   4.26599   6.70544  -2.43946    7.0827         0
690         3   4.26599   2.59099     1.675  -1.34054         0
691         1   4.26599   6.70544  -2.43946    7.0827         0
692         3   4.26599   2.59099     1.675  -1.34054         0
693         1   4.26599   6.70544  -2.43946    7.0827         0
694         3   4.26599   2.59099     1.675  -1.34054         0
695         1   4.26599   6.70544  -2.43946    7.0827         0
696         3   4.26599   2.59099     1.675  -1.34054         0
697         1   4.26599   6.70544  -2.43946  0.574394         1
698         3   4.26599   2.59099     1.675  -8.42324         0
699         1   4.26599   6.70544  -2.43946 -0.574394         1
700         3   4.26599   2.59099     1.675  -7.84884         0
701         1   4.26599   6.70544  -2.43946  0.574394         0
702         3   4.26599   2.59099     1.675  -7.84884         0
703         1   4.26599   6.70544  -2.43946  0.574394         1
704         3   4.26599   2.59099     1.675  -8.42324         0
705         1   4.26599   6.70544  -2.43946 -0.574394         1
706         3   4.26599   2.59099     1.675  -7.84884         0
707         1   4.26599   6.70544  -2.43946  0.574394         1
708         3   4.26599   2.59099     1.675  -8.42324         0
709         1   4.26599   6.70544  -2.43946 -0.574394         1
710         3   4.26599   2.59099     1.675  -7.84884         0
711         1   4.26599   6.70544  -2.43946  0.711563         0
712         3   4.26599   2.59099     1.675  -7.84884         0
713         1   4.26599   6.70544  -2.43946  0.711563         0
714         3   4.26599   2.59099     1.675  -7.84884         0
715         1   4.26599   6.70544  -2.43946  0.711563         1
716         3   4.26599   2.59099     1.675  -8.56041         0
717         1   4.26599   6.70544  -2.43946 -0.711563         1
718         3   4.26599   2.59099     1.675  -7.84884         0
719         1   4.26599   6.70544  -2.43946  0.964605         0
720         3   4.26599   2.59099     1.675  -7.84884         0
721         1   4.26599   6.70544  -2.43946  0.964605         0
722         3   4.26599   2.59099     1.675  -7.84884         0
723         1   4.26599   6.70544  -2.43946  -1.49635         1
724         3   4.26599   2.59099     1.675  -8.81345         0
725         1   4.26599   6.70544  -2.43946   1.49635         0
726         3   4.26599   2.59099     1.675  -8.81345         0
727         1   4.26599   6.70544  -2.43946   1.49635         0
728         3   4.26599   2.59099     1.675  -8.81345         0
729         1   4.26599   6.70544  -2.43946   1.49635         0
730         3   4.26599   2.59099     1.675  -8.81345         0
731         1   4.26599   6.70544  -2.43946   1.49635         0
732         3   4.26599   2.59099     1.675  -8.81345         0
733         1   4.26599   6.70544  -2.43946 -0.429631         1
734         3   4.26599   2.59099     1.675  -10.3098         0
735         1   4.26599   6.70544  -2.43946  0.854596         0
736         3   4.26599   2.59099     1.675  -10.3098         0
737         1   4.26599   6.70544  -2.43946  0.429631         0
738         3   4.26599   2.59099     1.675  -10.3098         0
739         1   4.26599   6.70544  -2.43946  0.429631         0
740         3   4.26599   2.59099     1.675  -10.3098         0
741         1   4.26599   6.70544  -2.43946  0.429631         1
742         3   4.26599   2.59099     1.675  -10.7394         0
743         1   4.26599   6.70544  -2.43946 -0.429631         1
744         3   4.26599   2.59099     1.675  -10.3098         0
745         1   4.26599   6.70544  -2.43946  0.429631         1
746         3   4.26599   2.59099     1.675  -10.7394         0
747         1   4.26599   6.70544  -2.43946 -0.429631         1
748         3   4.26599   2.59099     1.675  -10.3098         0
749         1   4.26599   6.70544  -2.43946  0.429631         0
750         3   4.26599   2.59099     1.675  -10.3098         0
751         1   4.26599   6.70544  -2.43946  0.429631         0
752         3   4.26599   2.59099     1.675  -10.3098         0
753         1   4.26599   6.70544  -2.43946  0.429631         1
754         3   4.26599   2.59099     1.675  -10.7394         0
755         1   4.26599   6.70544  -2.43946 -0.429631         1
756         3   4.26599   2.59099     1.675  -10.3098         0
757         1   4.26599   6.70544  -2.43946  0.429631         0
758         3   4.26599   2.59099     1.675  -10.3098         0
759         1   4.26599   6.70544  -2.43946  0.429631         0
760         3   4.26599   2.59099     1.675  -10.3098         0
761         1   4.26599   6.70544  -2.43946  0.429631         1
762         3   4.26599   2.59099     1.675  -10.7394         0
763         1   4.26599   6.70544  -2.43946 -0.429631         1
764         3   4.26599   2.59099     1.675  -10.3098         0
765         1   4.26599   6.70544  -2.43946  0.854596         0
766         3   4.26599   2.59099     1.675  -10.3098         0
767         1   4.26599   6.70544  -2.43946  0.429631         1
768         3   4.26599   2.59099     1.675  -10.7394         0
769         1   4.26599   6.70544  -2.43946 -0.429631         1
770         3   4.26599   2.59099     1.675  -10.3098         0
771         1   4.26599   6.70544  -2.43946  0.429631         0
772         3   4.26599   2.59099     1.675  -10.3098         0
773         1   4.26599   6.70544  -2.43946  0.854596         0
774         3   4.26599   2.59099     1.675  -10.3098         0
775         1   4.26599   6.70544  -2.43946  0.429631         1
776         3   4.26599   2.59099     1.675  -10.7394         0
777         1   4.26599   6.70544  -2.43946 -0.429631         1
778         3   4.26599   2.59099     1.675  -10.3098         0
779         1   4.26599   6.70544  -2.43946  0.429631         1
780         3   4.26599   2.59099     1.675  -10.7394         0
781         1   4.26599   6.70544  -2.43946 -0.429631         1
782         3   4.26599   2.59099     1.675  -10.3098         0
783         1   4.26599   6.70544  -2.43946  0.429631         1
784         3   4.26599   2.59099     1.675  -10.7394         0
785         1   4.26599   6.70544  -2.43946 -0.429631         1
786         3   4.26599   2.59099     1.675  -10.3098         0
787         1   4.26599   6.70544  -2.43946  0.429631         1
788         3   4.26599   2.59099     1.675  -10.7394         0
789         1   4.26599   6.70544  -2.43946 -0.429631         1
790         3   4.26599   2.59099     1.675  -10.3098         0
791         1   4.26599   6.70544  -2.43946  0.854596         0
792         3   4.26599   2.59099     1.675  -10.3098         0
793         1   4.26599   6.70544  -2.43946  0.429631         0
794         3   4.26599   2.59099     1.675  -10.3098         0
795         1   4.26599   6.70544  -2.43946  0.429631         1
796         3   4.26599   2.59099     1.675  -10.7394         0
797         1   4.26599   6.70544  -2.43946 -0.429631         1
798         3   4.26599   2.59099     1.675  -10.3098         0
799         1   4.26599   6.70544  -2.43946  0.429631         1
800         3   4.26599   2.59099     1.675  -10.7394         0
801         1   4.26599   6.70544  -2.43946 -0.429631         1
802         3   4.26599   2.59099     1.675  -10.3098         0
803         1   4.26599   6.70544  -2.43946  0.429631         1
804         3   4.26599   2.59099     1.675  -10.7394         0
805         1   4.26599   6.70544  -2.43946 -0.429631         1
806         3   4.26599   2.59099     1.675  -10.3098         0
807         1   4.26599   6.70544  -2.43946  0.429631         1
808         3   4.26599   2.59099     1.675  -8.79264         0
809         1   4.26599   6.70544  -2.43946 -0.429631         1
810         3   4.26599   2.59099     1.675  -8.36301         0
811         1   4.26599   6.70544  -2.43946  0.429631         1
812         3   4.26599   2.59099     1.675  -8.79264         0
813         1   4.26599   6.70544  -2.43946 -0.429631         1
814         3   4.26599   2.59099     1.675  -8.36301         0
815         1   4.26599   6.70544  -2.43946  0.429631         1
816         3   4.26599   2.59099     1.675  -8.79264         0
817         1   4.26599   6.70544  -2.43946  0.424965         0
818         3   4.26599   2.59099     1.675  -8.79264         0
819         1   4.26599   6.70544  -2.43946 -0.429631         1
820         3   4.26599   2.59099     1.675  -8.36301         0
821         1   4.26599   6.70544  -2.43946  0.429631         1
822         3   4.26599   2.59099     1.675  -8.79264         0
823         1   4.26599   6.70544  -2.43946 -0.429631         1
824         3   4.26599   2.59099     1.675  -8.36301         0
825         1   4.26599   6.70544  -2.43946  0.429631         0
826         3   4.26599   2.59099     1.675  -8.36301         0
827         1   4.26599   6.70544  -2.43946  0.429631         0
828         3   4.26599   2.59099     1.675  -8.36301         0
829         1   4.26599   6.70544  -2.43946  0.429631         0
830         3   4.26599   2.59099     1.675  -8.36301         0
831         1   4.26599   6.70544  -2.43946  0.429631         0
832         3   4.26599   2.59099     1.675  -8.36301         0
833         1   4.26599   6.70544  -2.43946  0.429631         1
834         3   4.26599   2.59099     1.675  -8.79264         0
835         1   4.26599   6.70544  -2.43946 -0.429631         1
836         3   4.26599   2.59099     1.675  -8.36301         0
837         1   4.26599   6.70544  -2.43946  0.854596         1
838         3   4.26599   2.59099     1.675  -9.21761         0
839         1   4.26599   6.70544  -2.43946 -0.424965         1
840         3   4.26599   2.59099     1.675  -8.79264         0
841         1   4.26599   6.70544  -2.43946 -0.429631         1
842         3   4.26599   2.59099     1.675  -8.36301         0
843         1   4.26599   6.70544  -2.43946  0.429631         0
844         3   4.26599   2.59099     1.675  -8.36301         0
845         1   4.26599   6.70544  -2.43946  0.854596         0
846         3   4.26599   2.59099     1.675  -8.36301         0
847         1   4.26599   6.70544  -2.43946  0.429631         0
848         3   4.26599   2.59099     1.675  -8.36301         0
849         1   4.26599   6.70544  -2.43946  0.429631         0
850         3   4.26599   2.59099     1.675  -8.36301         0
851         1   4.26599   6.70544  -2.43946  0.429631         0
852         3   4.26599   2.59099     1.675  -8.36301         0
853         1   4.26599   6.70544  -2.43946  0.429631         1
854         3   4.26599   2.59099     1.675  -8.79264         0
855         1   4.26599   6.70544  -2.43946 -0.429631         1
856         3   4.26599   2.59099     1.675  -8.36301         0
857         1   4.26599   6.70544  -2.43946  0.429631         0
858         3   4.26599   2.59099     1.675  -8.36301         0
859         1   4.26599   6.70544  -2.43946  0.429631         0
860         3   4.26599   2.59099     1.675  -8.36301         0
861         1   4.26599   6.70544  -2.43946  0.429631         0
862         3   4.26599   2.59099     1.675  -8.36301         0
863         1   4.26599   6.70544  -2.43946  0.854596         0
864         3   4.26599   2.59099     1.675  -8.36301         0
865         1   4.26599   6.70544  -2.43946  0.429631         0
866         3   4.26599   2.59099     1.675  -8.36301         0
867         1   4.26599   6.70544  -2.43946  0.854596         0
868         3   4.26599   2.59099     1.675  -8.36301         0
869         1   4.26599   6.70544  -2.43946  0.429631         1
870         3   4.26599   2.59099     1.675  -8.79264         0
871         1   4.26599   6.70544  -2.43946 -0.429631         1
872         3   4.26599   2.59099     1.675  -8.36301         0
873         1   4.26599   6.70544  -2.43946  0.429631         0
874         3   4.26599   2.59099     1.675  -8.36301         0
875         1   4.26599   6.70544  -2.43946  0.429631         1
876         3   4.26599   2.59099     1.675  -8.79264         0
877         1   4.26599   6.70544  -2.43946 -0.429631         1
878         3   4.26599   2.59099     1.675  -8.36301         0
879         1   4.26599   6.70544  -2.43946  0.429631         0
880         3   4.26599   2.59099     1.675  -8.36301         0
881         1   4.26599   6.70544  -2.43946  0.429631         0
882         3   4.26599   2.59099     1.675  -8.36301         0
883         1   4.26599   6.70544  -2.43946  0.429631         0
884         3   4.26599   2.59099     1.675  -8.36301         0
885         1   4.26599   6.70544  -2.43946  0.854596         0
886         3   4.26599   2.59099     1.675  -8.36301         0
887         1   4.26599   6.70544  -2.43946  0.429631         0
888         3   4.26599   2.59099     1.675  -8.36301         0
889         1   4.26599   6.70544  -2.43946  0.429631         0
890         3   4.26599   2.59099     1.675  -0.56859         1
891         1   4.26599   6.70544  -2.43946  0.998221         0
892         3   4.26599   2.59099     1.675   0.56859         1
893         1   4.26599   6.70544  -2.43946  0.429631         0
894         3   4.26599   2.59099     1.675  -0.56859         1
895         1   4.26599   6.70544  -2.43946   1.42319         0
896         3   4.26599   2.59099     1.675   0.56859         1
897         1   4.26599   6.70544  -2.43946  0.429631         1
898         3   4.26599   2.59099     1.675 -0.998221         0
899         1   4.26599   6.70544  -2.43946 -0.429631         1
900         3   4.26599   2.59099     1.675  -0.56859         0
901         1   4.26599   6.70544  -2.43946  0.429631         1
902         3   4.26599   2.59099     1.675 -0.998221         0
903         1   4.26599   6.70544  -2.43946 -0.429631         1
904         3   4.26599   2.59099     1.675  -0.56859         0
905         1   4.26599   6.70544  -2.43946  0.429631         1
906         3   4.26599   2.59099     1.675 -0.998221         0
907         1   4.26599   6.70544  -2.43946 -0.429631         1
908         3   4.26599   2.59099     1.675  -0.56859         0
909         1   4.26599   6.70544  -2.43946  0.854596         0
910         3   4.26599   2.59099     1.675  -0.56859         0
911         1   4.26599   6.70544  -2.43946  0.429631         0
912         3   4.26599   2.59099     1.675  -0.56859         0
913         1   4.26599   6.70544  -2.43946  0.854596         0
914         3   4.26599   2.59099     1.675  -0.56859         0
915         1   4.26599   6.70544  -2.43946  0.429631         0
916         3   4.26599   2.59099     1.675  -0.56859         0
917         1   4.26599   6.70544  -2.43946  0.854596         0
918         3   4.26599   2.59099     1.675  -0.56859         1
919         1   4.26599   6.70544  -2.43946  0.998221         0
920         3   4.26599   2.59099     1.675   0.56859         1
921         1   4.26599   6.70544  -2.43946  0.429631         0
922         3   4.26599   2.59099     1.675  -0.56859         1
923         1   4.26599   6.70544  -2.43946  0.998221         0
924         3   4.26599   2.59099     1.675   0.56859         1
925         1   4.26599   6.70544  -2.43946  0.854596         0
926         3   4.26599   2.59099     1.675  -0.56859         0
927         1   4.26599   6.70544  -2.43946  0.429631         0
928         3   4.26599   2.59099     1.675  -0.56859         0
929         1   4.26599   6.70544  -2.43946  0.429631         0
930         3   4.26599   2.59099     1.675  -0.56859         1
931         1   4.26599   6.70544  -2.43946  0.998221         0
932         3   4.26599   2.59099     1.675   0.56859         1
933         1   4.26599   6.70544  -2.43946  0.429631         1
934         3   4.26599   2.59099     1.675 -0.998221         0
935         1   4.26599   6.70544  -2.43946 -0.429631         1
936         3   4.26599   2.59099     1.675  -0.56859         1
937         1   4.26599   6.70544  -2.43946  0.998221         0
938         3   4.26599   2.59099     1.675   0.56859         1
939         1   4.26599   6.70544  -2.43946  0.429631         1
940         3   4.26599   2.59099     1.675 -0.998221         1
941         1   4.26599   6.70544  -2.43946   0.56859         0
942         3   4.26599   2.59099     1.675  0.998221         1
943         1   4.26599   6.70544  -2.43946 -0.429631         1
944         3   4.26599   2.59099     1.675  -0.56859         0
945         1   4.26599   6.70544  -2.43946  0.854596         0
946         3   4.26599   2.59099     1.675  -0.56859         0
947         1   4.26599   6.70544  -2.43946  0.429631         0
948         3   4.26599   2.59099     1.675  -0.56859         1
949         1   4.26599   6.70544  -2.43946  0.998221         0
950         3   4.26599   2.59099     1.675   0.56859         1
951         1   4.26599   6.70544  -2.43946  0.854596         0
952         3   4.26599   2.59099     1.675  -0.56859         0
953         1   4.26599   6.70544  -2.43946  0.429631         1
954         3   4.26599   2.59099     1.675 -0.998221         0
955         1   4.26599   6.70544  -2.43946 -0.429631         1
956         3   4.26599   2.59099     1.675  -0.56859         1
957         1   4.26599   6.70544  -2.43946  0.998221         0
958         3   4.26599   2.59099     1.675   0.56859         1
959         1   4.26599   6.70544  -2.43946  0.854596         0
960         3   4.26599   2.59099     1.675  -0.56859         0
961         1   4.26599   6.70544  -2.43946  0.717256         0
962         3   4.26599   2.59099     1.675 -0.280964         0
963         1   4.26599   6.70544  -2.43946  0.717256         0
964         3   4.26599   2.59099     1.675 -0.280964         0
965         1   4.26599   6.70544  -2.43946  0.717256         0
966         3   4.26599   2.59099     1.675 -0.280964         1
967         1   4.26599   6.70544  -2.43946  0.998221         0
968         3   4.26599   2.59099     1.675  0.280964         1
969         1   4.26599   6.70544  -2.43946  0.717256         0
970         3   4.26599   2.59099     1.675 -0.280964         0
971         1   4.26599   6.70544  -2.43946   1.14222         0
972         3   4.26599   2.59099     1.675 -0.280964         0
973         1   4.26599   6.70544  -2.43946  0.717256         0
974         3   4.26599   2.59099     1.675 -0.280964         0
975         1   4.26599   6.70544  -2.43946  0.717256         1
976         3   4.26599   2.59099     1.675 -0.998221         0
977         1   4.26599   6.70544  -2.43946 -0.717256         1
978         3   4.26599   2.59099     1.675 -0.280964         1
979         1   4.26599   6.70544  -2.43946  0.998221         0
980         3   4.26599   2.59099     1.675  0.280964         1
981         1   4.26599   6.70544  -2.43946  0.717256         0
982         3   4.26599   2.59099     1.675 -0.280964         0
983         1   4.26599   6.70544  -2.43946  0.717256         0
984         3   4.26599   2.59099     1.675 -0.280964         1
985         1   4.26599   6.70544  -2.43946  0.998221         0
986         3   4.26599   2.59099     1.675  0.280964         1
987         1   4.26599   6.70544  -2.43946   1.14222         0
988         3   4.26599   2.59099     1.675 -0.280964         1
989         1   4.26599   6.70544  -2.43946  0.998221         0
990         3   4.26599   2.59099     1.675  0.280964         1
991         1   4.26599   6.70544  -2.43946   1.14222         0
992         3   4.26599   2.59099     1.675 -0.280964         1
993         1   4.26599   6.70544  -2.43946  0.998221         0
994         3   4.26599   2.59099     1.675  0.280964         1
995         1   4.26599   6.70544  -2.43946  0.717256         0
996         3   4.26599   2.59099     1.675 -0.280964         1
997         1   4.26599   6.70544  -2.43946  0.998221         0
998         3   4.26599   2.59099     1.675  0.280964         1
999         1   4.26599   6.70544  -2.43946  0.717256         0
