# City               x               y
0         13.5747         37.3123
90         15.2907         37.0646
55         15.5542         38.1938
29         16.8783         39.1874
17         17.6884         40.6359
92         17.0806         40.5488
75         15.8216         40.5173
22         14.1169         41.2035
59         14.2488         40.8359
87         8.92197         40.7778
21         8.54034         39.3075
63         8.67964         40.0266
18         9.11331         39.2172
96         9.66781         39.9705
61         9.34238         40.1277
86         8.76505         39.4937
56         9.18963         45.4642
105         8.34628         45.5554
58         9.27883         45.6395
94         12.4397         42.6539
68          12.403          43.107
10         12.0789         46.2805
103         12.3346         45.4372
82          12.631         43.9465
76         11.0941         43.9357
4         11.7639         43.5171
14         11.3426         44.4938
84         12.2742         44.9772
100         13.7773         45.6496
69         12.7014         43.6941
109         11.9488          42.493
66         10.3281         44.8014
64         11.8734         45.4077
91         10.2584         46.3234
60           8.546         45.5843
102         8.75413         45.8397
95         7.68249         45.0678
3         7.31966         45.7371
16         10.4259         45.7796
12         9.75422         45.7567
71         9.66653         44.8476
52         10.6708         45.1693
28          10.037         45.2209
88         8.25257         44.2334
104          8.3836         46.1156
99         12.2063         45.8067
15         11.2302         46.6559
73         10.8687         43.9741
34         11.2556         43.7698
36         12.0141         44.0227
45         13.0126         41.4595
25         14.4159         42.1027
37         13.5758         41.6285
83         12.4829         41.8933
51         13.1509          43.153
93         13.6979         42.6581
44         13.6103         42.1369
81         12.8859         42.4147
32         13.6388         43.0922
5         13.5396         42.8834
11         14.7057         41.2476
107         16.0987         38.6267
19         14.0632         37.4899
97          12.516         38.0174
31         14.2807         37.5668
65         13.3524         38.1112
70         13.9576         42.3103
2         13.2188         43.4801
35         15.4529         41.5028
79         15.6398         38.1035
24         16.4316           38.83
46         18.2261         40.1522
27         16.3331         39.5967
7         15.1406         40.9965
57          10.936         44.5385
101         13.2358         46.0635
39         13.6252         45.9441
74         12.6597         45.9563
33         11.8279         44.7668
48         10.3403         42.7902
20         14.8262         41.7173
85         15.3106         40.4194
54         16.4736         40.4476
8          16.862         41.1258
9         16.1466         41.1802
62         9.50674         40.9253
41         7.86674         43.9584
106         10.9924         45.4385
98         11.1258         46.0664
38         8.93386         44.4073
1         8.74503          44.835
30         7.55814         44.4581
13         8.08691          45.567
26         9.14941         45.9395
67         9.13783         45.0369
47         9.41202         45.9005
6         8.20269          44.826
43         9.69123         44.2384
78          12.059         44.3641
53         10.0526         44.2131
49         9.49168         45.2613
80         10.5941         44.6087
72         10.4019         43.7159
50         10.4544         44.0178
42         14.2081         41.6495
108         11.4064         45.6349
89         11.4676         43.1672
40         11.2878         42.7751
77         14.7213          36.922
23         15.0874         37.5024
