0         515.909
10000         173.438
20000         188.631
30000         161.047
40000          177.77
50000         166.293
60000         149.516
70000         137.804
80000         145.073
90000         149.099
100000         159.315
110000          161.25
120000         157.119
130000          153.08
140000         143.324
150000         169.889
160000         174.197
170000         155.459
180000          159.85
190000         148.327
200000         161.035
210000         159.183
220000         161.631
230000         159.565
240000         148.989
250000         166.236
260000         159.137
270000         159.018
280000          153.17
290000         140.887
300000         154.981
310000         134.811
320000         161.986
330000         143.355
340000         164.142
350000         153.653
360000         166.002
370000         167.069
380000         170.757
390000         144.761
400000         169.828
410000         160.594
420000         137.101
430000         138.317
440000         156.255
450000         141.075
460000         148.187
470000         167.891
480000         147.308
490000          159.27
500000         155.959
510000         149.912
520000         155.909
530000         159.827
540000         150.485
550000         171.763
560000         152.176
570000         151.178
580000         153.912
590000         140.263
600000         147.522
610000           153.8
620000         159.469
630000         155.681
640000         162.014
650000          170.15
660000         141.674
670000         165.355
680000          154.62
690000         153.477
700000         157.038
710000         145.077
720000          162.73
730000          149.87
740000         158.406
750000         157.079
760000         163.078
770000         158.654
780000         166.041
790000         169.959
800000           157.8
810000         161.217
820000         153.717
830000         142.533
840000         157.523
850000         156.108
860000         145.037
870000         159.757
880000         176.513
890000         167.185
900000         168.629
910000         187.513
920000         150.936
930000         148.422
940000         142.433
950000         154.356
960000         139.028
970000         152.886
980000         169.889
990000         171.536
1000000         150.788
1010000         150.498
1020000         160.944
1030000         151.911
1040000         160.018
1050000         160.824
1060000         149.419
1070000         152.919
1080000         153.487
1090000         157.855
1100000         176.045
1110000         165.488
1120000         142.338
1130000         135.004
1140000         148.531
1150000         149.468
1160000         149.786
1170000         147.832
1180000         158.165
1190000           153.1
1200000         162.082
1210000         175.067
1220000         153.807
1230000         157.937
1240000         152.916
1250000         154.521
1260000         165.863
1270000         149.221
1280000          162.24
1290000         158.722
1300000         144.913
1310000         163.587
1320000         169.097
1330000         154.355
1340000         134.548
1350000         163.957
1360000         148.744
1370000         180.236
1380000         149.115
1390000         169.429
1400000         168.025
1410000         159.035
1420000         156.704
1430000         161.746
1440000         178.167
1450000         145.093
1460000         162.293
1470000         165.088
1480000          142.93
1490000          153.79
1500000         144.098
1510000         146.766
1520000         154.985
1530000          179.45
1540000         155.825
1550000         144.776
1560000         137.983
1570000         139.188
1580000          154.39
1590000         157.852
1600000         170.129
1610000         162.677
1620000         160.751
1630000         151.751
1640000          151.18
1650000         154.277
1660000         146.729
1670000         165.182
1680000         171.587
1690000         147.112
1700000         153.805
1710000         163.763
1720000         181.703
1730000         169.538
1740000         155.975
1750000         144.973
1760000         161.164
1770000         159.833
1780000         144.125
1790000         147.676
1800000         148.827
1810000         156.727
1820000          148.62
1830000          146.62
1840000          158.74
1850000          160.51
1860000         163.682
1870000         146.739
1880000         158.141
1890000         156.807
1900000         155.802
1910000         148.171
1920000         160.597
1930000         149.276
1940000         147.997
1950000         169.287
1960000         143.602
1970000         159.778
1980000         170.685
1990000         157.209
2000000         148.231
2010000         150.254
2020000         158.425
2030000          152.25
2040000         144.427
2050000          156.77
2060000         157.875
2070000         144.816
2080000         146.412
2090000         151.592
2100000         175.536
2110000         159.548
2120000         161.639
2130000         162.695
2140000         153.666
2150000         159.042
2160000         151.231
2170000         143.047
2180000         157.788
2190000         150.801
2200000         164.305
2210000         160.209
2220000         136.599
2230000         162.628
2240000         161.048
2250000         156.331
2260000          144.84
2270000         141.136
2280000         168.575
2290000         168.529
2300000         159.672
2310000         161.707
2320000         165.756
2330000          163.65
2340000          155.16
2350000         148.938
2360000          160.08
2370000         145.251
2380000          155.76
2390000         151.775
2400000         151.564
2410000         160.002
2420000         156.544
2430000         152.344
2440000         152.403
2450000         144.094
2460000         156.885
2470000         147.271
2480000         155.428
2490000         148.134
2500000         152.398
2510000         144.632
2520000          162.58
2530000         150.449
2540000         146.851
2550000         148.915
2560000         144.599
2570000         154.767
2580000          148.98
2590000         154.654
2600000         147.936
2610000         146.173
2620000         140.051
2630000          150.36
2640000         164.035
2650000         160.582
2660000         173.684
2670000         164.465
2680000         165.173
2690000         153.139
2700000         160.042
2710000         158.109
2720000         156.981
2730000         147.786
2740000         168.921
2750000         162.383
2760000         151.553
2770000          153.66
2780000          150.93
2790000         156.792
2800000          156.38
2810000         145.887
2820000         151.615
2830000         160.435
2840000         160.783
2850000         167.251
2860000         165.592
2870000         148.981
2880000         167.738
2890000         168.897
2900000         175.924
2910000         154.597
2920000         160.656
2930000         158.284
2940000         158.594
2950000         155.308
2960000         148.561
2970000         156.803
2980000         141.628
2990000         135.337
3000000         132.206
3010000         156.246
3020000         150.852
3030000         155.619
3040000         145.928
3050000         154.016
3060000         154.275
3070000          143.25
3080000         155.979
3090000         142.697
3100000          162.29
3110000         154.452
3120000         153.112
3130000         152.771
3140000         149.507
3150000         149.184
3160000         159.778
3170000         163.402
3180000         176.502
3190000         166.556
3200000         169.409
3210000          162.71
3220000         150.883
3230000         168.002
3240000         147.273
3250000         162.104
3260000         164.523
3270000          156.98
3280000         151.485
3290000         144.728
3300000         162.994
3310000         147.127
3320000         158.302
3330000         157.286
3340000         154.936
3350000         141.089
3360000         139.982
3370000         157.026
3380000         148.086
3390000         147.732
3400000         140.119
3410000          155.46
3420000          150.39
3430000         169.955
3440000         153.973
3450000         162.152
3460000         159.959
3470000          159.19
3480000         167.546
3490000         153.527
3500000         143.849
3510000         151.307
3520000         165.076
3530000         142.348
3540000         152.876
3550000         152.654
3560000         142.625
3570000         146.456
3580000         152.576
3590000         159.308
3600000         171.075
3610000         165.581
3620000         130.195
3630000         151.825
3640000         169.517
3650000         151.464
3660000         156.537
3670000         167.734
3680000         157.704
3690000         157.728
3700000         169.795
3710000         179.527
3720000         139.715
3730000         147.961
3740000         151.484
3750000         158.664
3760000         150.348
3770000         164.641
3780000         149.535
3790000         143.253
3800000         136.027
3810000         158.296
3820000         155.373
3830000         158.518
3840000          159.19
3850000         149.836
3860000          152.17
3870000         148.277
3880000          156.33
3890000         149.988
3900000         160.529
3910000          153.74
3920000         142.934
3930000         144.536
3940000         150.048
3950000         147.063
3960000         151.756
3970000         152.588
3980000         151.413
3990000          153.52
4000000         145.715
4010000         150.257
4020000         154.935
4030000         142.182
4040000         152.196
4050000         148.319
4060000         152.369
4070000          141.73
4080000         156.104
4090000         143.581
4100000         148.857
4110000         143.008
4120000         144.477
4130000         169.196
4140000         148.023
4150000         168.048
4160000         157.684
4170000         160.871
4180000         150.231
4190000         143.215
4200000         163.627
4210000         144.369
4220000         151.195
4230000         138.063
4240000         154.559
4250000         157.499
4260000         152.359
4270000         159.951
4280000         137.714
4290000         140.019
4300000          146.06
4310000         153.826
4320000         152.403
4330000         156.549
4340000         155.408
4350000         157.417
4360000         147.564
4370000         149.805
4380000         155.635
4390000          153.32
4400000          139.47
4410000         135.899
4420000         139.142
4430000         158.155
4440000         150.291
4450000         157.559
4460000         164.691
4470000         144.214
4480000         139.083
4490000          154.37
4500000         149.493
4510000          150.07
4520000         141.141
4530000         145.384
4540000         157.609
4550000         151.872
4560000         165.993
4570000         155.261
4580000         146.949
4590000         159.323
4600000         163.641
4610000         171.678
4620000         162.145
4630000         160.626
4640000         166.249
4650000         143.923
4660000         159.775
4670000         180.744
4680000         162.874
4690000         140.426
4700000         158.364
4710000         147.085
4720000          151.13
4730000          165.67
4740000         156.145
4750000         158.237
4760000         156.281
4770000         163.837
4780000          157.82
4790000         159.317
4800000         158.348
4810000         150.289
4820000         156.298
4830000         163.963
4840000         157.659
4850000         157.452
4860000         166.487
4870000         142.583
4880000         158.352
4890000         166.256
4900000         166.584
4910000         165.964
4920000          167.18
4930000         151.364
4940000         145.199
4950000         168.745
4960000         152.136
4970000         161.025
4980000         167.008
4990000          160.81
5000000         154.166
5010000         150.751
5020000         162.099
5030000         170.471
5040000         149.084
5050000         156.568
5060000         164.259
5070000         149.171
5080000         172.816
5090000         151.659
5100000         148.015
5110000         158.788
5120000         147.197
5130000         143.756
5140000         156.419
5150000         160.736
5160000         147.427
5170000         148.499
5180000         156.035
5190000         148.726
5200000         163.468
5210000         149.742
5220000         141.319
5230000         159.442
5240000         154.514
5250000         148.946
5260000         148.472
5270000         156.937
5280000         148.664
5290000         139.005
5300000         159.061
5310000         147.148
5320000         167.852
5330000         153.866
5340000         146.581
5350000         155.753
5360000          140.35
5370000         153.707
5380000         148.022
5390000         155.663
5400000         149.984
5410000         178.364
5420000         152.395
5430000         156.546
5440000         153.239
5450000         132.203
5460000         157.559
5470000         157.478
5480000         153.366
5490000         150.009
5500000         152.867
5510000         141.795
5520000         154.362
5530000         158.895
5540000         174.887
5550000         161.052
5560000         165.165
5570000         176.029
5580000         161.964
5590000         152.814
5600000         145.329
5610000         146.618
5620000         166.667
5630000          152.85
5640000         153.844
5650000          153.91
5660000         144.137
5670000          166.64
5680000         160.623
5690000         152.743
5700000         156.923
5710000         159.778
5720000         160.135
5730000         163.497
5740000          150.14
5750000         149.959
5760000         156.408
5770000         158.401
5780000         153.415
5790000         151.553
5800000          142.63
5810000         149.489
5820000         154.887
5830000          144.65
5840000          157.79
5850000         155.445
5860000         160.566
5870000         151.004
5880000         165.542
5890000          147.85
5900000         152.785
5910000         169.652
5920000         147.989
5930000          153.85
5940000         162.784
5950000          161.36
5960000         163.389
5970000         163.074
5980000         158.726
5990000         160.822
6000000         161.623
6010000         167.533
6020000         161.334
6030000         142.064
6040000         139.624
6050000         151.077
6060000         158.516
6070000         152.535
6080000         172.723
6090000         165.338
6100000         156.754
6110000         152.503
6120000         154.363
6130000         138.282
6140000         132.817
6150000         149.452
6160000         169.637
6170000         155.873
6180000         147.059
6190000         162.288
6200000         151.146
6210000         146.709
6220000         146.068
6230000         155.087
6240000         147.499
6250000           154.2
6260000         153.914
6270000         157.168
6280000         147.496
6290000         157.065
6300000         141.336
6310000         152.997
6320000         137.629
6330000         156.519
6340000         156.862
6350000         144.088
6360000         157.076
6370000         150.007
6380000         148.389
6390000         160.175
6400000         154.957
6410000         165.679
6420000         164.249
6430000         155.186
6440000          145.42
6450000         150.735
6460000         147.139
6470000         150.303
6480000         148.246
6490000         159.145
6500000         164.184
6510000          162.85
6520000         145.128
6530000         145.054
6540000         156.875
6550000          158.51
6560000         161.644
6570000         167.564
6580000         163.588
6590000         138.709
6600000         143.949
6610000         147.433
6620000          145.21
6630000         158.708
6640000         167.738
6650000         156.246
6660000         153.688
6670000         157.939
6680000         159.874
6690000         146.883
6700000         143.568
6710000         143.623
6720000          148.31
6730000         149.621
6740000         155.301
6750000         146.186
6760000         142.939
6770000         148.795
6780000         152.162
6790000         171.332
6800000         164.197
6810000         160.529
6820000         143.339
6830000         149.323
6840000         152.923
6850000         147.628
6860000         142.386
6870000         151.389
6880000         149.384
6890000         163.326
6900000         171.918
6910000         164.609
6920000         154.918
6930000          151.97
6940000         163.825
6950000         156.766
6960000         151.712
6970000         165.031
6980000         152.211
6990000         150.986
7000000         167.336
7010000         155.534
7020000         156.413
7030000         162.466
7040000         161.613
7050000         140.788
7060000         157.568
7070000         150.808
7080000         157.967
7090000         142.727
7100000         150.615
7110000         127.039
7120000         145.513
7130000         152.344
7140000         153.986
7150000         150.194
7160000         141.942
7170000         149.015
7180000         155.078
7190000         149.531
7200000         151.429
7210000         158.069
7220000         158.207
7230000         141.345
7240000         161.271
7250000         144.951
7260000          140.76
7270000         151.893
7280000         156.329
7290000         145.499
7300000         164.894
7310000         142.714
7320000         146.939
7330000         159.329
7340000         140.027
7350000          152.17
7360000         151.179
7370000          151.12
7380000         177.343
7390000         146.052
7400000         143.664
7410000         146.257
7420000         146.974
7430000         162.793
7440000         146.533
7450000          146.24
7460000         155.846
7470000         150.126
7480000         141.182
7490000         143.283
7500000          146.89
7510000         141.247
7520000         148.616
7530000         150.794
7540000         134.908
7550000         151.407
7560000         151.512
7570000         144.023
7580000         149.445
7590000         134.526
7600000         146.873
7610000         147.711
7620000         145.048
7630000         155.879
7640000         137.293
7650000         148.904
7660000         133.768
7670000         132.848
7680000         142.778
7690000         141.289
7700000         144.967
7710000          140.82
7720000         136.802
7730000         147.386
7740000         146.489
7750000         159.206
7760000          163.15
7770000         137.061
7780000         159.198
7790000         166.213
7800000         142.707
7810000         140.258
7820000         152.244
7830000         170.598
7840000          144.53
7850000         146.879
7860000         156.834
7870000         154.664
7880000         143.499
7890000         140.776
7900000         154.124
7910000         155.497
7920000         173.269
7930000         149.197
7940000          159.04
7950000         148.296
7960000         145.259
7970000         175.705
7980000         169.744
7990000         172.105
8000000         176.194
8010000         169.992
8020000         175.076
8030000         173.535
8040000         137.224
8050000         159.531
8060000         145.058
8070000         142.746
8080000         156.733
8090000         143.982
8100000         163.601
8110000         157.174
8120000         154.204
8130000         151.689
8140000         143.696
8150000         137.315
8160000         163.635
8170000         172.379
8180000         147.194
8190000         136.421
8200000          148.92
8210000          135.68
8220000         146.035
8230000         143.747
8240000         157.812
8250000         150.243
8260000          153.29
8270000         145.561
8280000         144.164
8290000         143.556
8300000         149.796
8310000         149.872
8320000         139.959
8330000         154.223
8340000          160.59
8350000         146.758
8360000         151.492
8370000         146.965
8380000         160.804
8390000         149.149
8400000         145.987
8410000         150.348
8420000         140.371
8430000         148.014
8440000         171.643
8450000         168.838
8460000         157.421
8470000         149.591
8480000         137.497
8490000          158.03
8500000         155.175
8510000          155.51
8520000         172.117
8530000         153.891
8540000         139.996
8550000         158.952
8560000         160.018
8570000         142.515
8580000         153.892
8590000         151.131
8600000         162.026
8610000         148.285
8620000         154.083
8630000         158.862
8640000         156.503
8650000         150.788
8660000         168.701
8670000         159.997
8680000         157.819
8690000         162.943
8700000           163.6
8710000         160.289
8720000         162.196
8730000         150.447
8740000         138.726
8750000         142.028
8760000         139.177
8770000         151.622
8780000         149.929
8790000         163.405
8800000         146.636
8810000         160.099
8820000         160.092
8830000         149.687
8840000          147.61
8850000         144.764
8860000         146.661
8870000          156.26
8880000         147.536
8890000         130.017
8900000         144.164
8910000         142.567
8920000         141.321
8930000         144.211
8940000         141.036
8950000          158.05
8960000         159.738
8970000         146.879
8980000          152.36
8990000         148.105
9000000         164.107
9010000         153.917
9020000         163.634
9030000         155.808
9040000         158.767
9050000         147.208
9060000         165.316
9070000         158.187
9080000          143.38
9090000          158.85
9100000         147.147
9110000          142.88
9120000         159.905
9130000         145.006
9140000         145.237
9150000         159.849
9160000         155.978
9170000         158.135
9180000         168.186
9190000         156.759
9200000         148.845
9210000         145.779
9220000         152.709
9230000         160.674
9240000         151.982
9250000         167.311
9260000         173.343
9270000         157.006
9280000         152.336
9290000         173.508
9300000          156.61
9310000         144.284
9320000         145.252
9330000          154.03
9340000         158.418
9350000         166.936
9360000         155.925
9370000         142.059
9380000         149.935
9390000         147.997
9400000         135.545
9410000         150.245
9420000         150.153
9430000         139.301
9440000         153.094
9450000         159.075
9460000         152.591
9470000         151.925
9480000         150.697
9490000         136.224
9500000         142.518
9510000         156.994
9520000         151.312
9530000         156.851
9540000         156.627
9550000         145.087
9560000         145.943
9570000         137.996
9580000         154.426
9590000          157.87
9600000         135.694
9610000         142.793
9620000          154.45
9630000         149.075
9640000         149.222
9650000         157.127
9660000         142.108
9670000         162.831
9680000         167.789
9690000         143.346
9700000         147.631
9710000         144.682
9720000         146.385
9730000         149.997
9740000           140.4
9750000         154.937
9760000         135.899
9770000         159.041
9780000         152.515
9790000          157.64
9800000         137.025
9810000           146.1
9820000         144.923
9830000         140.898
9840000         146.932
9850000         168.114
9860000           148.9
9870000         157.342
9880000         150.985
9890000         155.812
9900000         139.048
9910000         144.184
9920000         170.906
9930000         156.313
9940000         144.979
9950000         142.298
9960000         149.092
9970000         161.704
9980000         145.744
9990000         144.509
