0         515.909
10000         133.272
20000         123.062
30000         118.016
40000         113.295
50000         110.592
60000         111.111
70000          111.94
80000         110.046
90000         110.813
100000         108.438
110000         107.957
120000         104.364
130000         103.686
140000         102.879
150000         101.201
160000         100.421
170000         102.067
180000         100.923
190000         98.2244
200000         87.8778
210000         86.8474
220000         85.8257
230000         87.2967
240000         85.6399
250000         85.9786
260000         86.7709
270000         86.3549
280000         86.1505
290000         85.2248
300000          98.789
310000         99.7923
320000         99.4739
330000         100.065
340000         100.431
350000         99.1192
360000          98.913
370000         97.4608
380000         98.4386
390000         98.3435
400000         88.0036
410000         86.4588
420000          86.455
430000         88.0591
440000         87.1802
450000         86.7905
460000         85.9231
470000         90.0337
480000         86.3307
490000         86.8929
500000         85.6865
510000         84.9976
520000         86.3515
530000          84.009
540000         83.3501
550000         83.2295
560000         83.7768
570000         84.7953
580000          83.653
590000         83.5056
600000         83.6218
610000         87.2273
620000         84.6832
630000         83.8841
640000         84.2709
650000         84.9545
660000         83.3208
670000         84.0376
680000         85.0969
690000         83.0136
700000         83.8041
710000         85.9986
720000         87.0261
730000         87.0863
740000         85.8027
750000         84.5205
760000         84.1135
770000         84.7511
780000         84.8284
790000         85.3485
800000          84.866
810000         85.8888
820000         85.0167
830000         85.9483
840000         85.7635
850000         86.2206
860000         87.2461
870000         86.6599
880000         85.9493
890000         87.9639
900000         87.7744
910000         88.8783
920000         86.3984
930000         87.6466
940000         87.0483
950000         85.7196
960000         85.3002
970000         86.1174
980000         87.1982
990000         85.5534
1000000         85.0135
1010000         85.3961
1020000         83.2007
1030000         82.2502
1040000         83.6545
1050000         82.9626
1060000         81.1986
1070000         81.4081
1080000         81.5288
1090000         81.4691
1100000         80.5465
1110000         82.0488
1120000         82.1251
1130000           81.73
1140000         81.7326
1150000         81.7356
1160000         81.3583
1170000         81.5743
1180000         81.6057
1190000          81.825
1200000         76.0163
1210000         72.8614
1220000         72.4299
1230000         71.0813
1240000         71.2063
1250000         70.8934
1260000         71.2942
1270000         71.3638
1280000         70.1726
1290000          70.886
1300000         79.4201
1310000         78.7331
1320000         79.4785
1330000         80.5358
1340000         80.9945
1350000         79.5402
1360000         79.7063
1370000         79.6863
1380000         79.4336
1390000         78.9309
1400000         79.6007
1410000         81.7069
1420000         80.9666
1430000         81.6599
1440000         81.6281
1450000         81.0728
1460000         83.4202
1470000         80.8545
1480000         81.3154
1490000          81.326
1500000         81.2487
1510000         79.5309
1520000         81.2856
1530000         81.1086
1540000         81.9768
1550000         81.3533
1560000         80.8115
1570000         80.8976
1580000         81.1293
1590000         81.4717
1600000         81.0009
1610000         80.1182
1620000         80.3565
1630000         81.5552
1640000         82.0636
1650000         81.8278
1660000          81.508
1670000         79.7734
1680000         80.9262
1690000         80.1374
1700000         79.8999
1710000         79.0262
1720000         79.2269
1730000         79.5889
1740000         80.8399
1750000         79.7064
1760000         80.0445
1770000         78.0279
1780000          78.475
1790000         77.5549
1800000         78.1204
1810000         78.2235
1820000         78.9608
1830000         77.6719
1840000         76.9213
1850000         78.6622
1860000          78.131
1870000         78.9057
1880000         78.3041
1890000         77.5322
1900000         78.1661
1910000         80.6826
1920000         79.2935
1930000         78.0379
1940000         78.5422
1950000         78.6569
1960000         79.2689
1970000         78.9266
1980000         77.8948
1990000         77.0126
2000000          78.767
2010000         77.1472
2020000         77.1833
2030000         77.5858
2040000          77.844
2050000         78.0335
2060000          78.274
2070000         76.0841
2080000         75.9744
2090000          76.967
2100000         78.0033
2110000         76.4129
2120000         75.6497
2130000         76.8505
2140000         76.8078
2150000         77.0815
2160000         75.0997
2170000         75.5266
2180000         77.2177
2190000         76.1624
2200000         77.6648
2210000         77.0021
2220000         78.3605
2230000         75.8115
2240000         76.4407
2250000         75.5866
2260000         75.0977
2270000          75.535
2280000         77.4409
2290000          77.936
2300000         75.8754
2310000         75.3005
2320000         76.6833
2330000         75.3908
2340000          75.861
2350000         75.5172
2360000         75.3639
2370000          75.703
2380000         74.9644
2390000         74.9889
2400000         74.7353
2410000          75.527
2420000         75.8929
2430000         76.3177
2440000         74.3051
2450000         73.9476
2460000         74.5703
2470000         74.4109
2480000          74.561
2490000         74.5506
2500000         74.7864
2510000          76.083
2520000         75.6506
2530000          76.232
2540000          75.709
2550000         74.9398
2560000           76.13
2570000         75.1741
2580000         74.9348
2590000         74.3187
2600000         74.8456
2610000         75.3869
2620000         75.9012
2630000         75.8904
2640000         76.3562
2650000         74.3466
2660000         74.8274
2670000         74.7586
2680000         75.5486
2690000         74.8662
2700000         75.1216
2710000         75.3839
2720000         76.0902
2730000         76.1873
2740000         76.9853
2750000          75.569
2760000         74.4981
2770000         74.0967
2780000         74.9714
2790000         74.9749
2800000         75.8501
2810000         76.3548
2820000         75.9208
2830000         75.7661
2840000         75.8893
2850000         76.8429
2860000         76.3032
2870000         74.4365
2880000         77.0144
2890000         75.8135
2900000         74.9258
2910000         74.3872
2920000         75.4292
2930000         76.0069
2940000         74.3984
2950000         74.6232
2960000         75.9252
2970000         75.3696
2980000          75.125
2990000         75.2399
3000000         76.4996
3010000         74.6776
3020000         76.0035
3030000         75.0141
3040000         74.3143
3050000         75.2472
3060000         74.5816
3070000         74.2019
3080000         74.3636
3090000         74.7704
3100000         74.6911
3110000         75.2626
3120000          75.267
3130000         76.2085
3140000         74.6629
3150000         74.5852
3160000         74.5445
3170000         74.9685
3180000         76.5196
3190000         75.3418
3200000         76.2707
3210000         75.2631
3220000         76.0056
3230000         75.6693
3240000         77.1828
3250000         75.7256
3260000         74.1885
3270000         75.3501
3280000         75.8267
3290000         75.3182
3300000         74.9738
3310000         75.6193
3320000          75.214
3330000         74.5461
3340000           74.52
3350000         76.4873
3360000         75.2656
3370000         75.5625
3380000         76.7439
3390000         74.6106
3400000         75.9718
3410000          75.357
3420000         75.9363
3430000         74.1044
3440000         74.1646
3450000         73.9159
3460000         74.6322
3470000         75.6312
3480000         74.1901
3490000         74.2831
3500000         75.7625
3510000         73.6794
3520000         74.3008
3530000         74.9436
3540000         73.6012
3550000         73.9165
3560000         74.6164
3570000         74.6438
3580000         75.8125
3590000         75.2684
3600000         74.1013
3610000         73.9317
3620000         75.7404
3630000         75.0575
3640000         75.1135
3650000         74.8351
3660000         74.3505
3670000         74.1524
3680000         75.1812
3690000         73.8143
3700000         75.6085
3710000         75.7305
3720000         75.7247
3730000         75.0844
3740000         74.5125
3750000         74.8048
3760000          75.281
3770000         75.4729
3780000         75.1968
3790000         75.3979
3800000         76.4657
3810000          75.671
3820000         75.7545
3830000         76.2628
3840000         75.6217
3850000         75.3625
3860000         74.9829
3870000         74.8333
3880000         75.0668
3890000         75.3231
3900000         76.9903
3910000          78.235
3920000         76.1374
3930000         77.5963
3940000         74.6235
3950000         74.8389
3960000         74.1056
3970000         74.6958
3980000         74.1439
3990000         75.2749
4000000         75.6973
4010000         75.1734
4020000         76.0635
4030000         75.7315
4040000         74.9389
4050000         74.6402
4060000         75.1781
4070000         74.0212
4080000         75.2736
4090000          74.801
4100000         76.6326
4110000          75.649
4120000         75.4324
4130000         75.8166
4140000         74.8919
4150000         75.2823
4160000          74.929
4170000         74.8808
4180000         74.4208
4190000         75.9076
4200000         75.5512
4210000         75.4313
4220000         75.7475
4230000         74.8577
4240000         75.2986
4250000         74.8129
4260000         75.2287
4270000         74.7903
4280000         74.0742
4290000         74.7898
4300000         75.1645
4310000         74.0454
4320000         74.3387
4330000         74.5984
4340000         74.7302
4350000         75.3696
4360000         75.5626
4370000         74.6461
4380000         74.5757
4390000         74.8824
4400000         75.1699
4410000         74.8114
4420000         75.0524
4430000         74.4917
4440000         74.9212
4450000         75.5614
4460000         74.5741
4470000         74.1592
4480000         75.4448
4490000         74.6416
4500000         74.8425
4510000         76.3306
4520000         75.1501
4530000         75.7966
4540000          76.378
4550000         76.0827
4560000         74.1055
4570000         76.1263
4580000         75.8561
4590000         75.6233
4600000         75.7734
4610000         74.8524
4620000         75.8811
4630000         76.4173
4640000         76.4945
4650000         77.3892
4660000          76.247
4670000         75.9958
4680000         74.5246
4690000         74.4676
4700000         74.8129
4710000         74.7265
4720000          74.822
4730000         76.1241
4740000         75.8657
4750000         75.7205
4760000         75.8217
4770000         77.3015
4780000           76.17
4790000         74.6923
4800000         74.0985
4810000         74.6008
4820000         74.2516
4830000         74.6294
4840000         74.1987
4850000         74.6685
4860000         75.0789
4870000         74.7786
4880000         75.5242
4890000         74.6495
4900000         75.5527
4910000         75.5484
4920000         76.2082
4930000         75.6729
4940000         75.0909
4950000         76.7629
4960000         74.5637
4970000         74.9924
4980000         74.6777
4990000         76.0597
5000000         74.5854
5010000         73.8508
5020000         74.2954
5030000         74.7542
5040000         75.3186
5050000         74.9322
5060000         74.5668
5070000         75.9764
5080000         74.2462
5090000         75.1623
5100000         74.8697
5110000         74.5275
5120000         74.3949
5130000         74.1474
5140000         73.6998
5150000         75.3475
5160000         75.5996
5170000         74.5928
5180000         75.7463
5190000         76.0951
5200000         75.9455
5210000         74.2896
5220000         74.1598
5230000         74.5735
5240000         75.2172
5250000         75.4032
5260000         75.3675
5270000         74.2329
5280000         75.4983
5290000         74.9288
5300000         75.8742
5310000         75.5732
5320000         75.3036
5330000         75.7122
5340000         75.3678
5350000         74.3677
5360000         74.9761
5370000         75.4991
5380000         74.9941
5390000         74.3082
5400000         75.5592
5410000         74.5193
5420000         74.8528
5430000         75.5931
5440000         74.5468
5450000         75.0381
5460000         74.8477
5470000           76.28
5480000          75.034
5490000         75.2353
5500000         76.3079
5510000         74.8709
5520000         75.2977
5530000         74.3805
5540000         74.0215
5550000         73.6993
5560000         74.8374
5570000          75.403
5580000         75.3621
5590000         75.0216
5600000         74.9657
5610000          76.127
5620000           75.27
5630000         74.8737
5640000         74.5085
5650000         73.6437
5660000         73.7126
5670000         74.2292
5680000         74.0346
5690000         75.1455
5700000         74.8492
5710000         73.9786
5720000         74.7342
5730000          74.419
5740000         74.5172
5750000         74.7755
5760000         74.2184
5770000         74.2095
5780000         74.8257
5790000          74.505
5800000         75.0434
5810000         75.1238
5820000         74.7463
5830000         74.4815
5840000         75.1212
5850000         73.8858
5860000         75.0314
5870000         75.6868
5880000         76.0038
5890000         75.2808
5900000         74.0979
5910000         74.6716
5920000         74.3541
5930000         74.2144
5940000          75.394
5950000         75.4941
5960000         75.0117
5970000         74.6317
5980000         74.5068
5990000         74.2873
6000000         74.7992
6010000           76.13
6020000         75.6864
6030000         76.2207
6040000         76.5302
6050000         75.6483
6060000         75.2569
6070000         77.1096
6080000         75.5778
6090000         74.8047
6100000         75.7555
6110000         74.6972
6120000         74.5672
6130000         74.5268
6140000         74.7519
6150000         75.1287
6160000          75.332
6170000         74.4709
6180000         75.0172
6190000         75.3381
6200000         77.4057
6210000         75.4795
6220000         74.3441
6230000         76.4904
6240000          75.869
6250000         75.6154
6260000         75.0882
6270000         75.3268
6280000         75.7738
6290000         75.8064
6300000         75.2748
6310000         75.7752
6320000         75.5018
6330000         74.7789
6340000         76.1635
6350000         75.2547
6360000         75.5164
6370000         75.2327
6380000         74.1593
6390000         75.9215
6400000         75.5609
6410000         75.2319
6420000         74.5753
6430000         75.6353
6440000         74.9106
6450000         75.2308
6460000          75.953
6470000         76.0792
6480000         75.9296
6490000         75.7952
6500000         74.9344
6510000         75.7161
6520000         75.0985
6530000         76.9994
6540000         76.5995
6550000         74.6788
6560000         73.7957
6570000         75.2054
6580000         74.8028
6590000         74.6415
6600000         74.1193
6610000         75.7959
6620000         75.6571
6630000         74.7904
6640000         75.1854
6650000         76.3727
6660000         75.1403
6670000         75.0923
6680000         75.2339
6690000         75.6496
6700000          74.438
6710000         74.8184
6720000         76.8419
6730000         76.1708
6740000         76.6798
6750000         76.1519
6760000         76.0874
6770000         75.9682
6780000         75.4497
6790000         73.3225
6800000           73.43
6810000          73.816
6820000         73.8644
6830000         74.6242
6840000         74.5698
6850000         74.3067
6860000         75.0681
6870000         75.1776
6880000         75.7117
6890000         76.7148
6900000         75.7551
6910000          75.895
6920000         75.0253
6930000         76.1018
6940000         74.7753
6950000         74.4234
6960000          75.182
6970000         74.5131
6980000         74.9422
6990000         74.9449
7000000         75.9662
7010000         74.0565
7020000         75.6259
7030000         75.1803
7040000         74.9174
7050000         73.7229
7060000         73.9729
7070000         74.1434
7080000         74.6735
7090000         75.9829
7100000         75.0996
7110000         73.6144
7120000          74.133
7130000         73.5923
7140000         74.4174
7150000         74.0923
7160000         74.0004
7170000         75.0047
7180000         75.1699
7190000         74.2872
7200000         74.9606
7210000         75.1208
7220000         75.6098
7230000         75.1658
7240000         75.6203
7250000         74.7166
7260000         75.1484
7270000         74.6369
7280000         75.9779
7290000         75.1816
7300000         73.8681
7310000         74.8145
7320000         75.5624
7330000         75.0188
7340000         76.3084
7350000          74.464
7360000         75.4781
7370000         75.4461
7380000         76.7423
7390000         74.2033
7400000         74.6259
7410000          74.654
7420000         75.1881
7430000         75.0972
7440000         75.5594
7450000         76.2026
7460000         74.6373
7470000         75.2094
7480000          74.031
7490000         74.5385
7500000         74.1161
7510000         74.1079
7520000         74.3934
7530000         74.8873
7540000         74.9564
7550000         74.1187
7560000         74.2992
7570000         74.3642
7580000         73.4759
7590000         73.5445
7600000         73.0589
7610000         73.9691
7620000         74.3972
7630000         74.4834
7640000         74.8573
7650000         75.0129
7660000         73.7172
7670000         74.2387
7680000         73.2149
7690000           72.75
7700000         75.5323
7710000         73.5449
7720000         73.9515
7730000         73.7036
7740000         74.9995
7750000         73.5065
7760000         73.3083
7770000         73.6846
7780000         72.8304
7790000         73.5302
7800000         77.1695
7810000          75.967
7820000         76.7333
7830000         75.9625
7840000         74.7382
7850000         74.7765
7860000         75.0243
7870000          75.218
7880000         74.2235
7890000         74.5456
7900000         74.9102
7910000         75.1828
7920000         75.1097
7930000         75.8732
7940000          75.945
7950000         76.0361
7960000         76.4764
7970000         77.0761
7980000         77.6877
7990000         76.1952
8000000          74.906
8010000         74.9945
8020000         74.6837
8030000           75.25
8040000         74.8717
8050000         74.5723
8060000         75.1918
8070000         76.2141
8080000         76.9888
8090000         77.5616
8100000         76.3568
8110000         77.6813
8120000         76.8509
8130000         76.5915
8140000          75.282
8150000         76.0023
8160000         75.9759
8170000         76.0474
8180000         75.7017
8190000         76.5162
8200000         76.0464
8210000         74.8973
8220000         76.0376
8230000         77.0617
8240000         76.8811
8250000         76.1449
8260000         75.3924
8270000         75.5654
8280000         75.6693
8290000         75.4717
8300000         76.6332
8310000         76.4283
8320000         75.4779
8330000         75.4804
8340000         75.8779
8350000         76.6022
8360000         76.3033
8370000         76.2482
8380000         75.8614
8390000         75.5127
8400000         76.2906
8410000         75.6947
8420000         74.6746
8430000         75.8481
8440000         75.3934
8450000          75.736
8460000         75.7802
8470000         74.8843
8480000         75.1502
8490000         75.1788
8500000         75.1682
8510000         75.7758
8520000         74.9179
8530000         76.5535
8540000         74.6326
8550000          75.105
8560000         74.4455
8570000         74.8747
8580000          75.088
8590000         75.3192
8600000         75.3806
8610000         74.3618
8620000         74.6876
8630000         75.6811
8640000         75.9664
8650000         76.6755
8660000         74.6968
8670000          74.615
8680000         74.2696
8690000         74.7468
8700000         74.6123
8710000         75.0471
8720000         75.6897
8730000         75.5381
8740000         74.7575
8750000         75.1486
8760000         76.0503
8770000         75.1622
8780000         75.6351
8790000         74.3218
8800000         74.9165
8810000         74.5512
8820000         76.1155
8830000         76.1987
8840000          75.524
8850000         76.1999
8860000         75.0681
8870000         75.1989
8880000         76.2953
8890000         75.9482
8900000         75.6778
8910000         75.9087
8920000         75.3522
8930000         74.6178
8940000         76.3815
8950000         75.0576
8960000          74.398
8970000          73.956
8980000         73.9928
8990000         75.7286
9000000         67.9472
9010000         69.5054
9020000         70.0448
9030000          69.081
9040000         70.5117
9050000         70.4308
9060000         69.7521
9070000         69.5985
9080000         69.2488
9090000          69.856
9100000         71.3507
9110000         71.6446
9120000         71.2454
9130000         75.3627
9140000         72.7271
9150000         72.0022
9160000         70.9825
9170000         71.4007
9180000          71.951
9190000         72.0278
9200000           71.45
9210000         71.4537
9220000         70.2836
9230000          70.742
9240000         70.6908
9250000         70.6879
9260000         70.6827
9270000         70.4876
9280000          71.527
9290000         70.6923
9300000          70.162
9310000         71.2991
9320000          71.952
9330000         71.7541
9340000         71.7269
9350000         70.5341
9360000         70.5285
9370000         71.4042
9380000         70.5007
9390000         71.1615
9400000          71.618
9410000         73.0834
9420000         72.0547
9430000         71.5872
9440000         72.1062
9450000         71.4953
9460000         71.2318
9470000          70.478
9480000         71.1355
9490000          70.483
9500000         70.7144
9510000         70.7461
9520000         73.3606
9530000         70.5242
9540000         70.8742
9550000         72.4348
9560000         70.0898
9570000         70.9431
9580000         69.9846
9590000         69.2236
9600000         69.6994
9610000         70.5119
9620000         70.6107
9630000         70.9788
9640000         71.5361
9650000         71.2078
9660000         71.0286
9670000         71.3143
9680000           70.75
9690000         70.7426
9700000         70.4442
9710000         70.3875
9720000         70.1163
9730000         69.3153
9740000         68.9247
9750000         69.0027
9760000         70.8685
9770000         71.0581
9780000          70.055
9790000         69.9298
9800000         69.5494
9810000         69.1949
9820000          68.882
9830000         68.9029
9840000         69.1543
9850000         69.6897
9860000         70.3615
9870000         69.6905
9880000         70.1134
9890000         69.9425
9900000         69.4103
9910000         69.8327
9920000         69.5725
9930000         70.4299
9940000         69.5297
9950000         70.1521
9960000         69.1626
9970000         69.6942
9980000         70.0088
9990000         70.8142
