0         515.909
10000         228.201
20000         225.901
30000         214.219
40000         229.124
50000         218.703
60000         232.831
70000         210.823
80000         239.234
90000         232.675
100000          217.63
110000         201.217
120000         227.007
130000         210.607
140000         214.502
150000          219.68
160000         223.851
170000         205.836
180000         226.444
190000          196.96
200000         227.764
210000         200.945
220000         206.678
230000         220.958
240000         210.086
250000         206.655
260000         207.566
270000         212.313
280000         200.951
290000         236.597
300000         212.852
310000         225.672
320000         224.334
330000         246.637
340000         203.783
350000         217.147
360000         205.373
370000         263.696
380000         233.705
390000         238.573
400000         198.395
410000         196.955
420000         226.118
430000         235.824
440000         237.495
450000         226.373
460000         232.419
470000         212.773
480000         211.335
490000         210.256
500000         214.706
510000         243.698
520000         234.458
530000         219.056
540000         232.228
550000         211.803
560000          262.26
570000         250.453
580000         248.394
590000         220.589
600000         227.327
610000         234.588
620000         221.423
630000         199.963
640000          217.51
650000         238.237
660000         199.012
670000         209.236
680000         216.323
690000         217.571
700000         214.457
710000         222.366
720000         213.589
730000         208.007
740000         232.225
750000         207.446
760000         206.385
770000         234.144
780000         218.276
790000         188.458
800000         186.559
810000         204.164
820000         222.846
830000         236.751
840000         226.502
850000         220.811
860000         216.717
870000         244.168
880000         229.688
890000         235.496
900000         230.218
910000         202.839
920000         204.042
930000         199.178
940000         224.863
950000         225.929
960000          219.31
970000         217.909
980000         209.916
990000         210.558
1000000         204.572
1010000         204.271
1020000         238.898
1030000         208.977
1040000         208.606
1050000         207.643
1060000           234.2
1070000         220.831
1080000         214.104
1090000         225.307
1100000          208.71
1110000         231.029
1120000         212.773
1130000         226.483
1140000         210.886
1150000         220.049
1160000         224.607
1170000         206.765
1180000         208.804
1190000         234.186
1200000         212.139
1210000         224.614
1220000         238.391
1230000         234.242
1240000         233.103
1250000         212.739
1260000         224.409
1270000          215.58
1280000          214.81
1290000         220.189
1300000         235.418
1310000         220.371
1320000          226.75
1330000          240.35
1340000         228.817
1350000         223.516
1360000         222.292
1370000         232.433
1380000         217.129
1390000         232.553
1400000         215.711
1410000         204.379
1420000         205.762
1430000         216.078
1440000         207.098
1450000         223.307
1460000         219.843
1470000         195.663
1480000         205.831
1490000         191.153
1500000         223.407
1510000         242.827
1520000         212.982
1530000         236.894
1540000         224.655
1550000         227.659
1560000         210.528
1570000         207.525
1580000         212.422
1590000         237.406
1600000         190.674
1610000         193.478
1620000          219.51
1630000         213.377
1640000         206.483
1650000         207.018
1660000         217.145
1670000         234.049
1680000         215.473
1690000         206.928
1700000         202.537
1710000         219.166
1720000         180.583
1730000         215.896
1740000         199.675
1750000          236.91
1760000         206.012
1770000         217.527
1780000         220.243
1790000         206.781
1800000         220.386
1810000         234.441
1820000         205.727
1830000         210.559
1840000         223.322
1850000         229.616
1860000         222.937
1870000         224.848
1880000         221.432
1890000         230.043
1900000         214.962
1910000         222.194
1920000         221.934
1930000         209.217
1940000         210.954
1950000         218.837
1960000         219.931
1970000         224.125
1980000         207.016
1990000         219.593
2000000         220.096
2010000         214.112
2020000         214.159
2030000          232.47
2040000         207.085
2050000          187.68
2060000         205.171
2070000         238.185
2080000         214.677
2090000         218.083
2100000         201.802
2110000         200.743
2120000         209.894
2130000          261.58
2140000         183.765
2150000          199.23
2160000         209.949
2170000         220.714
2180000         207.385
2190000         241.746
2200000          216.99
2210000         226.101
2220000         230.306
2230000         232.485
2240000         225.988
2250000         221.377
2260000         207.979
2270000         198.491
2280000         213.469
2290000         204.081
2300000         206.961
2310000         225.586
2320000         197.171
2330000         190.952
2340000         212.913
2350000         209.575
2360000         245.882
2370000         210.599
2380000         210.058
2390000         224.897
2400000          213.32
2410000          208.78
2420000         214.473
2430000         202.636
2440000         202.654
2450000         191.208
2460000          200.12
2470000         209.189
2480000         227.524
2490000         218.657
2500000         231.434
2510000         222.408
2520000          215.29
2530000         220.563
2540000         237.757
2550000         221.958
2560000         224.967
2570000         218.414
2580000         231.806
2590000         221.512
2600000          219.63
2610000         229.667
2620000         188.277
2630000         218.176
2640000         212.988
2650000         202.533
2660000         214.651
2670000         210.422
2680000          211.54
2690000         220.874
2700000         226.751
2710000         209.388
2720000         227.637
2730000          215.97
2740000         206.961
2750000         223.922
2760000         221.451
2770000         236.702
2780000         230.908
2790000         239.114
2800000         238.631
2810000         211.783
2820000         233.729
2830000         255.137
2840000         212.669
2850000         235.565
2860000         213.481
2870000         208.984
2880000         229.326
2890000         217.812
2900000         225.404
2910000         195.794
2920000         223.042
2930000          222.48
2940000         246.429
2950000         212.437
2960000          250.14
2970000         196.684
2980000          199.16
2990000         210.404
3000000         225.201
3010000         195.811
3020000          246.13
3030000         201.666
3040000          201.36
3050000         200.217
3060000         233.889
3070000         214.129
3080000         224.913
3090000         250.403
3100000         197.213
3110000         220.397
3120000          252.62
3130000         208.948
3140000         214.239
3150000         222.074
3160000         219.466
3170000         234.916
3180000         236.698
3190000          196.58
3200000         238.677
3210000         212.344
3220000         203.692
3230000         202.168
3240000         234.268
3250000         232.991
3260000         215.323
3270000          215.53
3280000         203.657
3290000         225.638
3300000         201.748
3310000         200.839
3320000         226.425
3330000         206.503
3340000          212.95
3350000          223.75
3360000         205.656
3370000         207.211
3380000         237.722
3390000         221.565
3400000         215.775
3410000         196.132
3420000         223.673
3430000         244.333
3440000         197.802
3450000         236.127
3460000         225.769
3470000         215.199
3480000         223.739
3490000         230.514
3500000         200.565
3510000         216.917
3520000         213.467
3530000         200.774
3540000          211.37
3550000         220.572
3560000         221.283
3570000         221.159
3580000         234.148
3590000          202.76
3600000         200.224
3610000         203.944
3620000         217.248
3630000         217.665
3640000         199.318
3650000         213.788
3660000         225.662
3670000         219.244
3680000         244.658
3690000         204.201
3700000         227.708
3710000         221.293
3720000         201.225
3730000         226.956
3740000         206.745
3750000         216.437
3760000         244.167
3770000          188.08
3780000         201.136
3790000         210.877
3800000         214.949
3810000         236.636
3820000         197.141
3830000         194.072
3840000         212.973
3850000         207.488
3860000         202.242
3870000         203.097
3880000         223.609
3890000         225.047
3900000         234.575
3910000         219.567
3920000         214.755
3930000         217.382
3940000         217.033
3950000         198.595
3960000         226.111
3970000         193.736
3980000         241.454
3990000         213.264
4000000         245.039
4010000         235.217
4020000         199.833
4030000         212.479
4040000         218.862
4050000         206.855
4060000         224.034
4070000         206.171
4080000         205.635
4090000          211.92
4100000         209.721
4110000         234.239
4120000         165.313
4130000         201.502
4140000         239.355
4150000         174.012
4160000         193.612
4170000          251.02
4180000         223.282
4190000         224.985
4200000         213.634
4210000         224.993
4220000         229.614
4230000         194.301
4240000         207.279
4250000         214.444
4260000         232.425
4270000         220.214
4280000           207.2
4290000          216.36
4300000         186.875
4310000         220.712
4320000          218.05
4330000         229.291
4340000         193.631
4350000         219.161
4360000         211.948
4370000         226.856
4380000         227.064
4390000         229.964
4400000          184.45
4410000          229.73
4420000         246.947
4430000         219.341
4440000         211.779
4450000         217.563
4460000         202.428
4470000         192.706
4480000         224.444
4490000         230.952
4500000          225.43
4510000         221.245
4520000         228.819
4530000         217.703
4540000         210.943
4550000         194.539
4560000         220.217
4570000         216.336
4580000         207.558
4590000         221.815
4600000         202.675
4610000         198.599
4620000         218.856
4630000         232.211
4640000         215.097
4650000         240.206
4660000         206.081
4670000         223.597
4680000         225.061
4690000         207.285
4700000         232.373
4710000          223.98
4720000         189.997
4730000         219.343
4740000         235.149
4750000         197.303
4760000          215.37
4770000         204.173
4780000         207.264
4790000         216.838
4800000         219.489
4810000         195.603
4820000         225.523
4830000         202.574
4840000         229.018
4850000          227.92
4860000         243.546
4870000         197.505
4880000         204.387
4890000         222.939
4900000           203.8
4910000         196.799
4920000         224.659
4930000          219.94
4940000         206.182
4950000          222.86
4960000         200.429
4970000         202.687
4980000         222.351
4990000          224.84
5000000         234.429
5010000          205.31
5020000         232.948
5030000         220.412
5040000         209.488
5050000         227.262
5060000         189.582
5070000         193.118
5080000          218.01
5090000         216.986
5100000         206.595
5110000         229.576
5120000         227.919
5130000          217.69
5140000         234.657
5150000          235.84
5160000         205.934
5170000         222.903
5180000         208.408
5190000         208.674
5200000          206.38
5210000         201.489
5220000         246.827
5230000         218.199
5240000         207.397
5250000          231.67
5260000         194.259
5270000          230.38
5280000         220.147
5290000         253.126
5300000         238.544
5310000         227.697
5320000         204.421
5330000         217.224
5340000         215.484
5350000         213.871
5360000         228.217
5370000         222.706
5380000         223.229
5390000         215.054
5400000         210.202
5410000         204.725
5420000         228.981
5430000         228.593
5440000         214.354
5450000         201.465
5460000         225.212
5470000         212.015
5480000         238.855
5490000         211.532
5500000         202.198
5510000         216.714
5520000         216.395
5530000          210.59
5540000         203.059
5550000         192.014
5560000         221.671
5570000         227.698
5580000         214.773
5590000         219.796
5600000         231.427
5610000         194.578
5620000         229.365
5630000         237.133
5640000         217.021
5650000         232.355
5660000         240.575
5670000         220.465
5680000         237.319
5690000         215.839
5700000         199.503
5710000         223.642
5720000         224.312
5730000          222.71
5740000         211.624
5750000           222.7
5760000          216.82
5770000         215.138
5780000         198.121
5790000          199.56
5800000         224.537
5810000         221.235
5820000         235.113
5830000         254.981
5840000         211.717
5850000         223.329
5860000         208.404
5870000         199.316
5880000         232.258
5890000         220.214
5900000         231.883
5910000          233.87
5920000         233.751
5930000         208.404
5940000         209.427
5950000         220.403
5960000         218.506
5970000          209.66
5980000          194.23
5990000         206.402
6000000         204.761
6010000         177.972
6020000         220.648
6030000         232.706
6040000         197.319
6050000         216.508
6060000         212.105
6070000         219.807
6080000          242.98
6090000         211.098
6100000         221.065
6110000         221.777
6120000         203.712
6130000         224.267
6140000         198.936
6150000         209.471
6160000          216.42
6170000         220.736
6180000         216.114
6190000         208.506
6200000         218.948
6210000         210.566
6220000         225.578
6230000         216.018
6240000         210.821
6250000         235.704
6260000         226.241
6270000         229.559
6280000          229.32
6290000         206.891
6300000         196.925
6310000         206.681
6320000         207.686
6330000         218.816
6340000         194.188
6350000          215.92
6360000         199.136
6370000         205.722
6380000         228.903
6390000         217.479
6400000         212.442
6410000         223.071
6420000         221.355
6430000         216.994
6440000         245.763
6450000         225.316
6460000         194.733
6470000         190.893
6480000         228.939
6490000         218.234
6500000         210.412
6510000         215.309
6520000          220.14
6530000         231.622
6540000         217.784
6550000         223.407
6560000         236.151
6570000         210.443
6580000         206.815
6590000         210.379
6600000          227.62
6610000         203.731
6620000         191.029
6630000          220.59
6640000         232.458
6650000         197.375
6660000          229.27
6670000         192.935
6680000         207.226
6690000         216.975
6700000         211.907
6710000         215.914
6720000         229.112
6730000         205.494
6740000         218.982
6750000         192.176
6760000         220.191
6770000         224.065
6780000          207.16
6790000         234.411
6800000         216.362
6810000         222.932
6820000         212.257
6830000         216.259
6840000         194.421
6850000         212.968
6860000         226.873
6870000         223.298
6880000         200.671
6890000         230.843
6900000         213.697
6910000          211.17
6920000         225.509
6930000         213.062
6940000         216.173
6950000         235.442
6960000         234.428
6970000         207.931
6980000         224.825
6990000         211.877
7000000         225.247
7010000         221.576
7020000         215.105
7030000         196.367
7040000         219.238
7050000         211.164
7060000          224.38
7070000           211.2
7080000         219.657
7090000         215.957
7100000         236.147
7110000         220.734
7120000         213.972
7130000         208.556
7140000         224.433
7150000         210.866
7160000         201.561
7170000         203.594
7180000         221.891
7190000         225.318
7200000         215.508
7210000         225.182
7220000         222.349
7230000         210.796
7240000         203.361
7250000         205.384
7260000         206.905
7270000         198.799
7280000         216.812
7290000         233.211
7300000         222.454
7310000         237.601
7320000         239.514
7330000         231.949
7340000         208.218
7350000         225.337
7360000         212.391
7370000         220.204
7380000         224.059
7390000         222.686
7400000         224.289
7410000         208.491
7420000         231.102
7430000         210.461
7440000         200.455
7450000         236.172
7460000         206.488
7470000         197.672
7480000         213.759
7490000         193.586
7500000         214.343
7510000         219.589
7520000         214.555
7530000         203.566
7540000         223.057
7550000         254.795
7560000         201.014
7570000         231.832
7580000         222.229
7590000         206.898
7600000         220.794
7610000         237.486
7620000         196.243
7630000         234.536
7640000          201.19
7650000         200.108
7660000         220.655
7670000         211.324
7680000         208.229
7690000         222.443
7700000         239.722
7710000         216.423
7720000         231.233
7730000         208.264
7740000          211.78
7750000         218.883
7760000         201.186
7770000         215.099
7780000         201.658
7790000         210.786
7800000         229.151
7810000          191.42
7820000         225.695
7830000         220.504
7840000         235.183
7850000         219.782
7860000         214.681
7870000         225.233
7880000         210.672
7890000         214.558
7900000         202.417
7910000         232.427
7920000         208.562
7930000         220.999
7940000         215.148
7950000         213.994
7960000         214.083
7970000          243.83
7980000         214.168
7990000         202.141
8000000         206.493
8010000         188.814
8020000         222.814
8030000         223.888
8040000         195.729
8050000         213.562
8060000         228.469
8070000         210.296
8080000         221.172
8090000         225.958
8100000         217.885
8110000         219.834
8120000          215.34
8130000          216.34
8140000         217.014
8150000         203.714
8160000         223.447
8170000         223.921
8180000          215.18
8190000         199.908
8200000         230.936
8210000         233.832
8220000         206.974
8230000         216.686
8240000         237.955
8250000         214.063
8260000         189.186
8270000         195.296
8280000         222.103
8290000         214.402
8300000         222.837
8310000          205.93
8320000         210.319
8330000         219.987
8340000         224.408
8350000         196.927
8360000         216.887
8370000          232.69
8380000         240.681
8390000         222.596
8400000          203.79
8410000         246.689
8420000          224.79
8430000         203.126
8440000         211.164
8450000         246.201
8460000         215.053
8470000         236.805
8480000          212.28
8490000           194.3
8500000         199.155
8510000         231.631
8520000         208.649
8530000         199.008
8540000         201.173
8550000         200.689
8560000         213.927
8570000         222.635
8580000         226.474
8590000         208.365
8600000         189.206
8610000         207.903
8620000         219.393
8630000         214.745
8640000         226.498
8650000         192.063
8660000         212.422
8670000         224.812
8680000         242.485
8690000         224.231
8700000         201.774
8710000         234.407
8720000          219.48
8730000         196.347
8740000         199.181
8750000         201.068
8760000         224.932
8770000         208.321
8780000         184.563
8790000         219.487
8800000         205.311
8810000         214.358
8820000         224.689
8830000         223.607
8840000         224.987
8850000         254.756
8860000         241.284
8870000         217.618
8880000         225.698
8890000         198.498
8900000         208.977
8910000         220.882
8920000         201.724
8930000         189.825
8940000         197.401
8950000         218.233
8960000          208.59
8970000         218.352
8980000         191.463
8990000         212.748
9000000         211.049
9010000         234.263
9020000         225.821
9030000         215.514
9040000         214.588
9050000         227.314
9060000         210.587
9070000         224.978
9080000         225.265
9090000         209.254
9100000         207.987
9110000         239.219
9120000          205.97
9130000         202.779
9140000         194.142
9150000         207.515
9160000         222.569
9170000         222.543
9180000           207.9
9190000         236.455
9200000         223.356
9210000         202.676
9220000         195.535
9230000         220.007
9240000         219.395
9250000          203.22
9260000         232.894
9270000         217.475
9280000          213.91
9290000         193.896
9300000         191.664
9310000         220.221
9320000         222.242
9330000         206.475
9340000         240.186
9350000         212.348
9360000         217.165
9370000         222.725
9380000         225.004
9390000         231.698
9400000         207.791
9410000         225.167
9420000         223.972
9430000         216.787
9440000         195.712
9450000         212.705
9460000         216.454
9470000         243.537
9480000         218.277
9490000         212.877
9500000          222.68
9510000         222.595
9520000         222.286
9530000         226.888
9540000         219.246
9550000          239.99
9560000         219.463
9570000         232.071
9580000         245.424
9590000         249.218
9600000         241.432
9610000         233.605
9620000         218.076
9630000         251.223
9640000         223.518
9650000          228.44
9660000         217.255
9670000         233.094
9680000         216.341
9690000         236.269
9700000         234.162
9710000          227.06
9720000         208.233
9730000         233.033
9740000         226.979
9750000         200.108
9760000         206.303
9770000         218.803
9780000         206.814
9790000         197.974
9800000         214.742
9810000         255.344
9820000         209.141
9830000         218.958
9840000         215.718
9850000         239.216
9860000         204.209
9870000          252.14
9880000         217.493
9890000         222.317
9900000         212.752
9910000         191.682
9920000         199.453
9930000         185.564
9940000         229.203
9950000         218.628
9960000         206.246
9970000         207.308
9980000         227.129
9990000          206.68
